0 0.1765625 0.66796875 0.08125 0.0859375
0 0.3890625 0.665625 0.05625 0.09140625
0 0.1796875 0.8609375 0.128125 0.171875
0 0.60859375 0.5015625 0.0296875 0.046875
0 0.3453125 0.578125 0.046875 0.0609375
0 0.3640625 0.45390625 0.025 0.04140625
0 0.4296875 0.50859375 0.03125 0.04453125
0 0.45 0.45390625 0.025 0.0359375
0 0.40546875 0.4125 0.0171875 0.025
0 0.40234375 0.4640625 0.0203125 0.0390625
0 0.5421875 0.375 0.0125 0.01640625
0 0.42578125 0.425 0.0203125 0.028125
0 0.46875 0.390625 0.0125 0.01953125
0 0.540625 0.334375 0.00625 0.0140625
0 0.453125 0.38046875 0.0125 0.01640625
0 0.40625 0.3640625 0.00625 0.01640625
0 0.4421875 0.371875 0.009375 0.01640625
0 0.36875 0.3265625 0.009375 0.0140625
0 0.5359375 0.3625 0.009375 0.0140625
0 0.5046875 0.35546875 0.009375 0.01640625
0 0.5171875 0.32890625 0.009375 0.0140625
0 0.4734375 0.3140625 0.009375 0.01640625
0 0.47734375 0.38046875 0.0109375 0.01640625
0 0.55234375 0.3265625 0.0109375 0.0140625
0 0.4875 0.34140625 0.009375 0.01640625
0 0.46640625 0.365625 0.0109375 0.0140625
0 0.484375 0.36796875 0.009375 0.0140625
0 0.478125 0.3515625 0.009375 0.0140625
0 0.00390625 0.871875 0.0078125 0.1609375
0 0.4734375 0.3109375 0.00625 0.0109375