1 0.08125 0.759375 0.14375 0.1859375
1 0.4234375 0.5125 0.04375 0.0859375
1 0.39140625 0.40390625 0.0421875 0.08046875
1 0.48828125 0.334375 0.0109375 0.025
0 0.25234375 0.7125 0.0828125 0.096875
0 0.3640625 0.76640625 0.071875 0.11640625
0 0.66953125 0.5359375 0.0390625 0.0609375
0 0.26484375 0.5734375 0.0546875 0.0640625
0 0.3390625 0.56640625 0.046875 0.0609375
0 0.38984375 0.48359375 0.0328125 0.0390625
0 0.55 0.459375 0.025 0.0359375
0 0.5421875 0.4265625 0.021875 0.03046875
0 0.44296875 0.459375 0.0296875 0.0359375
0 0.4234375 0.39296875 0.015625 0.01953125
0 0.42109375 0.43203125 0.0234375 0.0359375
0 0.54140625 0.36953125 0.0109375 0.0109375
0 0.45 0.3890625 0.015625 0.01640625
0 0.45546875 0.428125 0.0234375 0.028125
0 0.46640625 0.4 0.0140625 0.021875
0 0.47734375 0.37890625 0.0140625 0.01953125
0 0.47421875 0.3125 0.0078125 0.0140625
0 0.50234375 0.3375 0.0046875 0.0140625
0 0.53671875 0.35 0.0078125 0.0109375
0 0.52109375 0.353125 0.0078125 0.0109375
0 0.4890625 0.35390625 0.009375 0.0140625
0 0.46328125 0.36953125 0.0109375 0.0109375
0 0.70546875 0.290625 0.0171875 0.0140625
0 0.44921875 0.3640625 0.0078125 0.01640625
0 0.54140625 0.3375 0.0078125 0.0140625
0 0.4484375 0.4265625 0.009375 0.01953125
0 0.54453125 0.434375 0.0171875 0.01953125