1 0.43671875 0.3609375 0.0234375 0.04453125
0 0.3671875 0.73203125 0.075 0.10859375
0 0.73671875 0.58046875 0.0640625 0.1
0 0.290625 0.6515625 0.06875 0.09140625
0 0.63046875 0.5375 0.0390625 0.05859375
0 0.35625 0.48046875 0.03125 0.0390625
0 0.7328125 0.925 0.128125 0.14453125
0 0.39296875 0.4875 0.0296875 0.04140625
0 0.5515625 0.49140625 0.025 0.04453125
0 0.40625 0.4515625 0.025 0.03046875
0 0.4109375 0.40546875 0.015625 0.021875
0 0.6078125 0.459375 0.028125 0.04140625
0 0.446875 0.46953125 0.021875 0.0390625
0 0.5703125 0.421875 0.01875 0.028125
0 0.4546875 0.43203125 0.01875 0.025
0 0.43828125 0.40390625 0.0171875 0.025
0 0.5546875 0.39609375 0.015625 0.01953125
0 0.53671875 0.425 0.0203125 0.028125
0 0.4671875 0.39609375 0.015625 0.025
0 0.49140625 0.3375 0.0109375 0.0140625
0 0.55234375 0.3625 0.0078125 0.0140625
0 0.5421875 0.3734375 0.0125 0.0140625
0 0.52265625 0.375 0.0140625 0.01640625
0 0.54140625 0.34296875 0.0078125 0.0140625
0 0.52578125 0.39453125 0.0171875 0.021875
0 0.52109375 0.35390625 0.0078125 0.0140625
0 0.40703125 0.3625 0.0046875 0.0140625
0 0.43671875 0.378125 0.0140625 0.01640625
0 0.4515625 0.38359375 0.009375 0.01640625
0 0.4765625 0.37890625 0.009375 0.01953125