1 0.43515625 0.3890625 0.0328125 0.06640625
0 0.140625 0.70390625 0.0875 0.096875
0 0.40234375 0.64453125 0.0578125 0.08359375
0 0.6890625 0.54140625 0.040625 0.05546875
0 0.33515625 0.4859375 0.0296875 0.0390625
0 0.35625 0.54296875 0.0375 0.053125
0 0.3984375 0.47109375 0.025 0.0359375
0 0.44453125 0.45859375 0.0234375 0.03359375
0 0.46015625 0.41796875 0.0171875 0.025
0 0.41015625 0.40546875 0.0140625 0.021875
0 0.55234375 0.44453125 0.0203125 0.03359375
0 0.58359375 0.40546875 0.0171875 0.021875
0 0.56953125 0.425 0.0171875 0.028125
0 0.62890625 0.4609375 0.0265625 0.0390625
0 0.06953125 0.95 0.1296875 0.09453125
0 0.7375 0.9859375 0.065625 0.021875
0 0.53203125 0.403125 0.0171875 0.028125
0 0.47109375 0.3890625 0.0140625 0.021875
0 0.06875 0.97890625 0.128125 0.0359375
0 0.5234375 0.375 0.0125 0.01640625
0 0.459375 0.378125 0.0125 0.01640625
0 0.521875 0.3484375 0.009375 0.01953125
0 0.53671875 0.36640625 0.0109375 0.01640625
0 0.40625 0.365625 0.00625 0.0140625
0 0.55234375 0.365625 0.0078125 0.0140625
0 0.5640625 0.38359375 0.0125 0.01640625
0 0.48125 0.371875 0.0125 0.01640625
0 0.5046875 0.35703125 0.009375 0.0140625
0 0.48359375 0.3359375 0.0078125 0.01640625
0 0.4859375 0.35859375 0.0125 0.01640625
0 0.52734375 0.3890625 0.0109375 0.01640625
0 0.55859375 0.371875 0.0109375 0.01640625