1 0.26640625 0.52109375 0.1328125 0.203125
1 0.6234375 0.48203125 0.059375 0.11953125
1 0.35859375 0.453125 0.0359375 0.05546875
1 0.4609375 0.328125 0.015625 0.028125
0 0.87734375 0.76953125 0.1078125 0.1390625
0 0.14921875 0.725 0.1015625 0.1109375
0 0.75078125 0.73203125 0.0796875 0.125
0 0.36171875 0.71796875 0.0734375 0.103125
0 0.3140625 0.92890625 0.109375 0.1359375
0 0.25546875 0.7109375 0.0859375 0.1
0 0.1046875 0.9609375 0.15 0.071875
0 0.3234375 0.603125 0.053125 0.071875
0 0.553125 0.484375 0.028125 0.04140625
0 0.66484375 0.49609375 0.0265625 0.046875
0 0.66171875 0.778125 0.0984375 0.19453125
0 0.403125 0.621875 0.046875 0.078125
0 0.56484375 0.41640625 0.0203125 0.03359375
0 0.53125 0.39609375 0.015625 0.025
0 0.38046875 0.515625 0.0359375 0.046875
0 0.4140625 0.3984375 0.015625 0.025
0 0.42421875 0.43046875 0.0171875 0.028125
0 0.57578125 0.39453125 0.0109375 0.021875
0 0.559375 0.375 0.0125 0.01640625
0 0.4171875 0.559375 0.04375 0.06953125
0 0.38828125 0.4859375 0.0265625 0.0390625
0 0.43828125 0.403125 0.0140625 0.021875
0 0.45703125 0.378125 0.0109375 0.01640625
0 0.43515625 0.378125 0.0140625 0.021875
0 0.440625 0.49453125 0.025 0.0390625
0 0.54609375 0.353125 0.0078125 0.0109375
0 0.43125 0.51796875 0.03125 0.053125
0 0.41484375 0.45703125 0.0109375 0.03046875
0 0.40625 0.3640625 0.00625 0.01640625
0 0.52265625 0.365625 0.0109375 0.01953125
0 0.653125 0.709375 0.0625 0.0640625
0 0.44453125 0.4625 0.0265625 0.0359375
0 0.4890625 0.359375 0.0125 0.01953125
0 0.46171875 0.409375 0.0203125 0.03046875
0 0.4734375 0.3125 0.009375 0.0140625
0 0.46484375 0.3609375 0.0078125 0.01640625
0 0.47421875 0.38046875 0.0140625 0.01640625
0 0.51875 0.321875 0.009375 0.0109375
0 0.471875 0.396875 0.015625 0.028125
0 0.4546875 0.4359375 0.01875 0.021875
0 0.5046875 0.35859375 0.009375 0.01640625
0 0.471875 0.35546875 0.009375 0.01640625
0 0.42890625 0.5375 0.0296875 0.046875
0 0.4671875 0.434375 0.009375 0.01953125