1 0.32265625 0.54140625 0.1234375 0.21640625
1 0.4296875 0.371875 0.028125 0.05
0 0.29765625 0.971875 0.1078125 0.05
0 0.4078125 0.6265625 0.04375 0.075
0 0.434375 0.528125 0.03125 0.05
0 0.61484375 0.60390625 0.0546875 0.103125
0 0.6484375 0.47890625 0.0375 0.053125
0 0.18984375 0.66953125 0.0828125 0.08359375
0 0.44765625 0.4515625 0.0265625 0.0359375
0 0.60234375 0.4875 0.0265625 0.04140625
0 0.39921875 0.478125 0.0296875 0.0390625
0 0.55078125 0.4640625 0.0265625 0.04453125
0 0.56640625 0.4140625 0.0171875 0.028125
0 0.43515625 0.40859375 0.0171875 0.028125
0 0.3953125 0.42109375 0.01875 0.025
0 0.53515625 0.41640625 0.0171875 0.028125
0 0.46328125 0.409375 0.0171875 0.025
0 0.24453125 0.59453125 0.0390625 0.071875
0 0.55234375 0.39140625 0.0140625 0.021875
0 0.14921875 0.578125 0.0140625 0.028125
0 0.428125 0.35 0.01875 0.01640625
0 0.4515625 0.3875 0.0125 0.01953125
0 0.47734375 0.38046875 0.0140625 0.01640625
0 0.4515625 0.3640625 0.009375 0.01640625
0 0.384375 0.48203125 0.009375 0.03046875
0 0.71328125 0.315625 0.0109375 0.00859375
0 0.40390625 0.3609375 0.0140625 0.021875
0 0.52421875 0.3734375 0.0140625 0.01953125
0 0.54765625 0.3515625 0.0078125 0.0140625
0 0.2140625 0.63046875 0.034375 0.0609375
0 0.534375 0.35546875 0.009375 0.01640625
0 0.48359375 0.36640625 0.0109375 0.01640625
0 0.4625 0.35546875 0.00625 0.0109375
0 0.42578125 0.390625 0.0140625 0.0140625
0 0.48828125 0.359375 0.0109375 0.0140625
0 0.4734375 0.35859375 0.009375 0.01640625
0 0.3796875 0.5375 0.009375 0.0359375