1 0.2234375 0.55859375 0.175 0.2390625
1 0.3796875 0.415625 0.05 0.0859375
1 0.29921875 0.6125 0.0796875 0.13046875
1 0.43828125 0.3875 0.0265625 0.053125
0 0.3640625 0.74453125 0.075 0.1109375
0 0.715625 0.6875 0.06875 0.10859375
0 0.57421875 0.55546875 0.0390625 0.06640625
0 0.14921875 0.91953125 0.1390625 0.15546875
0 0.71875 0.57890625 0.05 0.06953125
0 0.371875 0.51640625 0.034375 0.05
0 0.42578125 0.53203125 0.0421875 0.05859375
0 0.4046875 0.4640625 0.025 0.03359375
0 0.44453125 0.45546875 0.0234375 0.03359375
0 0.5703125 0.425 0.01875 0.028125
0 0.53828125 0.43046875 0.0203125 0.028125
0 0.4609375 0.41640625 0.015625 0.021875
0 0.46875 0.39609375 0.0125 0.01953125
0 0.54921875 0.3890625 0.0140625 0.01640625
0 0.43359375 0.4140625 0.0234375 0.028125
0 0.56953125 0.38359375 0.0140625 0.01640625
0 0.540625 0.3734375 0.009375 0.0140625
0 0.47578125 0.37890625 0.0109375 0.0140625
0 0.453125 0.38203125 0.009375 0.01953125
0 0.54921875 0.35703125 0.0078125 0.0140625
0 0.53125 0.3359375 0.009375 0.0109375
0 0.5671875 0.384375 0.00625 0.0140625
0 0.3078125 0.49453125 0.009375 0.028125
0 0.503125 0.3359375 0.00625 0.0109375
0 0.703125 0.290625 0.0125 0.0140625
0 0.3703125 0.3265625 0.0125 0.0140625
0 0.40625 0.3640625 0.00625 0.01640625
0 0.546875 0.421875 0.0125 0.021875
0 0.465625 0.36640625 0.0125 0.01640625
0 0.5171875 0.32890625 0.009375 0.0140625
0 0.4734375 0.3109375 0.00625 0.0109375
0 0.55859375 0.3734375 0.0078125 0.0140625