1 0.4 0.39296875 0.0375 0.06953125
1 0.334375 0.484375 0.0375 0.05859375
0 0.22421875 0.78046875 0.1015625 0.128125
0 0.3984375 0.65703125 0.059375 0.0859375
0 0.30703125 0.9234375 0.1109375 0.146875
0 0.73515625 0.5859375 0.0578125 0.071875
0 0.58984375 0.6125 0.0484375 0.08046875
0 0.58828125 0.415625 0.0171875 0.025
0 0.6125 0.49140625 0.03125 0.04453125
0 0.340625 0.55703125 0.04375 0.0640625
0 0.6515625 0.4875 0.03125 0.04140625
0 0.390625 0.48359375 0.03125 0.0390625
0 0.428125 0.5140625 0.03125 0.04453125
0 0.44765625 0.4625 0.0234375 0.0359375
0 0.31796875 0.509375 0.0390625 0.053125
0 0.37890625 0.44296875 0.0203125 0.03046875
0 0.4203125 0.43359375 0.021875 0.03359375
0 0.46015625 0.4234375 0.0203125 0.025
0 0.1421875 0.6984375 0.1125 0.16953125
0 0.91640625 0.965625 0.1109375 0.0640625
0 0.53359375 0.42109375 0.0171875 0.03046875
0 0.4265625 0.390625 0.0125 0.01953125
0 0.4515625 0.390625 0.0125 0.01953125
0 0.5546875 0.39609375 0.015625 0.025
0 0.5296875 0.39453125 0.015625 0.021875
0 0.52109375 0.36640625 0.0109375 0.01640625
0 0.475 0.3875 0.0125 0.01953125
0 0.496875 0.34453125 0.009375 0.0109375
0 0.5703125 0.39296875 0.009375 0.0140625
0 0.4734375 0.3109375 0.00625 0.0109375
0 0.4546875 0.3625 0.009375 0.0140625
0 0.534375 0.353125 0.009375 0.01640625
0 0.44140625 0.371875 0.0140625 0.021875
0 0.5453125 0.378125 0.0125 0.01640625
0 0.48359375 0.334375 0.0109375 0.0140625
0 0.5453125 0.35 0.009375 0.0109375
0 0.48515625 0.36953125 0.0109375 0.01640625
0 0.45859375 0.3765625 0.0109375 0.0140625
0 0.1140625 0.65390625 0.05 0.053125
0 0.39375 0.403125 0.025 0.05
0 0.56015625 0.3734375 0.0140625 0.01953125
0 0.50546875 0.35546875 0.0078125 0.01640625
0 0.546875 0.3234375 0.0125 0.0140625
0 0.54453125 0.378125 0.0578125 0.121875
0 0.5375 0.371875 0.00625 0.01640625