1 0.4609375 0.334375 0.01875 0.05859375
0 0.0640625 0.8234375 0.128125 0.14140625
0 0.31953125 0.915625 0.1140625 0.1640625
0 0.29453125 0.54453125 0.0421875 0.05546875
0 0.590625 0.58046875 0.046875 0.071875
0 0.709375 0.9484375 0.1125 0.096875
0 0.37265625 0.515625 0.0359375 0.046875
0 0.60625 0.4765625 0.028125 0.04140625
0 0.59296875 0.421875 0.0203125 0.028125
0 0.39375 0.475 0.025 0.0390625
0 0.44609375 0.465625 0.0265625 0.04140625
0 0.565625 0.38046875 0.0125 0.01640625
0 0.42265625 0.54296875 0.0421875 0.0640625
0 0.39765625 0.42109375 0.0203125 0.03046875
0 0.45390625 0.43359375 0.0203125 0.028125
0 0.43515625 0.40859375 0.0171875 0.028125
0 0.41484375 0.4 0.0140625 0.021875
0 0.52109375 0.3484375 0.0078125 0.0140625
0 0.5296875 0.4 0.01875 0.028125
0 0.54140625 0.378125 0.0109375 0.01640625
0 0.47109375 0.39296875 0.0140625 0.01953125
0 0.40625 0.3640625 0.00625 0.01640625
0 0.53828125 0.425 0.0203125 0.028125
0 0.5453125 0.346875 0.015625 0.028125
0 0.434375 0.38046875 0.0125 0.01640625
0 0.36953125 0.3265625 0.0140625 0.0140625
0 0.44453125 0.36796875 0.0109375 0.0140625
0 0.48125 0.36953125 0.009375 0.01640625
0 0.50546875 0.35703125 0.0078125 0.0140625
0 0.703125 0.290625 0.0125 0.0140625
0 0.45390625 0.38359375 0.0109375 0.01640625
0 0.44609375 0.39453125 0.0109375 0.01640625
0 0.5375 0.3625 0.0125 0.0140625
0 0.46015625 0.371875 0.0109375 0.01640625
0 0.53203125 0.34296875 0.0078125 0.01953125