1 0.36171875 0.43046875 0.0609375 0.1109375
1 0.58359375 0.3875 0.0296875 0.0640625
1 0.41171875 0.3875 0.0234375 0.05859375
0 0.359375 0.7234375 0.071875 0.10859375
0 0.0453125 0.84296875 0.090625 0.1359375
0 0.26796875 0.5640625 0.0484375 0.0609375
0 0.7203125 0.58359375 0.053125 0.071875
0 0.2890625 0.64140625 0.0625 0.078125
0 0.44296875 0.484375 0.0265625 0.04140625
0 0.653125 0.59453125 0.053125 0.08359375
0 0.39140625 0.48203125 0.0296875 0.04140625
0 0.5515625 0.46796875 0.025 0.046875
0 0.45703125 0.43046875 0.0203125 0.028125
0 0.575 0.4484375 0.021875 0.03046875
0 0.5625 0.4140625 0.015625 0.028125
0 0.409375 0.45546875 0.021875 0.03359375
0 0.5328125 0.4109375 0.01875 0.03359375
0 0.4234375 0.4265625 0.01875 0.03046875
0 0.5875 0.4 0.021875 0.0390625
0 0.4421875 0.4 0.0125 0.021875
0 0.54453125 0.384375 0.0109375 0.0140625
0 0.47109375 0.396875 0.0140625 0.021875
0 0.453125 0.38203125 0.0125 0.01953125
0 0.43046875 0.38359375 0.0109375 0.01640625
0 0.44765625 0.36796875 0.0078125 0.0140625
0 0.4078125 0.40546875 0.0125 0.021875
0 0.52265625 0.36953125 0.0109375 0.01640625
0 0.49453125 0.32890625 0.0078125 0.0140625
0 0.54921875 0.35859375 0.0109375 0.01640625
0 0.53359375 0.35390625 0.0078125 0.01953125
0 0.47421875 0.38046875 0.0109375 0.01640625
0 0.55546875 0.36953125 0.0078125 0.0109375