1 0.07890625 0.875 0.1578125 0.24453125
1 0.403125 0.39296875 0.040625 0.06953125
0 0.796875 0.74296875 0.096875 0.1140625
0 0.625 0.709375 0.06875 0.1140625
0 0.26015625 0.58359375 0.0546875 0.0609375
0 0.340625 0.915625 0.1 0.1640625
0 0.7375 0.5859375 0.05625 0.071875
0 0.55625 0.4734375 0.028125 0.04140625
0 0.6171875 0.5109375 0.034375 0.05
0 0.290625 0.6625 0.06875 0.0859375
0 0.346875 0.478125 0.03125 0.0390625
0 0.41171875 0.565625 0.0453125 0.0640625
0 0.5828125 0.4 0.01875 0.028125
0 0.39765625 0.4640625 0.0296875 0.04453125
0 0.68203125 0.51953125 0.0390625 0.05546875
0 0.4453125 0.46640625 0.025 0.0390625
0 0.43203125 0.41953125 0.0171875 0.028125
0 0.4640625 0.409375 0.01875 0.03046875
0 0.54140625 0.41796875 0.0203125 0.0359375
0 0.434375 0.37890625 0.0125 0.01953125
0 0.55390625 0.39609375 0.0140625 0.01953125
0 0.5421875 0.3734375 0.009375 0.0140625
0 0.48125 0.371875 0.0125 0.01640625
0 0.471875 0.3875 0.015625 0.01953125
0 0.5296875 0.39296875 0.015625 0.01953125
0 0.50078125 0.3375 0.0078125 0.01953125
0 0.52421875 0.378125 0.0140625 0.01640625
0 0.44921875 0.36640625 0.0109375 0.01640625
0 0.46875 0.35546875 0.009375 0.01640625
0 0.5421875 0.3390625 0.009375 0.01640625
0 0.46015625 0.3734375 0.0109375 0.0140625
0 0.48828125 0.353125 0.0078125 0.0109375
0 0.53671875 0.365625 0.0078125 0.0140625
0 0.52109375 0.35390625 0.0078125 0.0140625