1 0.3953125 0.4625 0.034375 0.053125
1 0.409375 0.590625 0.0625 0.1140625
0 0.303125 0.953125 0.109375 0.0890625
0 0.59453125 0.6015625 0.0515625 0.09140625
0 0.16796875 0.88203125 0.1328125 0.18046875
0 0.3640625 0.53046875 0.0375 0.05
0 0.6015625 0.484375 0.028125 0.04140625
0 0.31328125 0.52109375 0.0390625 0.05859375
0 0.56328125 0.4140625 0.0171875 0.028125
0 0.54140625 0.4515625 0.0234375 0.0359375
0 0.4421875 0.465625 0.03125 0.04140625
0 0.40703125 0.4109375 0.0140625 0.021875
0 0.42578125 0.4234375 0.0171875 0.025
0 0.43359375 0.5234375 0.0296875 0.046875
0 0.4625 0.409375 0.015625 0.025
0 0.57109375 0.39140625 0.0109375 0.01640625
0 0.453125 0.4390625 0.01875 0.028125
0 0.43984375 0.3859375 0.0234375 0.028125
0 0.40625 0.3640625 0.00625 0.01640625
0 0.52734375 0.396875 0.0140625 0.021875
0 0.4734375 0.37890625 0.0125 0.01953125
0 0.43828125 0.4 0.0171875 0.028125
0 0.528125 0.378125 0.015625 0.01640625
0 0.55859375 0.453125 0.0109375 0.021875
0 0.4734375 0.3109375 0.00625 0.01640625
0 0.703125 0.290625 0.0125 0.0140625
0 0.646875 0.340625 0.00625 0.0140625
0 0.4640625 0.3609375 0.015625 0.01640625
0 0.53359375 0.346875 0.0109375 0.01640625
0 0.48671875 0.359375 0.0109375 0.0140625
0 0.55546875 0.328125 0.0078125 0.01640625
0 0.4484375 0.390625 0.009375 0.01953125