1 0.02890625 0.815625 0.0578125 0.31953125
1 0.37578125 0.425 0.0453125 0.078125
0 0.34765625 0.75546875 0.0734375 0.11640625
0 0.321875 0.50546875 0.034375 0.04453125
0 0.3 0.6484375 0.0625 0.08046875
0 0.73203125 0.69453125 0.0703125 0.1109375
0 0.58125 0.4015625 0.015625 0.025
0 0.6140625 0.496875 0.028125 0.05546875
0 0.43359375 0.47890625 0.0296875 0.046875
0 0.41328125 0.45 0.0203125 0.03359375
0 0.43203125 0.415625 0.0171875 0.025
0 0.4609375 0.425 0.01875 0.028125
0 0.534375 0.39296875 0.015625 0.025
0 0.40625 0.40390625 0.01875 0.03046875
0 0.453125 0.38203125 0.0125 0.025
0 0.54609375 0.378125 0.0109375 0.021875
0 0.4703125 0.3875 0.0125 0.01953125
0 0.29140625 0.42890625 0.0109375 0.025
0 0.40625 0.3640625 0.00625 0.01640625
0 0.53671875 0.3625 0.0109375 0.0140625
0 0.48046875 0.36953125 0.0109375 0.01640625
0 0.01875 0.69140625 0.0375 0.06640625
0 0.52265625 0.36953125 0.0109375 0.01640625
0 0.4671875 0.3640625 0.009375 0.01640625
0 0.5203125 0.353125 0.009375 0.01640625