0 0.36875 0.721875 0.071875 0.10546875
0 0.25078125 0.584375 0.0515625 0.0640625
0 0.69453125 0.6375 0.0671875 0.09140625
0 0.30859375 0.63359375 0.0546875 0.078125
0 0.5984375 0.48359375 0.03125 0.04453125
0 0.44140625 0.4859375 0.0234375 0.0390625
0 0.36484375 0.45546875 0.0265625 0.03359375
0 0.54609375 0.46953125 0.0234375 0.0390625
0 0.43046875 0.421875 0.0171875 0.028125
0 0.38046875 0.49140625 0.0328125 0.05
0 0.459375 0.428125 0.021875 0.03359375
0 0.39765625 0.421875 0.0234375 0.028125
0 0.72578125 0.9265625 0.1390625 0.14140625
0 0.43828125 0.3765625 0.0109375 0.0140625
0 0.41328125 0.3984375 0.0140625 0.01953125
0 0.44765625 0.3875 0.0140625 0.01953125
0 0.46953125 0.39609375 0.0140625 0.025
0 0.52734375 0.39296875 0.0140625 0.01953125
0 0.48359375 0.3640625 0.0109375 0.01640625
0 0.40625 0.3640625 0.00625 0.0109375
0 0.54453125 0.375 0.0140625 0.01640625
0 0.58125 0.434375 0.00625 0.0140625
0 0.521875 0.3625 0.009375 0.0140625
0 0.47265625 0.3125 0.0078125 0.0140625
0 0.47421875 0.38359375 0.0109375 0.01640625
0 0.465625 0.3625 0.0125 0.01953125
0 0.45234375 0.3640625 0.0109375 0.01640625
0 0.5578125 0.36640625 0.0125 0.021875