1 0.41796875 0.409375 0.0421875 0.0859375
1 0.3296875 0.55546875 0.075 0.1390625
0 0.34609375 0.73203125 0.0796875 0.10859375
0 0.20234375 0.803125 0.1078125 0.1390625
0 0.634375 0.4640625 0.03125 0.04453125
0 0.21953125 0.621875 0.0609375 0.071875
0 0.56953125 0.53203125 0.0359375 0.05859375
0 0.43828125 0.4859375 0.0296875 0.04453125
0 0.4546875 0.434375 0.021875 0.03046875
0 0.56875 0.43203125 0.01875 0.03046875
0 0.375 0.5140625 0.028125 0.04453125
0 0.3859375 0.42890625 0.021875 0.025
0 0.39140625 0.475 0.0328125 0.04453125
0 0.57734375 0.4 0.0140625 0.01640625
0 0.521875 0.359375 0.009375 0.0140625
0 0.5578125 0.40859375 0.015625 0.021875
0 0.5359375 0.35390625 0.009375 0.0140625
0 0.346875 0.475 0.025 0.028125
0 0.4515625 0.3890625 0.0125 0.021875
0 0.4953125 0.34609375 0.009375 0.0140625
0 0.45390625 0.3609375 0.0109375 0.01640625
0 0.4828125 0.359375 0.0125 0.01953125
0 0.365625 0.45703125 0.01875 0.03046875
0 0.44140625 0.375 0.0109375 0.021875
0 0.415625 0.446875 0.025 0.01640625
0 0.40625 0.3640625 0.00625 0.01640625
0 0.4734375 0.384375 0.009375 0.01953125
0 0.4703125 0.3640625 0.009375 0.01640625
0 0.553125 0.328125 0.009375 0.01640625
0 0.37265625 0.45546875 0.0140625 0.028125
0 0.44296875 0.40390625 0.0078125 0.01953125