1 0.16953125 0.6125 0.2265625 0.303125
1 0.37421875 0.41953125 0.0515625 0.09453125
1 0.40390625 0.45 0.0296875 0.05546875
1 0.57734375 0.38203125 0.0203125 0.046875
1 0.6046875 0.415625 0.0375 0.0640625
0 0.3671875 0.7390625 0.071875 0.10546875
0 0.3484375 0.54609375 0.040625 0.046875
0 0.16875 0.8734375 0.11875 0.153125
0 0.42109375 0.540625 0.0359375 0.053125
0 0.66015625 0.49453125 0.0359375 0.05
0 0.6921875 0.62890625 0.06875 0.0859375
0 0.73984375 0.59140625 0.0546875 0.071875
0 0.56953125 0.42890625 0.0203125 0.0359375
0 0.5546875 0.46953125 0.028125 0.05
0 0.44765625 0.446875 0.0234375 0.03359375
0 0.46640625 0.40546875 0.0171875 0.021875
0 0.5484375 0.35703125 0.009375 0.0140625
0 0.43828125 0.39453125 0.0140625 0.021875
0 0.50390625 0.35859375 0.0109375 0.01640625
0 0.43828125 0.378125 0.0109375 0.01640625
0 0.40625 0.3625 0.00625 0.0140625
0 0.471875 0.38359375 0.0125 0.01640625
0 0.4578125 0.375 0.0125 0.01640625
0 0.5359375 0.3515625 0.009375 0.00859375
0 0.45 0.36640625 0.009375 0.01640625
0 0.47890625 0.371875 0.0109375 0.01640625
0 0.278125 0.51953125 0.015625 0.04453125