1 0.590625 0.39296875 0.034375 0.0640625
1 0.47578125 0.34140625 0.0140625 0.028125
0 0.365625 0.7875 0.08125 0.11953125
0 0.2640625 0.7 0.075 0.09453125
0 0.825 0.696875 0.078125 0.10546875
0 0.3953125 0.61796875 0.053125 0.075
0 0.35625 0.546875 0.0375 0.05546875
0 0.44453125 0.48359375 0.0265625 0.0390625
0 0.56328125 0.4984375 0.0359375 0.0640625
0 0.25 0.59296875 0.059375 0.06953125
0 0.72265625 0.9 0.1359375 0.19453125
0 0.41015625 0.459375 0.0296875 0.0359375
0 0.3953125 0.421875 0.01875 0.028125
0 0.690625 0.5359375 0.04375 0.0609375
0 0.45859375 0.415625 0.0171875 0.025
0 0.62578125 0.446875 0.0328125 0.0609375
0 0.5578125 0.40390625 0.015625 0.025
0 0.5359375 0.425 0.01875 0.028125
0 0.4328125 0.4125 0.015625 0.025
0 0.475 0.3875 0.0125 0.01953125
0 0.425 0.39140625 0.0125 0.01640625
0 0.45625 0.38046875 0.0125 0.01640625
0 0.5640625 0.378125 0.0125 0.01640625
0 0.59609375 0.4140625 0.0265625 0.028125
0 0.69453125 0.5484375 0.0328125 0.0359375
0 0.44609375 0.371875 0.0109375 0.01640625
0 0.40625 0.365625 0.00625 0.0140625
0 0.553125 0.3484375 0.0125 0.0140625
0 0.528125 0.3875 0.015625 0.03046875
0 0.5359375 0.359375 0.0125 0.01953125
0 0.528125 0.38046875 0.0125 0.01640625
0 0.4640625 0.36953125 0.009375 0.01640625
0 0.4875 0.35546875 0.009375 0.01640625
0 0.48046875 0.36640625 0.0109375 0.0109375
0 0.4640625 0.35546875 0.009375 0.0109375
0 0.50546875 0.871875 0.1359375 0.25
0 0.53125 0.39453125 0.009375 0.01640625
0 0.5203125 0.365625 0.00625 0.0140625