1 0.59921875 0.4640625 0.0359375 0.06640625
1 0.63203125 0.44609375 0.0328125 0.06953125
1 0.4421875 0.39296875 0.01875 0.0359375
0 0.28203125 0.6734375 0.0765625 0.09140625
0 0.30234375 0.53359375 0.0453125 0.05
0 0.41171875 0.5765625 0.0453125 0.0640625
0 0.30546875 0.92890625 0.1140625 0.1359375
0 0.053125 0.88203125 0.10625 0.1640625
0 0.36875 0.453125 0.025 0.0390625
0 0.36796875 0.5375 0.0421875 0.053125
0 0.4484375 0.4609375 0.021875 0.03359375
0 0.3953125 0.4875 0.028125 0.04140625
0 0.4171875 0.4 0.0125 0.021875
0 0.53046875 0.39296875 0.0140625 0.01953125
0 0.46953125 0.40546875 0.0140625 0.021875
0 0.57734375 0.396875 0.0140625 0.021875
0 0.5875 0.4140625 0.0125 0.021875
0 0.54453125 0.3765625 0.0109375 0.01953125
0 0.63203125 0.4265625 0.0328125 0.03046875
0 0.525 0.36953125 0.0125 0.01640625
0 0.546875 0.3484375 0.009375 0.01953125
0 0.40625 0.3625 0.00625 0.0140625
0 0.475 0.384375 0.0125 0.01953125
0 0.44453125 0.37109375 0.0078125 0.0140625
0 0.5359375 0.3515625 0.0125 0.01953125
0 0.5203125 0.34296875 0.009375 0.0140625
0 0.48203125 0.36953125 0.0109375 0.01640625
0 0.50546875 0.35546875 0.0078125 0.01640625
0 0.5203125 0.3609375 0.009375 0.01640625
0 0.53359375 0.3609375 0.0390625 0.0890625