1 0.31875 0.47890625 0.084375 0.125
1 0.425 0.39609375 0.0375 0.09140625
1 0.40859375 0.45 0.0296875 0.04453125
0 0.23203125 0.759375 0.0921875 0.1140625
0 0.37578125 0.671875 0.0609375 0.1
0 0.5796875 0.54453125 0.040625 0.06640625
0 0.0390625 0.87109375 0.078125 0.14140625
0 0.6203125 0.45 0.021875 0.03359375
0 0.3875 0.51953125 0.040625 0.05546875
0 0.4390625 0.4890625 0.028125 0.04453125
0 0.56640625 0.41640625 0.0171875 0.028125
0 0.47265625 0.4015625 0.0171875 0.01953125
0 0.4015625 0.4109375 0.0125 0.021875
0 0.453125 0.45 0.021875 0.03359375
0 0.26796875 0.98046875 0.1140625 0.03359375
0 0.56796875 0.384375 0.0109375 0.01953125
0 0.52421875 0.378125 0.0140625 0.021875
0 0.45546875 0.43359375 0.0171875 0.021875
0 0.55 0.3875 0.015625 0.01953125
0 0.478125 0.3765625 0.009375 0.0140625
0 0.44765625 0.396875 0.0109375 0.021875
0 0.4640625 0.365625 0.0125 0.01953125
0 0.25234375 0.503125 0.0203125 0.03359375
0 0.55859375 0.3625 0.0078125 0.0140625
0 0.5234375 0.3625 0.0125 0.0140625
0 0.4546875 0.38203125 0.0125 0.01953125
0 0.50390625 0.35703125 0.0109375 0.01953125
0 0.42734375 0.428125 0.0109375 0.028125
0 0.30078125 0.52109375 0.0484375 0.04140625
0 0.409375 0.34609375 0.009375 0.0140625
0 0.42109375 0.4859375 0.0140625 0.028125
0 0.53828125 0.3609375 0.0109375 0.01640625