0 0.36796875 0.74453125 0.0734375 0.1109375
0 0.0203125 0.91953125 0.040625 0.1109375
0 0.29921875 0.6390625 0.0671875 0.078125
0 0.2265625 0.62890625 0.059375 0.075
0 0.3265625 0.503125 0.0375 0.04453125
0 0.6796875 0.84140625 0.1 0.19453125
0 0.43125 0.525 0.034375 0.05
0 0.74609375 0.609375 0.0640625 0.08046875
0 0.95390625 0.85390625 0.0890625 0.20859375
0 0.69921875 0.65546875 0.0671875 0.09453125
0 0.67421875 0.51640625 0.0359375 0.05
0 0.40546875 0.61953125 0.0484375 0.071875
0 0.38203125 0.50546875 0.0328125 0.05
0 0.6 0.4234375 0.01875 0.025
0 0.5515625 0.4765625 0.028125 0.04140625
0 0.40859375 0.45 0.0203125 0.03359375
0 0.3859375 0.43359375 0.01875 0.028125
0 0.45390625 0.4515625 0.0234375 0.03046875
0 0.56640625 0.4265625 0.0171875 0.025
0 0.403125 0.40703125 0.015625 0.025
0 0.55234375 0.3984375 0.0140625 0.025
0 0.42890625 0.425 0.0171875 0.028125
0 0.40625 0.365625 0.00625 0.0140625
0 0.53828125 0.425 0.0171875 0.028125
0 0.41953125 0.39609375 0.0140625 0.01953125
0 0.4578125 0.43046875 0.01875 0.028125
0 0.4546875 0.3625 0.009375 0.0140625
0 0.48515625 0.3640625 0.0109375 0.01640625
0 0.4375 0.40546875 0.015625 0.021875
0 0.45625 0.38203125 0.0125 0.01953125
0 0.57734375 0.4015625 0.0109375 0.01953125
0 0.4671875 0.409375 0.015625 0.025
0 0.58671875 0.4109375 0.0109375 0.021875
0 0.4765625 0.38203125 0.0125 0.01953125
0 0.5703125 0.39140625 0.009375 0.021875
0 0.68359375 0.753125 0.0203125 0.04453125
0 0.5296875 0.39453125 0.009375 0.01640625
0 0.4671875 0.39140625 0.0125 0.01640625
0 0.5484375 0.34140625 0.009375 0.01640625
0 0.465625 0.37109375 0.009375 0.0140625
0 0.67109375 0.503125 0.0265625 0.021875