0 0.33125 0.80703125 0.0875 0.13046875
0 0.2609375 0.6859375 0.075 0.0890625
0 0.07578125 0.8 0.1234375 0.128125
0 0.2796875 0.55703125 0.046875 0.053125
0 0.6328125 0.5515625 0.04375 0.0640625
0 0.4125 0.559375 0.040625 0.05859375
0 0.35078125 0.5515625 0.0453125 0.05859375
0 0.39609375 0.64296875 0.0546875 0.08046875
0 0.6359375 0.478125 0.028125 0.0390625
0 0.440625 0.49609375 0.025 0.04140625
0 0.56171875 0.41640625 0.0203125 0.03359375
0 0.578125 0.4 0.015625 0.021875
0 0.3828125 0.490625 0.034375 0.053125
0 0.4171875 0.44140625 0.021875 0.028125
0 0.3734375 0.4484375 0.025 0.03046875
0 0.4 0.4125 0.015625 0.025
0 0.45625 0.440625 0.021875 0.03046875
0 0.5546875 0.365625 0.009375 0.0140625
0 0.42578125 0.3875 0.0109375 0.01953125
0 0.43671875 0.40703125 0.0171875 0.025
0 0.40625 0.365625 0.00625 0.0140625
0 0.44921875 0.36640625 0.0109375 0.01640625
0 0.47265625 0.39140625 0.0140625 0.01640625
0 0.47890625 0.375 0.0109375 0.01640625
0 0.46328125 0.41796875 0.0171875 0.025
0 0.45078125 0.3859375 0.0109375 0.01640625
0 0.528125 0.359375 0.0125 0.0140625
0 0.459375 0.375 0.009375 0.01640625
0 0.36953125 0.3265625 0.0109375 0.0140625
0 0.48671875 0.359375 0.0109375 0.0140625
0 0.4765625 0.353125 0.009375 0.01640625
0 0.703125 0.29140625 0.0125 0.0109375
0 0.5171875 0.35390625 0.00625 0.0140625
0 0.46484375 0.36796875 0.0078125 0.0140625
0 0.36640625 0.396875 0.0109375 0.01640625