1 0.25703125 0.51796875 0.1359375 0.21953125
1 0.4109375 0.428125 0.0375 0.078125
1 0.48828125 0.340625 0.0109375 0.03046875
0 0.340625 0.609375 0.059375 0.075
0 0.65234375 0.62109375 0.0578125 0.09140625
0 0.4390625 0.496875 0.03125 0.04453125
0 0.3234375 0.89140625 0.109375 0.171875
0 0.54296875 0.45390625 0.0234375 0.0359375
0 0.59375 0.421875 0.01875 0.028125
0 0.55703125 0.4015625 0.0171875 0.025
0 0.61640625 0.465625 0.0234375 0.04140625
0 0.459375 0.42109375 0.01875 0.03046875
0 0.53125 0.39453125 0.015625 0.03359375
0 0.3890625 0.4234375 0.009375 0.025
0 0.46875 0.39296875 0.0125 0.01953125
0 0.4515625 0.3859375 0.0125 0.01640625
0 0.4234375 0.3875 0.009375 0.0140625
0 0.48125 0.36796875 0.009375 0.0140625
0 0.46171875 0.37109375 0.0109375 0.0140625
0 0.540625 0.33046875 0.00625 0.01640625
0 0.50078125 0.34296875 0.0078125 0.0140625
0 0.44375 0.3734375 0.009375 0.0140625
0 0.53203125 0.33203125 0.0078125 0.0140625
0 0.5046875 0.35859375 0.009375 0.01640625
0 0.40703125 0.365625 0.0046875 0.0140625
0 0.54765625 0.35859375 0.0109375 0.01640625
0 0.47734375 0.346875 0.0078125 0.0109375
0 0.53671875 0.33046875 0.0171875 0.01640625
0 0.7 0.2890625 0.021875 0.01640625
0 0.4890625 0.3515625 0.009375 0.0140625
0 0.4703125 0.359375 0.009375 0.0140625
0 0.46328125 0.35390625 0.0078125 0.0140625
0 0.5359375 0.359375 0.00625 0.0140625
0 0.31953125 0.4609375 0.0078125 0.04453125
0 0.31796875 0.5234375 0.0109375 0.04140625