1 0.61640625 0.428125 0.0453125 0.078125
0 0.3078125 0.90703125 0.109375 0.15859375
0 0.25390625 0.7 0.0796875 0.09453125
0 0.384375 0.67890625 0.0625 0.09140625
0 0.11875 0.740625 0.1125 0.13046875
0 0.37890625 0.509375 0.0328125 0.046875
0 0.325 0.5015625 0.034375 0.053125
0 0.85703125 0.896875 0.1390625 0.2
0 0.5296875 0.40390625 0.015625 0.025
0 0.44453125 0.446875 0.0234375 0.03359375
0 0.42109375 0.4265625 0.0171875 0.025
0 0.38125 0.4359375 0.021875 0.03359375
0 0.57734375 0.396875 0.0140625 0.021875
0 0.4640625 0.4109375 0.015625 0.028125
0 0.39765625 0.45859375 0.0265625 0.04453125
0 0.42421875 0.3875 0.0140625 0.01953125
0 0.5609375 0.375 0.0125 0.01640625
0 0.40625 0.3640625 0.00625 0.01640625
0 0.52265625 0.365625 0.0109375 0.0140625
0 0.45546875 0.38046875 0.0109375 0.01640625
0 0.475 0.38046875 0.0125 0.01640625
0 0.44453125 0.396875 0.0140625 0.021875
0 0.44296875 0.375 0.0109375 0.01640625
0 0.49375 0.34296875 0.009375 0.01953125
0 0.54609375 0.35546875 0.0109375 0.01640625
0 0.48203125 0.365625 0.0109375 0.0140625
0 0.45859375 0.35859375 0.0078125 0.0109375
0 0.5578125 0.3625 0.0125 0.0140625
0 0.50390625 0.35703125 0.0109375 0.01953125
0 0.47265625 0.359375 0.0078125 0.0140625
0 0.6203125 0.39609375 0.015625 0.0140625