0 0.25390625 0.728125 0.0859375 0.10546875
0 0.30390625 0.95 0.1109375 0.09453125
0 0.41640625 0.575 0.0421875 0.0609375
0 0.67890625 0.61640625 0.0546875 0.08359375
0 0.2484375 0.59140625 0.05625 0.0609375
0 0.35390625 0.54609375 0.0421875 0.0640625
0 0.55390625 0.4984375 0.0296875 0.046875
0 0.03828125 0.878125 0.0765625 0.1390625
0 0.34921875 0.47109375 0.0296875 0.04140625
0 0.4421875 0.4859375 0.028125 0.0390625
0 0.58984375 0.4125 0.0171875 0.025
0 0.415625 0.4375 0.021875 0.03046875
0 0.69921875 0.553125 0.0484375 0.06640625
0 0.61484375 0.44609375 0.0203125 0.03046875
0 0.56796875 0.38359375 0.0140625 0.01640625
0 0.415625 0.40390625 0.015625 0.01953125
0 0.46171875 0.415625 0.0171875 0.025
0 0.52265625 0.371875 0.0109375 0.01640625
0 0.4390625 0.40390625 0.015625 0.025
0 0.54140625 0.3734375 0.0109375 0.0140625
0 0.475 0.3859375 0.0125 0.01640625
0 0.109375 0.365625 0.015625 0.01953125
0 0.40703125 0.3625 0.0046875 0.0140625
0 0.546875 0.35546875 0.009375 0.01640625
0 0.53515625 0.35859375 0.0078125 0.0109375
0 0.0453125 0.99296875 0.090625 0.00859375
0 0.4359375 0.378125 0.0125 0.01640625
0 0.52109375 0.353125 0.0078125 0.01640625
0 0.50546875 0.35703125 0.0078125 0.0140625
0 0.4484375 0.39296875 0.0125 0.01953125
0 0.48359375 0.3609375 0.0109375 0.01640625
0 0.45625 0.38203125 0.009375 0.0140625
0 0.4515625 0.36796875 0.009375 0.00859375
0 0.4921875 0.353125 0.009375 0.01640625