1 0.4609375 0.403125 0.01875 0.0390625
0 0.09296875 0.9359375 0.1515625 0.121875
0 0.20546875 0.65 0.0671875 0.078125
0 0.4125 0.59140625 0.046875 0.0609375
0 0.70546875 0.896875 0.1140625 0.2
0 0.3015625 0.9734375 0.109375 0.046875
0 0.4296875 0.4875 0.03125 0.04140625
0 0.41171875 0.45 0.0203125 0.03359375
0 0.38203125 0.4375 0.0234375 0.03046875
0 0.35546875 0.471875 0.0296875 0.0390625
0 0.59921875 0.42890625 0.0203125 0.03046875
0 0.5421875 0.42890625 0.021875 0.03046875
0 0.58046875 0.4 0.0171875 0.021875
0 0.4265625 0.39609375 0.015625 0.01953125
0 0.56328125 0.38046875 0.0109375 0.01640625
0 0.5484375 0.35703125 0.009375 0.0140625
0 0.5484375 0.384375 0.0125 0.01953125
0 0.52890625 0.39453125 0.0140625 0.021875
0 0.52109375 0.35 0.0078125 0.01640625
0 0.43515625 0.378125 0.0140625 0.021875
0 0.4734375 0.39453125 0.009375 0.021875
0 0.40625 0.3640625 0.00625 0.01640625
0 0.48828125 0.353125 0.0109375 0.01640625
0 0.48046875 0.36796875 0.0109375 0.0140625
0 0.53359375 0.34296875 0.0078125 0.0140625
0 0.446875 0.371875 0.009375 0.01640625
0 0.4703125 0.39140625 0.01875 0.028125
0 0.4546875 0.38046875 0.009375 0.01640625
0 0.50390625 0.35703125 0.0109375 0.01953125
0 0.36953125 0.3265625 0.0109375 0.0140625
0 0.52421875 0.37890625 0.0109375 0.01953125
0 0.45859375 0.359375 0.0078125 0.0140625
0 0.4734375 0.3109375 0.00625 0.0109375
0 0.46796875 0.3609375 0.0109375 0.01640625
0 0.53359375 0.3515625 0.0078125 0.0140625
0 0.4828125 0.34609375 0.00625 0.0140625