1 0.290625 0.49140625 0.109375 0.16640625
0 0.4140625 0.58046875 0.046875 0.05546875
0 0.321875 0.90859375 0.10625 0.171875
0 0.19296875 0.67109375 0.0734375 0.0859375
0 0.62890625 0.5234375 0.0359375 0.053125
0 0.84765625 0.7515625 0.0984375 0.1140625
0 0.2875 0.65546875 0.075 0.09453125
0 0.909375 0.94140625 0.140625 0.1109375
0 0.375 0.4484375 0.021875 0.03046875
0 0.4015625 0.4625 0.028125 0.0359375
0 0.4515625 0.453125 0.021875 0.03359375
0 0.421875 0.4234375 0.01875 0.025
0 0.55546875 0.39453125 0.0140625 0.028125
0 0.42890625 0.3859375 0.0109375 0.01640625
0 0.43671875 0.40546875 0.0140625 0.021875
0 0.45234375 0.3859375 0.0109375 0.01640625
0 0.56640625 0.38046875 0.0140625 0.021875
0 0.40234375 0.409375 0.0203125 0.03046875
0 0.45078125 0.36640625 0.0109375 0.01640625
0 0.4640625 0.40859375 0.015625 0.021875
0 0.471875 0.3875 0.0125 0.01953125
0 0.5265625 0.384375 0.0125 0.01953125
0 0.3390625 0.4734375 0.0125 0.0859375
0 0.46015625 0.428125 0.0171875 0.028125
0 0.415625 0.403125 0.0125 0.021875
0 0.40625 0.365625 0.00625 0.0140625
0 0.5046875 0.35703125 0.009375 0.01953125
0 0.46328125 0.36640625 0.0109375 0.01640625
0 0.3703125 0.3265625 0.0125 0.0140625
0 0.4734375 0.309375 0.009375 0.0140625
0 0.5421875 0.3765625 0.0125 0.01953125
0 0.340625 0.45 0.0125 0.0390625
0 0.48671875 0.3609375 0.0109375 0.01640625
0 0.32265625 0.51796875 0.0203125 0.0359375
0 0.33984375 0.49296875 0.0109375 0.046875
0 0.54453125 0.365625 0.0578125 0.096875