0 0.17734375 0.675 0.0828125 0.08359375
0 0.609375 0.553125 0.04375 0.06640625
0 0.62421875 0.4515625 0.0265625 0.0359375
0 0.36015625 0.60703125 0.0578125 0.075
0 0.42109375 0.54140625 0.0390625 0.06640625
0 0.07265625 0.9484375 0.1453125 0.096875
0 0.36640625 0.53203125 0.0390625 0.053125
0 0.3453125 0.46796875 0.028125 0.0359375
0 0.2921875 0.53046875 0.046875 0.0609375
0 0.45390625 0.4359375 0.0203125 0.028125
0 0.52578125 0.38046875 0.0140625 0.021875
0 0.57578125 0.440625 0.0203125 0.03046875
0 0.41484375 0.44609375 0.0203125 0.03046875
0 0.41796875 0.39140625 0.0140625 0.021875
0 0.5328125 0.40546875 0.015625 0.028125
0 0.4265625 0.41953125 0.01875 0.021875
0 0.446875 0.39453125 0.015625 0.021875
0 0.5375 0.359375 0.009375 0.0140625
0 0.475 0.384375 0.0125 0.01953125
0 0.56796875 0.384375 0.0140625 0.01953125
0 0.56953125 0.40859375 0.0171875 0.021875
0 0.55703125 0.37109375 0.0109375 0.0140625
0 0.5046875 0.35703125 0.009375 0.0140625
0 0.44140625 0.3765625 0.0109375 0.0140625
0 0.40625 0.3625 0.00625 0.0140625
0 0.45546875 0.378125 0.0140625 0.01640625
0 0.1171875 0.96796875 0.05625 0.05859375
0 0.47421875 0.35546875 0.0109375 0.01640625
0 0.053125 0.97109375 0.10625 0.053125
0 0.54765625 0.3515625 0.0078125 0.0140625
0 0.48203125 0.36953125 0.0109375 0.01640625
0 0.49609375 0.34453125 0.0109375 0.01640625