1 0.453125 0.36796875 0.025 0.04140625
1 0.66484375 0.46640625 0.0515625 0.1109375
1 0.615625 0.49609375 0.0375 0.08046875
0 0.26171875 0.578125 0.0578125 0.078125
0 0.321875 0.50546875 0.0375 0.04453125
0 0.42421875 0.575 0.0421875 0.0609375
0 0.62890625 0.70390625 0.0671875 0.1140625
0 0.3671875 0.509375 0.040625 0.046875
0 0.44140625 0.45859375 0.0234375 0.03359375
0 0.59453125 0.41640625 0.0171875 0.021875
0 0.42734375 0.5125 0.0328125 0.046875
0 0.54140625 0.4484375 0.0203125 0.03046875
0 0.05234375 0.8515625 0.1046875 0.15859375
0 0.3984375 0.465625 0.025 0.0359375
0 0.19765625 0.840625 0.0484375 0.13046875
0 0.415625 0.4015625 0.015625 0.01953125
0 0.42578125 0.41953125 0.0203125 0.03359375
0 0.18984375 0.86953125 0.0296875 0.078125
0 0.44609375 0.4125 0.0078125 0.025
0 0.46796875 0.4015625 0.0203125 0.03046875
0 0.559375 0.3765625 0.009375 0.01953125
0 0.40625 0.4890625 0.0125 0.03359375
0 0.09140625 0.3265625 0.0109375 0.0140625
0 0.52890625 0.35703125 0.0109375 0.0140625
0 0.61640625 0.515625 0.0359375 0.04140625
0 0.48046875 0.36953125 0.0109375 0.01640625
0 0.48671875 0.35859375 0.0109375 0.01640625
0 0.40703125 0.3625 0.0046875 0.0140625
0 0.5453125 0.4109375 0.00625 0.0109375
0 0.671875 0.44609375 0.040625 0.0640625
0 0.4671875 0.359375 0.009375 0.01953125
0 0.47109375 0.39609375 0.0140625 0.025
0 0.5453125 0.346875 0.00625 0.01640625
0 0.4796875 0.35703125 0.03125 0.04140625
0 0.51953125 0.34296875 0.0078125 0.0140625
0 0.41015625 0.3609375 0.0140625 0.01640625
0 0.503125 0.35859375 0.009375 0.01640625
0 0.00546875 0.246875 0.0109375 0.03359375
0 0.003125 0.24609375 0.00625 0.01953125
0 0.55703125 0.3734375 0.0140625 0.025