0 0.12578125 0.7375 0.0953125 0.10859375
0 0.38203125 0.69296875 0.0671875 0.096875
0 0.65703125 0.584375 0.0484375 0.075
0 0.4328125 0.50546875 0.03125 0.04453125
0 0.321875 0.5984375 0.053125 0.06953125
0 0.6796875 0.52890625 0.0375 0.053125
0 0.75625 0.6109375 0.053125 0.078125
0 0.34921875 0.47890625 0.0328125 0.04140625
0 0.5640625 0.49453125 0.03125 0.04453125
0 0.3875 0.4859375 0.034375 0.04453125
0 0.5984375 0.46953125 0.028125 0.04453125
0 0.45390625 0.440625 0.0203125 0.03046875
0 0.390625 0.4265625 0.025 0.0359375
0 0.56328125 0.415625 0.0171875 0.03046875
0 0.59921875 0.4265625 0.0171875 0.025
0 0.44140625 0.40546875 0.0171875 0.021875
0 0.578125 0.396875 0.0125 0.021875
0 0.46640625 0.40703125 0.0171875 0.025
0 0.56484375 0.378125 0.0109375 0.01640625
0 0.421875 0.4359375 0.021875 0.028125
0 0.52265625 0.3734375 0.0109375 0.0140625
0 0.4765625 0.38203125 0.0125 0.01953125
0 0.45859375 0.375 0.0109375 0.01640625
0 0.4359375 0.375 0.0125 0.01640625
0 0.45078125 0.365625 0.0109375 0.0140625
0 0.40625 0.3640625 0.00625 0.01640625
0 0.54140625 0.37109375 0.0109375 0.01953125
0 0.55234375 0.3625 0.0078125 0.0140625
0 0.52109375 0.3515625 0.0109375 0.01953125
0 0.4671875 0.35703125 0.009375 0.0140625
0 0.48828125 0.3609375 0.0078125 0.0109375