0 0.20078125 0.64453125 0.0734375 0.08359375
0 0.75859375 0.6140625 0.0578125 0.08359375
0 0.09375 0.946875 0.146875 0.1
0 0.3109375 0.525 0.0375 0.04453125
0 0.6234375 0.45703125 0.025 0.03046875
0 0.3765625 0.509375 0.040625 0.05859375
0 0.59921875 0.484375 0.0296875 0.04140625
0 0.375 0.44453125 0.021875 0.03359375
0 0.528125 0.39609375 0.015625 0.025
0 0.54140625 0.43359375 0.0203125 0.028125
0 0.4015625 0.415625 0.01875 0.03046875
0 0.55 0.3859375 0.0125 0.021875
0 0.4625 0.4234375 0.01875 0.025
0 0.4078125 0.403125 0.0125 0.021875
0 0.43359375 0.425 0.0078125 0.021875
0 0.45546875 0.371875 0.0171875 0.021875
0 0.43984375 0.40390625 0.0171875 0.025
0 0.4671875 0.40390625 0.015625 0.01953125
0 0.48203125 0.36640625 0.0109375 0.01640625
0 0.46953125 0.3859375 0.0109375 0.01640625
0 0.45 0.3890625 0.015625 0.021875
0 0.521875 0.36640625 0.009375 0.01640625
0 0.09453125 0.325 0.0109375 0.0109375
0 0.52109375 0.3515625 0.0078125 0.0140625
0 0.40625 0.3625 0.00625 0.0140625
0 0.53515625 0.3625 0.0078125 0.0140625
0 0.559375 0.375 0.009375 0.01640625
0 0.54296875 0.37109375 0.0078125 0.0140625
0 0.45234375 0.4 0.0453125 0.08359375