1 0.275 0.55 0.059375 0.078125
0 0.284375 0.640625 0.075 0.09140625
0 0.29765625 0.8984375 0.1078125 0.16953125
0 0.76484375 0.61796875 0.0640625 0.08046875
0 0.415625 0.584375 0.04375 0.05859375
0 0.5703125 0.52109375 0.034375 0.053125
0 0.60703125 0.5 0.0296875 0.04453125
0 0.38828125 0.490625 0.0328125 0.04140625
0 0.53671875 0.41796875 0.0171875 0.025
0 0.4171875 0.4375 0.021875 0.03046875
0 0.44765625 0.47890625 0.0234375 0.0359375
0 0.56640625 0.3890625 0.0140625 0.021875
0 0.45390625 0.4484375 0.0203125 0.03046875
0 0.4359375 0.40859375 0.015625 0.021875
0 0.45703125 0.41953125 0.0171875 0.028125
0 0.47109375 0.390625 0.0140625 0.01953125
0 0.4296875 0.3890625 0.015625 0.01640625
0 0.5625 0.371875 0.015625 0.021875
0 0.4515625 0.3859375 0.0125 0.021875
0 0.465625 0.3640625 0.009375 0.01640625
0 0.48359375 0.3609375 0.0109375 0.01640625
0 0.40625 0.3640625 0.00625 0.01640625
0 0.45546875 0.3609375 0.0109375 0.01640625
0 0.52578125 0.33359375 0.0078125 0.01640625
0 0.5609375 0.3484375 0.0125 0.01953125
0 0.54609375 0.35 0.0078125 0.0109375
0 0.4390625 0.37890625 0.0125 0.01953125
0 0.50546875 0.35703125 0.0078125 0.0140625