1 0.6421875 0.44296875 0.065625 0.1140625
1 0.39296875 0.478125 0.0328125 0.05
1 0.44375 0.3625 0.01875 0.04140625
0 0.3671875 0.74609375 0.071875 0.1140625
0 0.0953125 0.90546875 0.140625 0.15546875
0 0.59765625 0.60390625 0.0484375 0.09140625
0 0.40859375 0.5875 0.0484375 0.06953125
0 0.29921875 0.6515625 0.0640625 0.08046875
0 0.3625 0.53359375 0.040625 0.05
0 0.64453125 0.5484375 0.0421875 0.05859375
0 0.43984375 0.496875 0.0234375 0.0390625
0 0.33203125 0.49609375 0.0328125 0.04140625
0 0.57109375 0.428125 0.0171875 0.028125
0 0.53984375 0.4375 0.0203125 0.03046875
0 0.38359375 0.434375 0.0234375 0.025
0 0.43203125 0.415625 0.0203125 0.025
0 0.45 0.45546875 0.021875 0.03359375
0 0.55390625 0.4 0.0140625 0.021875
0 0.3625 0.4625 0.025 0.0359375
0 0.46484375 0.415625 0.0171875 0.025
0 0.4453125 0.39609375 0.0125 0.01953125
0 0.521875 0.340625 0.00625 0.00859375
0 0.45390625 0.38359375 0.0109375 0.01640625
0 0.40625 0.3640625 0.00625 0.0109375
0 0.521875 0.4015625 0.009375 0.03046875
0 0.54375 0.33203125 0.009375 0.0140625
0 0.46953125 0.39296875 0.0140625 0.01953125
0 0.475 0.35390625 0.009375 0.0140625
0 0.44140625 0.3765625 0.0109375 0.0140625
0 0.4765625 0.38203125 0.009375 0.0140625
0 0.4828125 0.36640625 0.0125 0.01640625
0 0.64921875 0.471875 0.0421875 0.05546875
0 0.53359375 0.334375 0.0296875 0.03046875