1 0.39921875 0.3984375 0.0390625 0.06953125
1 0.36484375 0.44609375 0.0390625 0.075
0 0.2546875 0.71640625 0.084375 0.10546875
0 0.396875 0.646875 0.053125 0.078125
0 0.6359375 0.4625 0.028125 0.0359375
0 0.2625 0.58046875 0.04375 0.06640625
0 0.9546875 0.88046875 0.0875 0.16640625
0 0.60625 0.4859375 0.03125 0.04453125
0 0.403125 0.465625 0.025 0.0359375
0 0.44921875 0.45703125 0.0234375 0.03046875
0 0.57421875 0.4375 0.0203125 0.03046875
0 0.42578125 0.43203125 0.0171875 0.025
0 0.4625 0.41953125 0.01875 0.028125
0 0.4265625 0.3890625 0.0125 0.01640625
0 0.46796875 0.390625 0.0140625 0.01953125
0 0.44609375 0.36953125 0.0078125 0.0109375
0 0.43515625 0.40390625 0.0140625 0.025
0 0.53359375 0.3390625 0.0046875 0.0109375
0 0.48515625 0.365625 0.0109375 0.0140625
0 0.45859375 0.375 0.0109375 0.01640625
0 0.52890625 0.32890625 0.0109375 0.0140625
0 0.7546875 0.31796875 0.015625 0.00859375
0 0.50546875 0.35546875 0.0078125 0.01640625
0 0.46953125 0.3609375 0.0109375 0.01640625
0 0.484375 0.34296875 0.0125 0.01953125
0 0.4625 0.35546875 0.00625 0.0109375
0 0.49140625 0.35703125 0.0078125 0.0140625
0 0.35625 0.46640625 0.021875 0.03359375