0 0.3578125 0.8140625 0.08125 0.13359375
0 0.22421875 0.63203125 0.0734375 0.08046875
0 0.81875 0.684375 0.090625 0.1359375
0 0.31875 0.62109375 0.05 0.075
0 0.41796875 0.54609375 0.0359375 0.05859375
0 0.63984375 0.559375 0.0390625 0.0640625
0 0.61171875 0.6484375 0.0515625 0.09140625
0 0.35625 0.4625 0.028125 0.0359375
0 0.3828125 0.5 0.034375 0.04453125
0 0.4125 0.446875 0.021875 0.03359375
0 0.62734375 0.459375 0.0265625 0.0359375
0 0.45390625 0.43203125 0.0265625 0.053125
0 0.67109375 0.51640625 0.0359375 0.05
0 0.40390625 0.4109375 0.0171875 0.021875
0 0.4203125 0.39609375 0.0125 0.01953125
0 0.590625 0.4125 0.01875 0.025
0 0.54765625 0.44296875 0.0203125 0.03046875
0 0.57265625 0.43359375 0.0203125 0.03359375
0 0.44609375 0.4 0.0140625 0.021875
0 0.55703125 0.403125 0.0171875 0.021875
0 0.5609375 0.36796875 0.015625 0.01953125
0 0.53125 0.40703125 0.015625 0.025
0 0.60859375 0.434375 0.0203125 0.025
0 0.459375 0.375 0.0125 0.01640625
0 0.46796875 0.4015625 0.0140625 0.03046875
0 0.47421875 0.309375 0.0109375 0.01953125
0 0.4765625 0.37890625 0.0125 0.0140625
0 0.40703125 0.3625 0.0046875 0.0140625
0 0.434375 0.34609375 0.009375 0.0140625
0 0.44609375 0.371875 0.0109375 0.01640625
0 0.484375 0.3515625 0.01875 0.01953125
0 0.43828125 0.34609375 0.0171875 0.01953125
0 0.521875 0.37109375 0.0125 0.0140625
0 0.4890625 0.35390625 0.009375 0.0140625
0 0.559375 0.346875 0.0125 0.01640625
0 0.5375 0.3640625 0.009375 0.01640625
0 0.5453125 0.38359375 0.0125 0.01640625
0 0.5265625 0.3890625 0.0125 0.01640625
0 0.478125 0.35390625 0.009375 0.0140625
0 0.4109375 0.3625 0.015625 0.0140625