1 0.3875 0.425 0.025 0.04453125
0 0.3796875 0.7109375 0.0625 0.09453125
0 0.29765625 0.53359375 0.0390625 0.05
0 0.31640625 0.61953125 0.0578125 0.071875
0 0.37734375 0.503125 0.0359375 0.04453125
0 0.70234375 0.54609375 0.0453125 0.0640625
0 0.63671875 0.46953125 0.0265625 0.0390625
0 0.4234375 0.5625 0.0375 0.05859375
0 0.5375 0.4359375 0.021875 0.03359375
0 0.6234375 0.53046875 0.034375 0.05546875
0 0.590625 0.61796875 0.05625 0.1140625
0 0.41328125 0.44609375 0.0234375 0.03046875
0 0.43046875 0.5109375 0.0296875 0.04453125
0 0.5765625 0.44609375 0.021875 0.03046875
0 0.44375 0.471875 0.021875 0.0390625
0 0.453125 0.42890625 0.021875 0.0359375
0 0.94921875 0.8890625 0.0984375 0.21640625
0 0.59296875 0.41796875 0.0140625 0.025
0 0.5734375 0.39140625 0.0125 0.021875
0 0.40859375 0.40546875 0.0203125 0.028125
0 0.43125 0.3875 0.0125 0.01953125
0 0.43125 0.421875 0.015625 0.028125
0 0.465625 0.403125 0.015625 0.021875
0 0.40625 0.3640625 0.00625 0.01640625
0 0.559375 0.36796875 0.0125 0.01953125
0 0.54140625 0.375 0.0140625 0.01640625
0 0.52421875 0.38046875 0.0140625 0.021875
0 0.9359375 0.8484375 0.06875 0.1359375
0 0.4390625 0.3734375 0.0125 0.01953125
0 0.56171875 0.38046875 0.0109375 0.01640625
0 0.459375 0.378125 0.009375 0.01640625
0 0.52109375 0.353125 0.0109375 0.01640625
0 0.59140625 0.5875 0.0484375 0.053125
0 0.9515625 0.95546875 0.09375 0.08359375
0 0.4765625 0.38203125 0.015625 0.01953125