1 0.8734375 0.725 0.125 0.2
1 0.4609375 0.334375 0.015625 0.04140625
0 0.60859375 0.69296875 0.0609375 0.1140625
0 0.73984375 0.7 0.0796875 0.121875
0 0.2796875 0.675 0.071875 0.0890625
0 0.10390625 0.9375 0.1640625 0.11953125
0 0.37109375 0.7234375 0.0796875 0.14140625
0 0.42265625 0.54296875 0.0390625 0.05859375
0 0.34296875 0.47890625 0.0328125 0.04140625
0 0.26015625 0.57109375 0.0546875 0.075
0 0.05625 0.8390625 0.1125 0.2609375
0 0.40703125 0.60703125 0.0421875 0.06953125
0 0.38515625 0.42890625 0.0234375 0.0359375
0 0.5625 0.403125 0.034375 0.0609375
0 0.3328125 0.60390625 0.05 0.06953125
0 0.39296875 0.4875 0.0328125 0.04140625
0 0.29765625 0.99296875 0.0421875 0.00859375
0 0.43828125 0.496875 0.0296875 0.0390625
0 0.5328125 0.403125 0.015625 0.021875
0 0.36328125 0.5234375 0.0390625 0.0640625
0 0.41328125 0.4484375 0.0234375 0.0359375
0 0.346875 0.55859375 0.040625 0.05
0 0.42109375 0.39609375 0.0140625 0.01953125
0 0.40625 0.3640625 0.00625 0.01640625
0 0.47421875 0.3109375 0.0109375 0.01640625
0 0.44453125 0.4640625 0.0265625 0.0390625
0 0.54921875 0.3859375 0.0109375 0.028125
0 0.41171875 0.43046875 0.0140625 0.01640625
0 0.4265625 0.425 0.01875 0.028125
0 0.50546875 0.87109375 0.1359375 0.253125
0 0.5046875 0.35703125 0.009375 0.0140625
0 0.52421875 0.38359375 0.0140625 0.021875
0 0.46171875 0.43046875 0.0171875 0.028125
0 0.43828125 0.40546875 0.0140625 0.021875
0 0.2953125 0.99296875 0.08125 0.00859375
0 0.45234375 0.4484375 0.0203125 0.0359375
0 0.47109375 0.40390625 0.0140625 0.025
0 0.459375 0.4109375 0.015625 0.021875