1 0.14375 0.77109375 0.2875 0.453125
1 0.44609375 0.37890625 0.0265625 0.053125
0 0.3421875 0.4875 0.028125 0.04140625
0 0.39765625 0.63046875 0.0484375 0.078125
0 0.4453125 0.475 0.025 0.0390625
0 0.6125 0.440625 0.021875 0.03046875
0 0.74921875 0.95546875 0.1078125 0.08359375
0 0.54921875 0.384375 0.0140625 0.025
0 0.39921875 0.48203125 0.0265625 0.0359375
0 0.3890625 0.428125 0.01875 0.028125
0 0.53046875 0.39453125 0.0140625 0.021875
0 0.6953125 0.53046875 0.05 0.078125
0 0.4609375 0.42890625 0.01875 0.025
0 0.4125 0.440625 0.021875 0.03046875
0 0.5890625 0.4109375 0.01875 0.028125
0 0.42578125 0.42109375 0.0171875 0.025
0 0.575 0.39296875 0.015625 0.01953125
0 0.54296875 0.3390625 0.0109375 0.021875
0 0.4734375 0.384375 0.0125 0.01953125
0 0.40625 0.3625 0.00625 0.0140625
0 0.465625 0.40390625 0.015625 0.01953125
0 0.5046875 0.35859375 0.009375 0.01640625
0 0.52265625 0.3375 0.0078125 0.0140625
0 0.44296875 0.3984375 0.0140625 0.0140625
0 0.51796875 0.3265625 0.0109375 0.0140625
0 0.4625 0.36953125 0.009375 0.021875
0 0.23203125 0.8359375 0.0484375 0.09453125
0 0.5546875 0.32890625 0.009375 0.0140625
0 0.53125 0.34296875 0.009375 0.0140625
0 0.48125 0.37109375 0.009375 0.0140625
0 0.4875 0.3609375 0.009375 0.0109375