1 0.4171875 0.37890625 0.03125 0.05859375
0 0.2546875 0.728125 0.08125 0.10546875
0 0.71796875 0.678125 0.0671875 0.1109375
0 0.43828125 0.4875 0.0296875 0.04140625
0 0.5734375 0.428125 0.01875 0.028125
0 0.4109375 0.58359375 0.04375 0.0609375
0 0.38203125 0.50546875 0.0296875 0.04453125
0 0.76875 0.6359375 0.0625 0.0890625
0 0.5984375 0.42109375 0.015625 0.025
0 0.396875 0.421875 0.01875 0.028125
0 0.371875 0.4484375 0.025 0.03046875
0 0.45703125 0.43203125 0.0203125 0.03046875
0 0.4328125 0.41796875 0.01875 0.025
0 0.46484375 0.40390625 0.0171875 0.025
0 0.50390625 0.35703125 0.0109375 0.01953125
0 0.48125 0.36953125 0.0125 0.01640625
0 0.29140625 0.43046875 0.0109375 0.03359375
0 0.4484375 0.36796875 0.009375 0.0140625
0 0.4328125 0.384375 0.00625 0.01953125
0 0.54296875 0.346875 0.0078125 0.0109375
0 0.471875 0.38203125 0.009375 0.01953125
0 0.4890625 0.35390625 0.009375 0.0140625
0 0.4578125 0.359375 0.009375 0.0140625
0 0.41484375 0.403125 0.0171875 0.01640625
0 0.4625 0.3734375 0.009375 0.0140625