1 0.415625 0.39140625 0.021875 0.0390625
0 0.27578125 0.675 0.0703125 0.1109375
0 0.08828125 0.79140625 0.1265625 0.13359375
0 0.56015625 0.49609375 0.0296875 0.04140625
0 0.4234375 0.5390625 0.0375 0.05546875
0 0.32421875 0.50703125 0.0328125 0.053125
0 0.70703125 0.55390625 0.0453125 0.0640625
0 0.715625 0.6625 0.06875 0.11953125
0 0.40859375 0.4484375 0.0265625 0.04140625
0 0.35390625 0.46953125 0.0296875 0.0390625
0 0.45 0.4625 0.025 0.0359375
0 0.38984375 0.43046875 0.0203125 0.028125
0 0.43515625 0.409375 0.0171875 0.025
0 0.521875 0.35390625 0.009375 0.0140625
0 0.4734375 0.3859375 0.0125 0.021875
0 0.46015625 0.42890625 0.0203125 0.025
0 0.43203125 0.3859375 0.0140625 0.01640625
0 0.50390625 0.35703125 0.0109375 0.01953125
0 0.546875 0.353125 0.00625 0.0109375
0 0.53515625 0.35546875 0.0078125 0.0109375
0 0.43984375 0.3765625 0.0109375 0.01953125
0 0.45859375 0.3734375 0.0109375 0.0140625
0 0.40703125 0.3640625 0.0046875 0.01640625
0 0.44609375 0.36953125 0.0078125 0.01640625
0 0.46875 0.3625 0.0125 0.01953125
0 0.51875 0.3234375 0.0125 0.0140625
0 0.48671875 0.3609375 0.0109375 0.01640625
0 0.475 0.36953125 0.040625 0.0609375