1 0.36796875 0.69453125 0.0765625 0.15
0 0.75 0.60703125 0.059375 0.0859375
0 0.2765625 0.5609375 0.046875 0.05546875
0 0.26171875 0.6984375 0.0765625 0.096875
0 0.95078125 0.884375 0.0953125 0.1859375
0 0.63125 0.534375 0.0375 0.05859375
0 0.55078125 0.453125 0.0265625 0.03359375
0 0.15390625 0.70703125 0.0921875 0.10859375
0 0.58828125 0.55546875 0.0453125 0.071875
0 0.3578125 0.46796875 0.028125 0.0359375
0 0.37265625 0.51953125 0.0390625 0.05
0 0.41640625 0.546875 0.0328125 0.05546875
0 0.446875 0.4765625 0.028125 0.04140625
0 0.41796875 0.4375 0.0203125 0.03046875
0 0.40390625 0.4125 0.0171875 0.025
0 0.46796875 0.4 0.0140625 0.021875
0 0.4515625 0.4359375 0.021875 0.028125
0 0.5640625 0.371875 0.0125 0.028125
0 0.425 0.3875 0.0125 0.01953125
0 0.521875 0.37109375 0.0125 0.0140625
0 0.44375 0.371875 0.009375 0.01640625
0 0.434375 0.415625 0.01875 0.025
0 0.44375 0.403125 0.0125 0.021875
0 0.48125 0.375 0.0125 0.01640625
0 0.40625 0.3625 0.00625 0.0140625
0 0.7453125 0.34453125 0.015625 0.01640625
0 0.55 0.35703125 0.01875 0.01953125
0 0.49609375 0.3359375 0.0109375 0.01640625
0 0.4609375 0.36640625 0.0125 0.021875
0 0.58125 0.50859375 0.015625 0.021875
0 0.53046875 0.3375 0.0140625 0.025
0 0.4703125 0.359375 0.009375 0.01953125
0 0.45234375 0.3625 0.0078125 0.0140625
0 0.55 0.38359375 0.01875 0.028125