1 0.77890625 0.59609375 0.1171875 0.18046875
1 0.88203125 0.72109375 0.2078125 0.31953125
1 0.44375 0.35390625 0.0125 0.03046875
0 0.18359375 0.84609375 0.1109375 0.14140625
0 0.359375 0.534375 0.040625 0.053125
0 0.2578125 0.571875 0.05 0.0609375
0 0.68671875 0.62890625 0.0546875 0.0859375
0 0.3625 0.459375 0.025 0.0359375
0 0.45234375 0.46953125 0.0234375 0.03359375
0 0.5984375 0.4234375 0.01875 0.025
0 0.4125 0.44609375 0.025 0.0359375
0 0.39140625 0.6359375 0.0578125 0.078125
0 0.54609375 0.45546875 0.0265625 0.0390625
0 0.6078125 0.496875 0.03125 0.05
0 0.46015625 0.43046875 0.0171875 0.028125
0 0.53046875 0.4125 0.0171875 0.03046875
0 0.4359375 0.4109375 0.015625 0.021875
0 0.63515625 0.4640625 0.0296875 0.05
0 0.5796875 0.3984375 0.015625 0.01953125
0 0.4203125 0.3984375 0.0125 0.01953125
0 0.546875 0.3859375 0.0125 0.021875
0 0.475 0.3859375 0.0125 0.021875
0 0.43671875 0.378125 0.0140625 0.01640625
0 0.525 0.38203125 0.0125 0.01953125
0 0.56796875 0.38359375 0.0109375 0.01640625
0 0.559375 0.3734375 0.009375 0.0140625
0 0.48203125 0.36796875 0.0109375 0.0140625
0 0.40703125 0.3640625 0.0046875 0.01640625
0 0.534375 0.353125 0.00625 0.0109375
0 0.521875 0.365625 0.009375 0.0140625
0 0.434375 0.390625 0.015625 0.01953125
0 0.5421875 0.33359375 0.009375 0.01640625
0 0.74453125 0.64609375 0.0171875 0.0359375