1 0.11875 0.815625 0.2375 0.3640625
1 0.4078125 0.3890625 0.0375 0.06640625
0 0.36875 0.7859375 0.075 0.121875
0 0.7921875 0.65 0.075 0.09453125
0 0.6390625 0.553125 0.04375 0.0609375
0 0.7109375 0.5515625 0.05 0.0640625
0 0.69375 0.90390625 0.1125 0.1859375
0 0.56484375 0.4984375 0.0328125 0.046875
0 0.31953125 0.615625 0.0609375 0.075
0 0.28125 0.5609375 0.05 0.05546875
0 0.58828125 0.40703125 0.0203125 0.03046875
0 0.93359375 0.91953125 0.1296875 0.15546875
0 0.35625 0.46796875 0.025 0.0359375
0 0.40546875 0.453125 0.0296875 0.0390625
0 0.446875 0.45703125 0.025 0.0359375
0 0.4359375 0.4125 0.015625 0.025
0 0.42109375 0.5390625 0.0421875 0.0609375
0 0.54609375 0.43046875 0.0234375 0.0390625
0 0.465625 0.40390625 0.01875 0.025
0 0.4375 0.3765625 0.0125 0.01953125
0 0.5578125 0.403125 0.0125 0.021875
0 0.94296875 0.9859375 0.0171875 0.021875
0 0.4734375 0.384375 0.0125 0.01953125
0 0.53125 0.39609375 0.015625 0.025
0 0.50078125 0.3375 0.0078125 0.01953125
0 0.4828125 0.36953125 0.0125 0.01640625
0 0.428125 0.46796875 0.00625 0.0140625
0 0.5453125 0.378125 0.009375 0.01640625
0 0.453125 0.3640625 0.009375 0.01640625
0 0.525 0.38203125 0.0125 0.01953125
0 0.46875 0.35703125 0.0125 0.0140625
0 0.4625 0.36953125 0.0125 0.01640625
0 0.48984375 0.35 0.0078125 0.0109375
0 0.50625 0.88046875 0.1375 0.23359375