1 0.35546875 0.43359375 0.0671875 0.11640625
1 0.4078125 0.390625 0.025 0.0640625
1 0.58046875 0.38359375 0.0265625 0.0609375
0 0.34375 0.77109375 0.08125 0.11953125
0 0.0203125 0.89453125 0.040625 0.10546875
0 0.63125 0.55390625 0.04375 0.06953125
0 0.69375 0.5515625 0.04375 0.05859375
0 0.25390625 0.58046875 0.0546875 0.0609375
0 0.271875 0.671875 0.071875 0.0890625
0 0.80859375 0.89296875 0.1265625 0.20859375
0 0.4390625 0.49609375 0.028125 0.04140625
0 0.38671875 0.4875 0.0359375 0.04140625
0 0.40546875 0.459375 0.0203125 0.0359375
0 0.45546875 0.434375 0.0203125 0.03046875
0 0.54609375 0.4515625 0.0234375 0.04140625
0 0.56953125 0.4375 0.0203125 0.03046875
0 0.53125 0.403125 0.01875 0.028125
0 0.559375 0.40703125 0.015625 0.025
0 0.42109375 0.43203125 0.0203125 0.03046875
0 0.43984375 0.40546875 0.0140625 0.021875
0 0.42890625 0.384375 0.0109375 0.01953125
0 0.4515625 0.38359375 0.0125 0.01640625
0 0.4046875 0.4109375 0.0125 0.021875
0 0.58359375 0.403125 0.0171875 0.021875
0 0.54375 0.38046875 0.0125 0.01640625
0 0.446875 0.36796875 0.009375 0.0140625
0 0.52265625 0.365625 0.0109375 0.01953125
0 0.46875 0.4015625 0.0125 0.01953125
0 0.49296875 0.32890625 0.0078125 0.0140625
0 0.553125 0.365625 0.009375 0.0140625
0 0.4734375 0.3859375 0.0125 0.021875
0 0.55 0.35859375 0.009375 0.01640625