1 0.59140625 0.39453125 0.0359375 0.071875
0 0.3703125 0.71953125 0.065625 0.1
0 0.24296875 0.75703125 0.0953125 0.11953125
0 0.621875 0.525 0.0375 0.05546875
0 0.66796875 0.84296875 0.0890625 0.1640625
0 0.06484375 0.815625 0.1296875 0.1359375
0 0.2265625 0.5984375 0.05625 0.06953125
0 0.34609375 0.55 0.0484375 0.0609375
0 0.54140625 0.4375 0.0203125 0.03046875
0 0.40234375 0.4625 0.0265625 0.0359375
0 0.43046875 0.41640625 0.0171875 0.028125
0 0.33046875 0.49140625 0.0359375 0.05
0 0.4203125 0.390625 0.0125 0.01953125
0 0.4515625 0.384375 0.0125 0.01953125
0 0.40078125 0.415625 0.0171875 0.025
0 0.38046875 0.440625 0.0203125 0.03046875
0 0.46171875 0.421875 0.0203125 0.028125
0 0.5703125 0.3890625 0.009375 0.021875
0 0.71015625 0.43359375 0.0171875 0.021875
0 0.596875 0.4125 0.025 0.0359375
0 0.553125 0.3984375 0.015625 0.01953125
0 0.40625 0.3640625 0.00625 0.01640625
0 0.47578125 0.38046875 0.0109375 0.01640625
0 0.46328125 0.40546875 0.0140625 0.01640625
0 0.48359375 0.36640625 0.0109375 0.01640625
0 0.46015625 0.359375 0.0109375 0.0140625
0 0.54765625 0.38359375 0.0078125 0.01640625
0 0.55546875 0.36796875 0.0078125 0.0140625
0 0.5484375 0.35390625 0.009375 0.0140625
0 0.553125 0.384375 0.009375 0.0140625
0 0.5046875 0.35703125 0.009375 0.01953125
0 0.51875 0.3609375 0.00625 0.01640625