1 0.36875 0.484375 0.065625 0.11953125
1 0.453125 0.36640625 0.025 0.05
1 0.3734375 0.4140625 0.04375 0.05
0 0.37421875 0.70859375 0.0640625 0.1
0 0.4140625 0.58203125 0.04375 0.0640625
0 0.61171875 0.6125 0.0515625 0.08046875
0 0.0625 0.8140625 0.125 0.2609375
0 0.3125 0.60390625 0.059375 0.08046875
0 0.64140625 0.4765625 0.0296875 0.04140625
0 0.428125 0.5125 0.03125 0.046875
0 0.5671875 0.41796875 0.015625 0.025
0 0.5421875 0.4625 0.025 0.0359375
0 0.53125 0.4015625 0.015625 0.03046875
0 0.41328125 0.45 0.0234375 0.03359375
0 0.5953125 0.4765625 0.028125 0.04140625
0 0.4484375 0.453125 0.025 0.03359375
0 0.421875 0.39296875 0.0125 0.01953125
0 0.43125 0.415625 0.01875 0.025
0 0.4578125 0.428125 0.01875 0.028125
0 0.5625 0.37890625 0.0125 0.0140625
0 0.4390625 0.3765625 0.00625 0.0140625
0 0.5203125 0.35546875 0.009375 0.01640625
0 0.44375 0.4 0.0125 0.021875
0 0.48203125 0.378125 0.0078125 0.0109375
0 0.465625 0.403125 0.015625 0.021875
0 0.40625 0.365625 0.00625 0.0140625
0 0.5453125 0.32890625 0.00625 0.0140625
0 0.47421875 0.3890625 0.0109375 0.01640625
0 0.53984375 0.375 0.0078125 0.01640625
0 0.3640625 0.4140625 0.01875 0.028125