1 0.84921875 0.675 0.2578125 0.378125
1 0.16328125 0.6140625 0.2421875 0.30546875
1 0.446875 0.3515625 0.01875 0.04140625
0 0.3796875 0.73046875 0.075 0.1109375
0 0.290625 0.64140625 0.059375 0.08359375
0 0.66640625 0.603125 0.0546875 0.078125
0 0.6421875 0.73046875 0.08125 0.1609375
0 0.384375 0.49296875 0.034375 0.04140625
0 0.62109375 0.4515625 0.0234375 0.03046875
0 0.19375 0.8375 0.103125 0.14140625
0 0.34921875 0.47109375 0.0328125 0.04140625
0 0.5890625 0.45546875 0.021875 0.0390625
0 0.57421875 0.390625 0.0140625 0.01953125
0 0.40625 0.4125 0.01875 0.025
0 0.55234375 0.47109375 0.0265625 0.04140625
0 0.4390625 0.4984375 0.034375 0.05859375
0 0.5375 0.4109375 0.01875 0.028125
0 0.45703125 0.44609375 0.0203125 0.03046875
0 0.43828125 0.375 0.0109375 0.01640625
0 0.528125 0.38046875 0.015625 0.028125
0 0.4390625 0.40703125 0.015625 0.025
0 0.55 0.3890625 0.0125 0.01640625
0 0.41796875 0.4015625 0.0140625 0.01953125
0 0.46484375 0.41640625 0.0171875 0.021875
0 0.446875 0.39140625 0.0125 0.01640625
0 0.5546875 0.36796875 0.009375 0.0140625
0 0.47734375 0.378125 0.0109375 0.01640625
0 0.46953125 0.35703125 0.0109375 0.01953125
0 0.40703125 0.3625 0.0046875 0.0140625
0 0.47265625 0.39296875 0.0140625 0.01953125
0 0.46015625 0.35390625 0.0109375 0.0140625
0 0.4875 0.3625 0.009375 0.0140625
0 0.5046875 0.35703125 0.009375 0.01953125
0 0.275 0.5609375 0.015625 0.06640625
0 0.546875 0.3515625 0.009375 0.0140625
0 0.50625 0.878125 0.1375 0.2390625
0 0.53828125 0.3640625 0.0078125 0.0109375