0 0.32265625 0.8984375 0.0984375 0.1640625
0 0.15703125 0.88046875 0.1203125 0.15
0 0.190625 0.65 0.075 0.078125
0 0.28515625 0.65703125 0.0640625 0.08046875
0 0.0328125 0.89296875 0.065625 0.175
0 0.4171875 0.5484375 0.04375 0.05859375
0 0.303125 0.54296875 0.04375 0.053125
0 0.55859375 0.484375 0.0296875 0.053125
0 0.34921875 0.4765625 0.0265625 0.0359375
0 0.4453125 0.475 0.025 0.0390625
0 0.38671875 0.4890625 0.0296875 0.04453125
0 0.59765625 0.41953125 0.0234375 0.0390625
0 0.5765625 0.44296875 0.01875 0.03046875
0 0.53359375 0.40546875 0.0171875 0.028125
0 0.3546875 0.54140625 0.040625 0.05546875
0 0.3828125 0.440625 0.021875 0.03046875
0 0.403125 0.459375 0.025 0.0359375
0 0.4203125 0.39609375 0.0125 0.01953125
0 0.453125 0.44296875 0.021875 0.03046875
0 0.4 0.41640625 0.01875 0.021875
0 0.41640625 0.4359375 0.0171875 0.028125
0 0.46015625 0.415625 0.0140625 0.025
0 0.46953125 0.39453125 0.0140625 0.01640625
0 0.43984375 0.4015625 0.0140625 0.01953125
0 0.40625 0.3640625 0.00625 0.01640625
0 0.521875 0.3609375 0.009375 0.01640625
0 0.57734375 0.403125 0.0140625 0.021875
0 0.54921875 0.3875 0.0140625 0.01953125
0 0.44453125 0.371875 0.0078125 0.01640625
0 0.559375 0.359375 0.0125 0.0140625
0 0.46171875 0.36953125 0.0109375 0.01640625
0 0.48359375 0.36640625 0.0109375 0.01640625
0 0.015625 0.7609375 0.03125 0.06640625
0 0.453125 0.384375 0.0125 0.01953125
0 0.56640625 0.3859375 0.0078125 0.01640625
0 0.559375 0.375 0.0125 0.01640625