1 0.18203125 0.5890625 0.2171875 0.3
0 0.90625 0.775 0.10625 0.1390625
0 0.2640625 0.7015625 0.071875 0.096875
0 0.753125 0.603125 0.059375 0.0890625
0 0.38125 0.65703125 0.059375 0.0859375
0 0.42265625 0.5125 0.0390625 0.046875
0 0.34765625 0.56640625 0.0453125 0.05546875
0 0.3296875 0.49609375 0.034375 0.04140625
0 0.5734375 0.43203125 0.01875 0.03046875
0 0.6453125 0.484375 0.028125 0.04140625
0 0.06328125 0.946875 0.1265625 0.1
0 0.3984375 0.41640625 0.021875 0.028125
0 0.61484375 0.44140625 0.0203125 0.028125
0 0.31171875 0.9890625 0.0828125 0.01640625
0 0.42421875 0.43203125 0.0203125 0.03046875
0 0.4609375 0.43359375 0.01875 0.021875
0 0.5421875 0.378125 0.0125 0.01640625
0 0.52421875 0.35859375 0.0109375 0.01640625
0 0.55703125 0.371875 0.0109375 0.0109375
0 0.434375 0.415625 0.015625 0.025
0 0.46796875 0.40859375 0.0171875 0.021875
0 0.45 0.39296875 0.0125 0.0140625
0 0.38359375 0.490625 0.0328125 0.046875
0 0.4296875 0.384375 0.0125 0.01953125
0 0.44296875 0.371875 0.0109375 0.0109375
0 0.40625 0.3640625 0.00625 0.01640625
0 0.50390625 0.35703125 0.0109375 0.01953125
0 0.53515625 0.328125 0.0078125 0.0109375
0 0.475 0.3875 0.015625 0.01953125
0 0.47265625 0.309375 0.0078125 0.0140625
0 0.45703125 0.3765625 0.0109375 0.01953125
0 0.3859375 0.41796875 0.00625 0.0140625
0 0.2828125 0.49296875 0.01875 0.053125
0 0.48203125 0.36953125 0.0109375 0.01640625
0 0.4890625 0.35703125 0.009375 0.0140625