1 0.690625 0.590625 0.1375 0.253125
1 0.4015625 0.39453125 0.040625 0.071875
0 0.165625 0.85859375 0.134375 0.178125
0 0.384375 0.69453125 0.059375 0.09453125
0 0.24765625 0.584375 0.0609375 0.06953125
0 0.44375 0.4859375 0.03125 0.0390625
0 0.35703125 0.5375 0.0390625 0.0640625
0 0.61796875 0.7 0.0640625 0.11640625
0 0.35078125 0.46796875 0.0265625 0.0359375
0 0.596875 0.59453125 0.046875 0.078125
0 0.39765625 0.46796875 0.0296875 0.046875
0 0.4296875 0.415625 0.01875 0.03046875
0 0.61015625 0.440625 0.0234375 0.03046875
0 0.5625 0.42109375 0.01875 0.03046875
0 0.57265625 0.3890625 0.0109375 0.01640625
0 0.43671875 0.38046875 0.0109375 0.01640625
0 0.46640625 0.39453125 0.0140625 0.021875
0 0.453125 0.384375 0.0125 0.01953125
0 0.55546875 0.36640625 0.0140625 0.021875
0 0.4765625 0.38046875 0.0125 0.01640625
0 0.525 0.38203125 0.015625 0.025
0 0.54765625 0.3265625 0.0140625 0.0140625
0 0.53828125 0.36640625 0.0109375 0.01640625
0 0.45703125 0.3734375 0.0109375 0.0140625
0 0.45546875 0.36796875 0.0140625 0.0140625
0 0.55859375 0.37109375 0.0078125 0.0140625
0 0.48359375 0.365625 0.0140625 0.01953125
0 0.521875 0.371875 0.009375 0.01640625
0 0.5390625 0.35703125 0.046875 0.08046875
0 0.45234375 0.365625 0.0078125 0.0140625