0 0.6625 0.796875 0.0875 0.15546875
0 0.14296875 0.88203125 0.1421875 0.16953125
0 0.90625 0.79609375 0.10625 0.14140625
0 0.42265625 0.55703125 0.0390625 0.05859375
0 0.3640625 0.74453125 0.090625 0.1609375
0 0.57734375 0.39296875 0.0140625 0.01953125
0 0.3515625 0.4734375 0.028125 0.0359375
0 0.3078125 0.5234375 0.04375 0.0640625
0 0.4390625 0.47890625 0.025 0.0359375
0 0.38046875 0.4390625 0.0234375 0.03359375
0 0.4484375 0.446875 0.025 0.03359375
0 0.546875 0.38359375 0.0125 0.01640625
0 0.459375 0.42890625 0.01875 0.03046875
0 0.4765625 0.3765625 0.0125 0.0140625
0 0.4 0.41796875 0.015625 0.025
0 0.4671875 0.40703125 0.015625 0.03046875
0 0.40625 0.3640625 0.00625 0.01640625
0 0.47109375 0.35703125 0.0109375 0.01953125
0 0.45859375 0.378125 0.0078125 0.01640625
0 0.41015625 0.4125 0.0109375 0.03046875
0 0.4328125 0.34609375 0.015625 0.01953125
0 0.4640625 0.3640625 0.009375 0.01640625
0 0.546875 0.35859375 0.009375 0.01640625
0 0.5234375 0.3609375 0.0125 0.01640625
0 0.421875 0.434375 0.025 0.025
0 0.440625 0.409375 0.009375 0.01953125
0 0.4328125 0.37890625 0.009375 0.0140625