0 0.24609375 0.7390625 0.0953125 0.1109375
0 0.0625 0.8140625 0.125 0.1390625
0 0.3796875 0.678125 0.065625 0.09453125
0 0.71015625 0.55 0.0453125 0.0609375
0 0.6828125 0.87109375 0.109375 0.21953125
0 0.43515625 0.4859375 0.0390625 0.0390625
0 0.390625 0.475 0.03125 0.04453125
0 0.4171875 0.44140625 0.021875 0.03359375
0 0.3859375 0.4359375 0.021875 0.028125
0 0.28203125 0.55390625 0.0515625 0.05859375
0 0.53671875 0.43203125 0.0203125 0.03046875
0 0.578125 0.43203125 0.021875 0.03046875
0 0.53125 0.39609375 0.015625 0.025
0 0.43984375 0.4 0.0140625 0.021875
0 0.478125 0.375 0.0125 0.01640625
0 0.40703125 0.3625 0.0046875 0.0140625
0 0.54765625 0.3875 0.0140625 0.01953125
0 0.4515625 0.3875 0.0125 0.025
0 0.4578125 0.3734375 0.0125 0.01953125
0 0.475 0.3109375 0.009375 0.01640625
0 0.47265625 0.35859375 0.0109375 0.0109375
0 0.42265625 0.4875 0.0140625 0.03046875
0 0.44375 0.371875 0.009375 0.0109375
0 0.5390625 0.36953125 0.0125 0.01640625
0 0.484375 0.3625 0.0125 0.0140625
0 0.4109375 0.3609375 0.015625 0.01640625