1 0.08828125 0.7390625 0.1765625 0.46640625
1 0.4671875 0.34140625 0.01875 0.03359375
0 0.21640625 0.8140625 0.1015625 0.13359375
0 0.42109375 0.546875 0.0390625 0.05546875
0 0.3328125 0.4984375 0.0375 0.04140625
0 0.61796875 0.50703125 0.0328125 0.04140625
0 0.378125 0.44453125 0.021875 0.028125
0 0.4515625 0.45 0.021875 0.03359375
0 0.378125 0.509375 0.034375 0.046875
0 0.4140625 0.403125 0.015625 0.021875
0 0.52578125 0.384375 0.0140625 0.01953125
0 0.47265625 0.39453125 0.0140625 0.021875
0 0.43671875 0.378125 0.0109375 0.01640625
0 0.42578125 0.42109375 0.0171875 0.025
0 0.41171875 0.4484375 0.0203125 0.0359375
0 0.40625 0.3625 0.00625 0.0140625
0 0.5046875 0.35859375 0.009375 0.01640625
0 0.5484375 0.35703125 0.009375 0.0140625
0 0.45859375 0.3765625 0.0109375 0.0140625
0 0.48203125 0.36796875 0.0109375 0.01953125
0 0.4046875 0.4609375 0.021875 0.03359375
0 0.446875 0.39140625 0.0125 0.01640625
0 0.46640625 0.365625 0.0078125 0.0140625
0 0.47578125 0.35390625 0.0109375 0.0140625
0 0.53203125 0.35390625 0.0078125 0.0140625
0 0.53671875 0.3625 0.0078125 0.0140625
0 0.48984375 0.35546875 0.0078125 0.01640625
0 0.44921875 0.36953125 0.0078125 0.0109375