1 0.4140625 0.384375 0.034375 0.0640625
1 0.30078125 0.60703125 0.0703125 0.1140625
0 0.3953125 0.6609375 0.053125 0.08359375
0 0.56953125 0.546875 0.0390625 0.0609375
0 0.6453125 0.5625 0.04375 0.0640625
0 0.43125 0.5234375 0.03125 0.053125
0 0.715625 0.571875 0.04375 0.06640625
0 0.63046875 0.71953125 0.0671875 0.128125
0 0.37109375 0.509375 0.0359375 0.046875
0 0.30078125 0.5234375 0.0390625 0.05859375
0 0.559375 0.4015625 0.015625 0.025
0 0.44296875 0.45859375 0.0234375 0.03359375
0 0.39140625 0.43359375 0.0234375 0.028125
0 0.57890625 0.396875 0.0140625 0.021875
0 0.4015625 0.45703125 0.021875 0.0359375
0 0.446875 0.39296875 0.0125 0.01953125
0 0.52890625 0.37890625 0.0109375 0.01953125
0 0.46484375 0.4125 0.0171875 0.025
0 0.478125 0.34609375 0.009375 0.01953125
0 0.46015625 0.359375 0.0109375 0.0140625
0 0.4703125 0.396875 0.0125 0.021875
0 0.46171875 0.371875 0.0109375 0.01640625
0 0.43046875 0.3875 0.0078125 0.01953125
0 0.47578125 0.378125 0.0140625 0.01640625
0 0.4890625 0.35546875 0.009375 0.01640625
0 0.55078125 0.3609375 0.0109375 0.021875
0 0.55390625 0.365625 0.0078125 0.0140625
0 0.5046875 0.35703125 0.009375 0.0140625
0 0.48203125 0.365625 0.0109375 0.0140625
0 0.53203125 0.34140625 0.0078125 0.01640625