1 0.65859375 0.46796875 0.0671875 0.1140625
1 0.4625 0.35859375 0.01875 0.0390625
0 0.32578125 0.8234375 0.0921875 0.11953125
0 0.31796875 0.515625 0.0390625 0.046875
0 0.3828125 0.4890625 0.03125 0.0390625
0 0.634375 0.52109375 0.0375 0.053125
0 0.38125 0.434375 0.01875 0.03046875
0 0.41171875 0.440625 0.0203125 0.03046875
0 0.40625 0.59296875 0.05 0.06953125
0 0.4046875 0.4109375 0.015625 0.021875
0 0.4625 0.41640625 0.015625 0.021875
0 0.42109375 0.390625 0.0140625 0.01953125
0 0.5484375 0.35546875 0.009375 0.0109375
0 0.53359375 0.353125 0.0109375 0.01640625
0 0.43671875 0.37890625 0.0109375 0.01953125
0 0.46796875 0.396875 0.0140625 0.021875
0 0.4765625 0.378125 0.0125 0.01640625
0 0.40625 0.365625 0.00625 0.0140625
0 0.4484375 0.39296875 0.0125 0.01953125
0 0.29140625 0.43046875 0.0109375 0.028125
0 0.4453125 0.37109375 0.009375 0.0140625
0 0.50546875 0.35546875 0.0078125 0.01640625
0 0.4765625 0.35546875 0.009375 0.01640625
0 0.45078125 0.36640625 0.0078125 0.01640625
0 0.53671875 0.33359375 0.0140625 0.0109375
0 0.4859375 0.3625 0.009375 0.0140625