1 0.1578125 0.76640625 0.309375 0.4609375
0 0.42890625 0.52109375 0.0296875 0.053125
0 0.621875 0.6484375 0.05625 0.09140625
0 0.6953125 0.540625 0.040625 0.05859375
0 0.64921875 0.559375 0.0421875 0.0640625
0 0.5390625 0.42890625 0.021875 0.0359375
0 0.584375 0.453125 0.025 0.0390625
0 0.60703125 0.43203125 0.0203125 0.03046875
0 0.378125 0.45 0.025 0.03359375
0 0.4203125 0.4375 0.021875 0.03046875
0 0.45859375 0.4359375 0.0171875 0.028125
0 0.53984375 0.371875 0.0109375 0.01640625
0 0.3921875 0.4265625 0.01875 0.025
0 0.1390625 0.7 0.084375 0.071875
0 0.48046875 0.375 0.0109375 0.01640625
0 0.47421875 0.353125 0.0140625 0.01640625
0 0.4109375 0.40546875 0.015625 0.01640625
0 0.42890625 0.384375 0.0109375 0.01953125
0 0.446875 0.3875 0.015625 0.01953125
0 0.44296875 0.3734375 0.0140625 0.01953125
0 0.50390625 0.35703125 0.0109375 0.01953125
0 0.40703125 0.3625 0.0046875 0.0140625
0 0.465625 0.36640625 0.0125 0.01640625
0 0.5015625 0.334375 0.00625 0.0140625
0 0.19375 0.62890625 0.059375 0.046875
0 0.278125 0.7 0.046875 0.071875
0 0.209375 0.60546875 0.090625 0.08359375