1 0.57265625 0.375 0.0234375 0.05
1 0.46640625 0.340625 0.0140625 0.025
0 0.628125 0.5234375 0.040625 0.053125
0 0.34140625 0.87109375 0.0984375 0.15859375
0 0.26953125 0.696875 0.0734375 0.09453125
0 0.2359375 0.60859375 0.0625 0.06640625
0 0.33203125 0.49453125 0.0359375 0.0390625
0 0.7796875 0.64140625 0.075 0.1109375
0 0.4421875 0.475 0.028125 0.0390625
0 0.3859375 0.5 0.0375 0.05
0 0.41171875 0.5765625 0.0453125 0.06953125
0 0.5578125 0.40703125 0.015625 0.025
0 0.38671875 0.43203125 0.0203125 0.03046875
0 0.45546875 0.42109375 0.0203125 0.03046875
0 0.40390625 0.45546875 0.0234375 0.03359375
0 0.42578125 0.428125 0.0171875 0.028125
0 0.4171875 0.39609375 0.0125 0.01953125
0 0.44375 0.39453125 0.015625 0.021875
0 0.54375 0.37890625 0.0125 0.01953125
0 0.471875 0.4 0.0125 0.021875
0 0.40625 0.3640625 0.00625 0.01640625
0 0.52734375 0.3890625 0.0140625 0.021875
0 0.50625 0.35546875 0.00625 0.01640625
0 0.446875 0.36796875 0.009375 0.0140625
0 0.4796875 0.38046875 0.0125 0.01640625
0 0.475 0.309375 0.009375 0.01953125
0 0.52421875 0.3359375 0.0078125 0.01640625
0 0.46953125 0.365625 0.0078125 0.0140625
0 0.525 0.375 0.0125 0.01640625
0 0.4609375 0.37109375 0.0125 0.01953125
0 0.475 0.359375 0.009375 0.01953125
0 0.575 0.3890625 0.015625 0.021875