1 0.3609375 0.43359375 0.0625 0.10546875
0 0.2234375 0.625 0.059375 0.071875
0 0.91171875 0.8140625 0.1140625 0.15
0 0.68203125 0.5234375 0.0359375 0.053125
0 0.3078125 0.91953125 0.11875 0.15546875
0 0.56953125 0.534375 0.0328125 0.05859375
0 0.37265625 0.5234375 0.0390625 0.053125
0 0.4046875 0.465625 0.025 0.0359375
0 0.43203125 0.50390625 0.0359375 0.05859375
0 0.4484375 0.43359375 0.01875 0.028125
0 0.575 0.4375 0.01875 0.03046875
0 0.57734375 0.4 0.0140625 0.021875
0 0.43046875 0.41640625 0.0171875 0.028125
0 0.47109375 0.39140625 0.0140625 0.021875
0 0.41875 0.39453125 0.0125 0.021875
0 0.52890625 0.3890625 0.0140625 0.021875
0 0.44921875 0.3890625 0.0140625 0.01640625
0 0.53359375 0.40546875 0.0140625 0.021875
0 0.725 0.91640625 0.140625 0.1609375
0 0.5375 0.35859375 0.009375 0.0109375
0 0.29140625 0.43046875 0.0109375 0.028125
0 0.4359375 0.378125 0.0125 0.01640625
0 0.4578125 0.3734375 0.0125 0.01953125
0 0.4734375 0.3125 0.009375 0.0140625
0 0.52421875 0.36640625 0.0109375 0.0109375
0 0.40703125 0.365625 0.0046875 0.0140625
0 0.51875 0.3609375 0.00625 0.01640625
0 0.48046875 0.371875 0.0109375 0.01640625
0 0.50546875 0.35703125 0.0078125 0.0140625
0 0.565625 0.353125 0.00625 0.0109375
0 0.51796875 0.325 0.0078125 0.0109375
0 0.49765625 0.34609375 0.0078125 0.0140625
0 0.46953125 0.3609375 0.0109375 0.01640625
0 0.54296875 0.34609375 0.0078125 0.0140625
0 0.3859375 0.44609375 0.0125 0.03046875