1 0.5671875 0.37109375 0.01875 0.0359375
0 0.21328125 0.803125 0.1015625 0.14453125
0 0.66015625 0.825 0.0890625 0.18359375
0 0.0609375 0.809375 0.121875 0.146875
0 0.4390625 0.4859375 0.028125 0.04453125
0 0.37421875 0.50390625 0.0328125 0.04140625
0 0.29921875 0.534375 0.0453125 0.05859375
0 0.41015625 0.5609375 0.0421875 0.06640625
0 0.5359375 0.41796875 0.01875 0.025
0 0.753125 0.61796875 0.0625 0.096875
0 0.3890625 0.4265625 0.021875 0.03046875
0 0.32109375 0.58046875 0.0546875 0.078125
0 0.4578125 0.41640625 0.01875 0.028125
0 0.41875 0.4375 0.01875 0.03046875
0 0.55546875 0.3984375 0.0140625 0.025
0 0.4140625 0.4015625 0.015625 0.01953125
0 0.43515625 0.409375 0.0171875 0.025
0 0.5203125 0.35390625 0.009375 0.01953125
0 0.46875 0.3875 0.0125 0.01953125
0 0.4953125 0.3390625 0.0125 0.021875
0 0.40625 0.3640625 0.00625 0.01640625
0 0.50390625 0.35703125 0.0109375 0.01953125
0 0.48671875 0.35546875 0.0109375 0.01640625
0 0.44296875 0.36953125 0.0109375 0.01640625
0 0.459375 0.378125 0.0125 0.01640625
0 0.36953125 0.3265625 0.0109375 0.0140625
0 0.55390625 0.365625 0.0078125 0.0140625
0 0.52421875 0.390625 0.0046875 0.0140625
0 0.46796875 0.359375 0.0109375 0.01953125
0 0.546875 0.353125 0.009375 0.01640625