1 0.3078125 0.5765625 0.078125 0.14140625
1 0.38046875 0.4625 0.0703125 0.1359375
1 0.6765625 0.59140625 0.071875 0.13359375
1 0.3953125 0.3890625 0.040625 0.06640625
1 0.46796875 0.3390625 0.0140625 0.028125
0 0.1890625 0.64140625 0.075 0.0890625
0 0.2046875 0.796875 0.096875 0.14453125
0 0.646875 0.74453125 0.078125 0.14453125
0 0.396875 0.625 0.05625 0.078125
0 0.434375 0.52109375 0.03125 0.046875
0 0.55234375 0.478125 0.0265625 0.04453125
0 0.61796875 0.4484375 0.0234375 0.03046875
0 0.5953125 0.46796875 0.028125 0.0359375
0 0.6609375 0.4875 0.0375 0.05859375
0 0.28515625 0.528125 0.0328125 0.0390625
0 0.43671875 0.478125 0.0265625 0.0390625
0 0.43671875 0.40546875 0.0171875 0.021875
0 0.575 0.415625 0.015625 0.025
0 0.465625 0.40703125 0.015625 0.025
0 0.53828125 0.4125 0.0171875 0.025
0 0.28828125 0.9875 0.0890625 0.01953125
0 0.55078125 0.384375 0.0171875 0.025
0 0.47421875 0.38359375 0.0109375 0.01640625
0 0.44765625 0.3859375 0.0140625 0.01640625
0 0.446875 0.36796875 0.009375 0.0140625
0 0.4625 0.36953125 0.009375 0.01640625
0 0.47734375 0.353125 0.0078125 0.0109375
0 0.703125 0.29140625 0.0125 0.0109375
0 0.5234375 0.37890625 0.0125 0.0140625
0 0.4828125 0.365625 0.009375 0.0140625
0 0.540625 0.36953125 0.0125 0.01640625
0 0.4140625 0.4140625 0.00625 0.01640625
0 0.28671875 0.51796875 0.0234375 0.01953125
0 0.5203125 0.3609375 0.009375 0.01640625
0 0.55859375 0.37109375 0.0109375 0.0140625
0 0.70859375 0.31796875 0.0109375 0.00859375
0 0.49375 0.3484375 0.009375 0.0140625
0 0.3703125 0.3265625 0.0125 0.0140625
0 0.65859375 0.471875 0.0265625 0.028125
0 0.4390625 0.44609375 0.0125 0.025
0 0.6921875 0.29140625 0.00625 0.0109375
0 0.44921875 0.44296875 0.0234375 0.03046875