1 0.74375 0.565625 0.153125 0.2359375
1 0.23515625 0.68359375 0.1328125 0.228125
1 0.121875 0.703125 0.1125 0.171875
0 0.35390625 0.7875 0.0828125 0.125
0 0.63515625 0.74453125 0.0734375 0.13359375
0 0.409375 0.5890625 0.040625 0.06640625
0 0.31640625 0.5125 0.0359375 0.04140625
0 0.38515625 0.49140625 0.0328125 0.0390625
0 0.44921875 0.459375 0.0234375 0.0359375
0 0.46328125 0.41796875 0.0171875 0.025
0 0.39296875 0.428125 0.0203125 0.028125
0 0.54609375 0.465625 0.0296875 0.04140625
0 0.60625 0.4359375 0.01875 0.028125
0 0.57734375 0.4 0.0140625 0.021875
0 0.56484375 0.384375 0.0140625 0.01953125
0 0.425 0.43203125 0.01875 0.03046875
0 0.41640625 0.4 0.0140625 0.021875
0 0.56953125 0.5234375 0.0328125 0.053125
0 0.43125 0.4109375 0.015625 0.021875
0 0.47890625 0.378125 0.0109375 0.01640625
0 0.4546875 0.37890625 0.009375 0.0140625
0 0.40625 0.365625 0.00625 0.0140625
0 0.44765625 0.39140625 0.0140625 0.01640625
0 0.4609375 0.3609375 0.015625 0.021875
0 0.2921875 0.67890625 0.01875 0.0859375
0 0.61640625 0.365625 0.0109375 0.0140625
0 0.1046875 0.659375 0.065625 0.08046875
0 0.47265625 0.3140625 0.0078125 0.01640625
0 0.44609375 0.375 0.0109375 0.01640625
0 0.60859375 0.44453125 0.0171875 0.01640625
0 0.5484375 0.47109375 0.01875 0.03046875