1 0.259375 0.659375 0.10625 0.175
1 0.91484375 0.7390625 0.1671875 0.471875
1 0.4109375 0.425 0.046875 0.08359375
1 0.54609375 0.34140625 0.0109375 0.028125
0 0.38125 0.6765625 0.0625 0.09140625
0 0.715625 0.82109375 0.10625 0.19140625
0 0.3 0.53203125 0.046875 0.053125
0 0.4390625 0.49296875 0.028125 0.0359375
0 0.3859375 0.49609375 0.034375 0.04140625
0 0.6453125 0.4765625 0.03125 0.04140625
0 0.5875 0.45390625 0.025 0.0359375
0 0.55390625 0.4890625 0.0296875 0.05
0 0.359375 0.46640625 0.028125 0.03359375
0 0.53046875 0.3875 0.0140625 0.01953125
0 0.71953125 0.5765625 0.0515625 0.06953125
0 0.5875 0.40390625 0.015625 0.01953125
0 0.5578125 0.40546875 0.015625 0.021875
0 0.45625 0.428125 0.021875 0.028125
0 0.4671875 0.3984375 0.015625 0.025
0 0.44140625 0.4015625 0.0140625 0.025
0 0.521875 0.3625 0.009375 0.0140625
0 0.4515625 0.38359375 0.0125 0.01640625
0 0.40703125 0.3625 0.0046875 0.0140625
0 0.4453125 0.36953125 0.009375 0.01640625
0 0.50546875 0.35703125 0.0078125 0.0140625
0 0.4859375 0.365625 0.009375 0.01953125
0 0.46328125 0.36640625 0.0109375 0.01640625
0 0.453125 0.3625 0.009375 0.0140625
0 0.47578125 0.375 0.0140625 0.021875
0 0.8734375 0.796875 0.04375 0.08359375
0 0.490625 0.3375 0.009375 0.0140625
0 0.4765625 0.35546875 0.009375 0.0109375
0 0.3953125 0.45703125 0.009375 0.01953125