0 0.4203125 0.5625 0.040625 0.05859375
0 0.37890625 0.72109375 0.0734375 0.10859375
0 0.2796875 0.6765625 0.06875 0.103125
0 0.64296875 0.74140625 0.0796875 0.1390625
0 0.2734375 0.9640625 0.11875 0.06640625
0 0.7109375 0.5625 0.05 0.0640625
0 0.09140625 0.95703125 0.1359375 0.08046875
0 0.4453125 0.47109375 0.025 0.0359375
0 0.58515625 0.409375 0.0171875 0.025
0 0.390625 0.4265625 0.01875 0.025
0 0.5390625 0.42109375 0.01875 0.03046875
0 0.33515625 0.4765625 0.0421875 0.06953125
0 0.42265625 0.4265625 0.0171875 0.025
0 0.4578125 0.4265625 0.015625 0.025
0 0.48515625 0.3625 0.0109375 0.0140625
0 0.43046875 0.38359375 0.0140625 0.028125
0 0.44140625 0.39453125 0.0140625 0.021875
0 0.54375 0.37109375 0.0125 0.01953125
0 0.521875 0.36796875 0.0125 0.0140625
0 0.54296875 0.340625 0.0109375 0.0140625
0 0.47421875 0.3125 0.0078125 0.0140625
0 0.40625 0.3625 0.00625 0.0140625
0 0.44765625 0.36796875 0.0078125 0.0140625
0 0.46953125 0.359375 0.0078125 0.0140625
0 0.50078125 0.3390625 0.0109375 0.01640625
0 0.521875 0.35703125 0.0125 0.0359375
0 0.428125 0.3875 0.009375 0.01953125
0 0.4765625 0.34453125 0.009375 0.0109375
0 0.51796875 0.3234375 0.0109375 0.0140625
0 0.49296875 0.34609375 0.0109375 0.0140625
0 0.50546875 0.35703125 0.0078125 0.0140625