1 0.58828125 0.446875 0.0296875 0.0609375
1 0.62109375 0.434375 0.0296875 0.0640625
1 0.43984375 0.39296875 0.0203125 0.04140625
0 0.25078125 0.72890625 0.0921875 0.10859375
0 0.2859375 0.5515625 0.05 0.05859375
0 0.4046875 0.596875 0.05 0.06640625
0 0.446875 0.46796875 0.021875 0.0359375
0 0.359375 0.55390625 0.04375 0.05859375
0 0.01953125 0.9375 0.0390625 0.103125
0 0.36171875 0.4609375 0.0265625 0.0390625
0 0.41484375 0.403125 0.0140625 0.021875
0 0.284375 0.9859375 0.1 0.021875
0 0.38828125 0.4984375 0.0296875 0.046875
0 0.57265625 0.39140625 0.0109375 0.021875
0 0.46875 0.40859375 0.015625 0.021875
0 0.52890625 0.3875 0.0140625 0.01953125
0 0.54375 0.375 0.0125 0.01640625
0 0.621875 0.41640625 0.028125 0.028125
0 0.525 0.36640625 0.0125 0.01640625
0 0.5828125 0.40703125 0.0125 0.01953125
0 0.74765625 0.34296875 0.0109375 0.0140625
0 0.47421875 0.3875 0.0140625 0.01953125
0 0.5453125 0.3484375 0.009375 0.01953125
0 0.52109375 0.34140625 0.0078125 0.0109375
0 0.48125 0.36953125 0.0125 0.01640625
0 0.40625 0.3625 0.00625 0.0140625
0 0.50625 0.35546875 0.00625 0.01640625
0 0.5359375 0.35 0.0125 0.01640625
0 0.46328125 0.36796875 0.0078125 0.0140625
0 0.4375 0.3765625 0.0125 0.0140625
0 0.44375 0.371875 0.00625 0.01640625
0 0.53359375 0.3609375 0.0359375 0.078125