1 0.38046875 0.40859375 0.0484375 0.1
0 0.15234375 0.70703125 0.0953125 0.096875
0 0.3796875 0.69453125 0.0625 0.09453125
0 0.7125 0.68203125 0.065625 0.103125
0 0.36875 0.51953125 0.0375 0.05
0 0.2703125 0.6734375 0.084375 0.125
0 0.43203125 0.48046875 0.0328125 0.05
0 0.60703125 0.43046875 0.0203125 0.028125
0 0.5625 0.50859375 0.028125 0.05
0 0.58125 0.403125 0.015625 0.028125
0 0.57109375 0.428125 0.0171875 0.028125
0 0.5359375 0.4140625 0.021875 0.05
0 0.43515625 0.4109375 0.0171875 0.021875
0 0.4109375 0.4109375 0.0125 0.021875
0 0.46484375 0.409375 0.0171875 0.025
0 0.5546875 0.36953125 0.009375 0.0109375
0 0.42578125 0.390625 0.0109375 0.01953125
0 0.38046875 0.44140625 0.0421875 0.03359375
0 0.446875 0.39296875 0.0125 0.01953125
0 0.54453125 0.38046875 0.0109375 0.0109375
0 0.4703125 0.39140625 0.0125 0.01640625
0 0.4359375 0.38046875 0.0125 0.01640625
0 0.45859375 0.359375 0.0078125 0.0140625
0 0.4921875 0.34140625 0.015625 0.01640625
0 0.48046875 0.37109375 0.0109375 0.01953125
0 0.52421875 0.37109375 0.0109375 0.01953125
0 0.5046875 0.35703125 0.009375 0.01953125
0 0.703125 0.290625 0.0125 0.0140625
0 0.53359375 0.3515625 0.0078125 0.0140625
0 0.55390625 0.3265625 0.0078125 0.0140625
0 0.46015625 0.36953125 0.0109375 0.01640625
0 0.4578125 0.38046875 0.009375 0.01640625
0 0.47109375 0.35859375 0.0078125 0.01640625
0 0.5328125 0.33046875 0.009375 0.0109375
0 0.40625 0.3640625 0.00625 0.01640625
0 0.53671875 0.36796875 0.0078125 0.0140625
0 0.375 0.4484375 0.028125 0.01953125