1 0.70859375 0.5140625 0.1171875 0.1890625
0 0.05625 0.88359375 0.1125 0.171875
0 0.384375 0.7015625 0.06875 0.103125
0 0.24765625 0.584375 0.0578125 0.0640625
0 0.34921875 0.4765625 0.0296875 0.0359375
0 0.30546875 0.615625 0.0578125 0.075
0 0.434375 0.50703125 0.028125 0.04140625
0 0.6875 0.634375 0.0625 0.103125
0 0.45078125 0.4375 0.0234375 0.03046875
0 0.5640625 0.51796875 0.034375 0.053125
0 0.41484375 0.44296875 0.0234375 0.03046875
0 0.3890625 0.428125 0.01875 0.028125
0 0.4703125 0.396875 0.015625 0.021875
0 0.540625 0.4375 0.021875 0.0359375
0 0.58515625 0.4515625 0.0265625 0.046875
0 0.6078125 0.434375 0.01875 0.025
0 0.58828125 0.40546875 0.0140625 0.021875
0 0.45078125 0.3890625 0.0140625 0.021875
0 0.42890625 0.3875 0.0109375 0.01953125
0 0.5703125 0.3875 0.015625 0.01953125
0 0.4359375 0.4015625 0.015625 0.025
0 0.56015625 0.40546875 0.0171875 0.021875
0 0.4890625 0.35390625 0.009375 0.0140625
0 0.40625 0.3625 0.00625 0.0140625
0 0.54140625 0.3359375 0.0078125 0.01640625
0 0.53046875 0.39453125 0.0140625 0.01640625
0 0.50546875 0.35703125 0.0078125 0.0140625
0 0.53203125 0.34140625 0.0078125 0.01640625
0 0.55 0.38203125 0.0125 0.025
0 0.4625 0.37109375 0.0125 0.0140625
0 0.4734375 0.35 0.009375 0.021875
0 0.52421875 0.37890625 0.0140625 0.01953125
0 0.5359375 0.35703125 0.009375 0.0140625
0 0.4546875 0.3625 0.009375 0.0140625
0 0.59921875 0.4265625 0.0109375 0.025
0 0.5 0.340625 0.009375 0.0140625
0 0.54765625 0.38359375 0.0078125 0.01640625