1 0.4421875 0.384375 0.028125 0.053125
1 0.5703125 0.37109375 0.021875 0.046875
0 0.34765625 0.73203125 0.0796875 0.1140625
0 0.73359375 0.7265625 0.0796875 0.13046875
0 0.36328125 0.53046875 0.0390625 0.05
0 0.25625 0.6859375 0.084375 0.121875
0 0.4515625 0.459375 0.025 0.0359375
0 0.42421875 0.42890625 0.0203125 0.03046875
0 0.234375 0.83203125 0.0375 0.1359375
0 0.54140625 0.421875 0.0203125 0.028125
0 0.46796875 0.40390625 0.0171875 0.025
0 0.54765625 0.384375 0.0140625 0.025
0 0.53203125 0.39609375 0.0140625 0.01953125
0 0.5234375 0.3765625 0.0125 0.01953125
0 0.57109375 0.38359375 0.0171875 0.021875
0 0.4078125 0.3625 0.00625 0.0140625
0 0.48359375 0.365625 0.0109375 0.01953125
0 0.490625 0.34140625 0.021875 0.021875
0 0.53671875 0.353125 0.0078125 0.0109375
0 0.546875 0.35 0.009375 0.01640625
0 0.4671875 0.3640625 0.0125 0.01640625
0 0.4578125 0.359375 0.00625 0.0140625