1 0.71640625 0.66796875 0.1015625 0.203125
1 0.12109375 0.70703125 0.1078125 0.146875
1 0.28671875 0.5390625 0.0734375 0.1
0 0.38828125 0.696875 0.0640625 0.1
0 0.93203125 0.81953125 0.1234375 0.1609375
0 0.3046875 0.62109375 0.05625 0.075
0 0.63984375 0.46953125 0.0265625 0.0390625
0 0.5796875 0.565625 0.0375 0.0640625
0 0.43125 0.5109375 0.0375 0.0609375
0 0.3703125 0.52109375 0.03125 0.053125
0 0.39765625 0.4734375 0.0296875 0.0359375
0 0.534375 0.415625 0.01875 0.025
0 0.40703125 0.4125 0.0171875 0.025
0 0.45703125 0.440625 0.0171875 0.025
0 0.43515625 0.4125 0.0171875 0.025
0 0.52734375 0.3859375 0.0140625 0.021875
0 0.55390625 0.371875 0.0109375 0.01640625
0 0.43828125 0.378125 0.0109375 0.01640625
0 0.46328125 0.4125 0.0140625 0.01953125
0 0.40625 0.365625 0.00625 0.0140625
0 0.45078125 0.3875 0.0140625 0.01953125
0 0.45859375 0.371875 0.0109375 0.01640625
0 0.2078125 0.36640625 0.009375 0.01640625
0 0.5828125 0.43046875 0.025 0.03359375
0 0.31640625 0.53046875 0.0171875 0.05546875
0 0.584375 0.40859375 0.015625 0.021875
0 0.475 0.390625 0.0125 0.01953125
0 0.46640625 0.403125 0.0140625 0.01640625
0 0.5421875 0.3484375 0.009375 0.0140625
0 0.4875 0.35859375 0.009375 0.01640625
0 0.4828125 0.371875 0.0125 0.01640625