1 0.1421875 0.76640625 0.284375 0.4609375
0 0.63359375 0.7234375 0.0734375 0.11953125
0 0.67890625 0.5140625 0.0359375 0.05
0 0.3734375 0.67890625 0.065625 0.103125
0 0.434375 0.5234375 0.034375 0.046875
0 0.56953125 0.53046875 0.0328125 0.05
0 0.375 0.44453125 0.021875 0.028125
0 0.35234375 0.540625 0.0421875 0.053125
0 0.64765625 0.540625 0.0390625 0.05859375
0 0.3234375 0.50390625 0.0375 0.046875
0 0.41875 0.440625 0.025 0.03046875
0 0.5421875 0.44140625 0.021875 0.03359375
0 0.584375 0.4 0.01875 0.0390625
0 0.45703125 0.4265625 0.0171875 0.025
0 0.4390625 0.40703125 0.01875 0.025
0 0.46640625 0.396875 0.0140625 0.021875
0 0.40625 0.3640625 0.00625 0.01640625
0 0.55546875 0.3984375 0.0140625 0.025
0 0.440625 0.375 0.0125 0.01640625
0 0.57109375 0.39140625 0.0078125 0.021875
0 0.48125 0.371875 0.0125 0.01640625
0 0.2421875 0.79140625 0.078125 0.16640625
0 0.4734375 0.3125 0.009375 0.0140625
0 0.46328125 0.36796875 0.0109375 0.0140625
0 0.546875 0.35 0.009375 0.01640625
0 0.3375 0.50703125 0.0125 0.03046875
0 0.5234375 0.371875 0.0125 0.01640625
0 0.55625 0.35546875 0.009375 0.0109375
0 0.5046875 0.35703125 0.009375 0.0140625
0 0.52578125 0.390625 0.0140625 0.0140625
0 0.55703125 0.371875 0.0140625 0.01640625
0 0.453125 0.365625 0.009375 0.0140625
0 0.5375 0.3625 0.009375 0.0140625
0 0.2703125 0.61640625 0.028125 0.078125