1 0.24609375 0.6640625 0.1890625 0.33359375
1 0.31015625 0.5640625 0.0734375 0.1390625
0 0.746875 0.95 0.10625 0.09453125
0 0.6046875 0.4890625 0.028125 0.04453125
0 0.72578125 0.69140625 0.0703125 0.1109375
0 0.43828125 0.4859375 0.0296875 0.04453125
0 0.7703125 0.62890625 0.0625 0.0859375
0 0.46171875 0.4265625 0.0171875 0.025
0 0.62890625 0.45859375 0.0265625 0.0390625
0 0.5484375 0.4609375 0.028125 0.04453125
0 0.390625 0.434375 0.021875 0.03046875
0 0.42734375 0.421875 0.0171875 0.028125
0 0.54375 0.38203125 0.0125 0.01953125
0 0.45078125 0.38359375 0.0140625 0.01640625
0 0.403125 0.41796875 0.01875 0.025
0 0.44609375 0.37109375 0.0171875 0.01953125
0 0.4171875 0.3984375 0.0125 0.01953125
0 0.38671875 0.4734375 0.0109375 0.0140625
0 0.40625 0.3625 0.00625 0.0140625
0 0.15 0.58203125 0.01875 0.0359375
0 0.47578125 0.35390625 0.0140625 0.01953125
0 0.5375 0.359375 0.015625 0.01953125
0 0.48203125 0.37109375 0.0140625 0.01953125
0 0.4671875 0.365625 0.0125 0.01953125
0 0.52265625 0.35859375 0.0109375 0.01640625
0 0.43203125 0.38203125 0.0109375 0.0140625
0 0.53984375 0.3609375 0.0078125 0.01640625
0 0.5046875 0.35546875 0.009375 0.01640625
0 0.4265625 0.3859375 0.00625 0.0109375
0 0.00546875 0.2484375 0.0109375 0.03046875