1 0.56796875 0.37109375 0.0171875 0.04140625
0 0.80390625 0.678125 0.0828125 0.1
0 0.66640625 0.50859375 0.0359375 0.05
0 0.2703125 0.678125 0.084375 0.10546875
0 0.39453125 0.65546875 0.0546875 0.078125
0 0.12734375 0.93203125 0.1515625 0.13046875
0 0.14140625 0.73046875 0.0890625 0.10546875
0 0.375 0.4484375 0.021875 0.03046875
0 0.43046875 0.50546875 0.0296875 0.04453125
0 0.2390625 0.59453125 0.05625 0.06640625
0 0.45625 0.434375 0.01875 0.03046875
0 0.5671875 0.415625 0.015625 0.025
0 0.41875 0.4390625 0.01875 0.028125
0 0.41015625 0.409375 0.0171875 0.025
0 0.54921875 0.3875 0.0140625 0.01953125
0 0.4609375 0.4 0.015625 0.021875
0 0.42734375 0.3859375 0.0203125 0.021875
0 0.48125 0.36796875 0.0125 0.01953125
0 0.5390625 0.3640625 0.009375 0.01640625
0 0.4109375 0.359375 0.0125 0.01953125
0 0.5640625 0.35 0.009375 0.0109375
0 0.45703125 0.3609375 0.0109375 0.01640625
0 0.45703125 0.38046875 0.0140625 0.021875
0 0.50546875 0.35546875 0.0078125 0.01640625
0 0.44609375 0.36953125 0.0078125 0.01640625
0 0.5203125 0.3515625 0.00625 0.0140625
0 0.53125 0.346875 0.009375 0.0109375
0 0.4546875 0.3859375 0.0125 0.01640625
0 0.484375 0.34453125 0.009375 0.01640625
0 0.565625 0.38046875 0.0125 0.021875