1 0.6203125 0.46640625 0.078125 0.171875
1 0.375 0.42890625 0.040625 0.06953125
0 0.60703125 0.640625 0.0453125 0.0859375
0 0.28515625 0.665625 0.0703125 0.09140625
0 0.359375 0.72109375 0.071875 0.103125
0 0.42890625 0.528125 0.0359375 0.05
0 0.18984375 0.64140625 0.0671875 0.08359375
0 0.959375 0.890625 0.078125 0.175
0 0.5546875 0.49453125 0.028125 0.04453125
0 0.36796875 0.521875 0.0359375 0.05
0 0.5421875 0.43359375 0.021875 0.0390625
0 0.3984375 0.4640625 0.025 0.03359375
0 0.4609375 0.41640625 0.01875 0.028125
0 0.421875 0.4390625 0.01875 0.028125
0 0.39921875 0.41953125 0.0140625 0.028125
0 0.41875 0.396875 0.015625 0.021875
0 0.44140625 0.403125 0.0171875 0.021875
0 0.57265625 0.38359375 0.0203125 0.028125
0 0.475 0.3875 0.0125 0.01953125
0 0.4328125 0.38203125 0.0125 0.01953125
0 0.53046875 0.39140625 0.0140625 0.01640625
0 0.54609375 0.3859375 0.0140625 0.01640625
0 0.45234375 0.3859375 0.0109375 0.01640625
0 0.45703125 0.3609375 0.0109375 0.01640625
0 0.40703125 0.365625 0.0046875 0.0140625
0 0.43359375 0.35 0.0078125 0.0109375
0 0.628125 0.515625 0.046875 0.075
0 0.48359375 0.37109375 0.0109375 0.01953125
0 0.4734375 0.3125 0.00625 0.0140625
0 0.57265625 0.3625 0.0203125 0.01953125
0 0.446875 0.36953125 0.009375 0.01640625
0 0.5203125 0.35546875 0.009375 0.01640625