1 0.29765625 0.559375 0.1515625 0.28046875
1 0.44296875 0.35546875 0.0203125 0.0390625
0 0.13984375 0.709375 0.0890625 0.096875
0 0.39296875 0.67890625 0.0640625 0.0859375
0 0.61015625 0.6015625 0.0484375 0.096875
0 0.63515625 0.534375 0.0359375 0.053125
0 0.43515625 0.50546875 0.0296875 0.04453125
0 0.56484375 0.5140625 0.0359375 0.05546875
0 0.44921875 0.44609375 0.0265625 0.0359375
0 0.3921875 0.425 0.01875 0.028125
0 0.40703125 0.453125 0.0203125 0.03359375
0 0.6203125 0.45 0.028125 0.04453125
0 0.43359375 0.40859375 0.0171875 0.021875
0 0.42890625 0.390625 0.0140625 0.01953125
0 0.4625 0.40859375 0.01875 0.028125
0 0.54609375 0.35 0.0109375 0.01640625
0 0.45234375 0.3875 0.0140625 0.01953125
0 0.475 0.384375 0.0125 0.01953125
0 0.38671875 0.46953125 0.0078125 0.01640625
0 0.53515625 0.359375 0.0078125 0.0140625
0 0.14921875 0.58046875 0.0171875 0.03359375
0 0.36953125 0.3265625 0.0109375 0.0140625
0 0.53125 0.34453125 0.009375 0.01640625
0 0.52109375 0.3609375 0.0109375 0.01640625
0 0.37109375 0.4890625 0.0078125 0.021875
0 0.46171875 0.36953125 0.0109375 0.01640625
0 0.503125 0.35703125 0.009375 0.01953125
0 0.36796875 0.47890625 0.0140625 0.046875
0 0.47265625 0.34296875 0.0078125 0.0140625