1 0.715625 0.5375 0.08125 0.13046875
1 0.15234375 0.6234375 0.2078125 0.23046875
1 0.43828125 0.3859375 0.0296875 0.0609375
1 0.1 0.84453125 0.2 0.30546875
0 0.6625 0.8234375 0.090625 0.175
0 0.3234375 0.603125 0.053125 0.071875
0 0.39765625 0.61640625 0.0546875 0.078125
0 0.65546875 0.57109375 0.0515625 0.075
0 0.42734375 0.5140625 0.0328125 0.04453125
0 0.36328125 0.45546875 0.0234375 0.03359375
0 0.2796875 0.96953125 0.1125 0.05546875
0 0.390625 0.484375 0.03125 0.04140625
0 0.625 0.4515625 0.025 0.0359375
0 0.8578125 0.91640625 0.15 0.1609375
0 0.54609375 0.45546875 0.0265625 0.04453125
0 0.4578125 0.41953125 0.01875 0.028125
0 0.40390625 0.40859375 0.0140625 0.021875
0 0.440625 0.45546875 0.028125 0.0390625
0 0.55390625 0.39453125 0.0171875 0.021875
0 0.5765625 0.3984375 0.015625 0.025
0 0.4734375 0.4 0.015625 0.01640625
0 0.421875 0.4375 0.01875 0.03046875
0 0.1265625 0.915625 0.1375 0.1640625
0 0.6 0.4265625 0.0125 0.025
0 0.459375 0.378125 0.0125 0.01640625
0 0.52421875 0.3765625 0.0140625 0.0140625
0 0.5515625 0.3234375 0.00625 0.0140625
0 0.55703125 0.375 0.0140625 0.01640625
0 0.40625 0.365625 0.00625 0.0140625
0 0.409375 0.4390625 0.009375 0.01640625
0 0.54296875 0.3484375 0.0078125 0.0140625
0 0.50546875 0.8765625 0.1359375 0.24140625
0 0.471875 0.35859375 0.0125 0.01640625
0 0.5390625 0.371875 0.0125 0.01640625
0 0.48125 0.371875 0.0125 0.01640625