1 0.58671875 0.44140625 0.0328125 0.078125
1 0.43359375 0.371875 0.0171875 0.03359375
1 0.47265625 0.3765625 0.0140625 0.03046875
0 0.1796875 0.834375 0.115625 0.1359375
0 0.35625 0.7765625 0.08125 0.1359375
0 0.35390625 0.546875 0.0390625 0.05546875
0 0.90703125 0.7765625 0.1140625 0.15859375
0 0.29375 0.53203125 0.046875 0.05859375
0 0.36015625 0.459375 0.0265625 0.0359375
0 0.4296875 0.5125 0.034375 0.046875
0 0.446875 0.446875 0.025 0.03359375
0 0.3921875 0.47890625 0.028125 0.04140625
0 0.41796875 0.39296875 0.0140625 0.025
0 0.53046875 0.4109375 0.0171875 0.028125
0 0.43125 0.41796875 0.015625 0.025
0 0.57109375 0.39140625 0.0109375 0.021875
0 0.5484375 0.3484375 0.0125 0.025
0 0.52578125 0.384375 0.0140625 0.025
0 0.4515625 0.384375 0.0125 0.01953125
0 0.40625 0.3640625 0.00625 0.01640625
0 0.44453125 0.37109375 0.0078125 0.01953125
0 0.5046875 0.35703125 0.0125 0.01953125
0 0.521875 0.35546875 0.009375 0.01640625
0 0.459375 0.36796875 0.0125 0.025
0 0.47109375 0.35859375 0.0109375 0.01640625
0 0.5890625 0.459375 0.028125 0.0359375
0 0.5953125 0.4125 0.015625 0.01953125