1 0.2421875 0.53359375 0.146875 0.23359375
1 0.359375 0.484375 0.090625 0.1859375
0 0.42734375 0.55390625 0.0421875 0.053125
0 0.38203125 0.68359375 0.0578125 0.0890625
0 0.77109375 0.76953125 0.0953125 0.15
0 0.646875 0.4765625 0.03125 0.04140625
0 0.753125 0.60703125 0.059375 0.08046875
0 0.68203125 0.60859375 0.0546875 0.0890625
0 0.746875 0.965625 0.1 0.0640625
0 0.56484375 0.515625 0.0296875 0.053125
0 0.45078125 0.4515625 0.0203125 0.03046875
0 0.57890625 0.44140625 0.0234375 0.03359375
0 0.584375 0.40546875 0.0125 0.021875
0 0.55546875 0.39453125 0.0140625 0.021875
0 0.53046875 0.40390625 0.0140625 0.025
0 0.415625 0.434375 0.025 0.0359375
0 0.471875 0.3984375 0.015625 0.025
0 0.43515625 0.375 0.0109375 0.01640625
0 0.40234375 0.44140625 0.0078125 0.04453125
0 0.43671875 0.40703125 0.0171875 0.025
0 0.42265625 0.39453125 0.0140625 0.021875
0 0.1 0.365625 0.0125 0.01953125
0 0.50390625 0.35703125 0.0109375 0.01953125
0 0.4078125 0.3625 0.00625 0.0140625
0 0.47890625 0.3765625 0.0109375 0.0140625
0 0.52421875 0.371875 0.0140625 0.01640625
0 0.5578125 0.36796875 0.009375 0.0140625
0 0.4484375 0.39453125 0.0125 0.021875
0 0.0765625 0.99296875 0.059375 0.00859375
0 0.45390625 0.38359375 0.0109375 0.01640625
0 0.546875 0.334375 0.00625 0.0140625
0 0.4609375 0.37109375 0.0125 0.0140625
0 0.39765625 0.50546875 0.0109375 0.03359375
0 0.4828125 0.346875 0.00625 0.01640625
0 0.54140625 0.3640625 0.0109375 0.01640625
0 0.4859375 0.365625 0.009375 0.0140625
0 0.00546875 0.2515625 0.0109375 0.03046875
0 0.40234375 0.43046875 0.0078125 0.028125