1 0.3625 0.49453125 0.071875 0.128125
1 0.36796875 0.41796875 0.0484375 0.053125
1 0.45234375 0.36796875 0.0265625 0.046875
0 0.296875 0.63203125 0.065625 0.0859375
0 0.359375 0.759375 0.075 0.11953125
0 0.409375 0.6 0.046875 0.06640625
0 0.5890625 0.553125 0.040625 0.0609375
0 0.425 0.525 0.03125 0.05
0 0.94453125 0.85859375 0.1078125 0.2109375
0 0.6265625 0.45859375 0.021875 0.03359375
0 0.03359375 0.853125 0.0671875 0.20546875
0 0.5375 0.44609375 0.021875 0.03046875
0 0.4109375 0.45546875 0.025 0.03359375
0 0.446875 0.45703125 0.021875 0.0359375
0 0.5296875 0.39609375 0.015625 0.025
0 0.58515625 0.459375 0.0234375 0.0359375
0 0.5625 0.409375 0.015625 0.025
0 0.4296875 0.41640625 0.01875 0.028125
0 0.41875 0.39453125 0.0125 0.021875
0 0.52109375 0.35390625 0.0078125 0.0140625
0 0.45703125 0.43203125 0.0203125 0.025
0 0.559375 0.375 0.0125 0.01640625
0 0.4640625 0.40546875 0.015625 0.021875
0 0.48203125 0.37890625 0.0078125 0.0140625
0 0.4421875 0.4015625 0.0125 0.01953125
0 0.4375 0.378125 0.00625 0.01640625
0 0.97109375 0.89140625 0.0546875 0.14453125
0 0.54609375 0.328125 0.0078125 0.0109375
0 0.40625 0.365625 0.00625 0.0140625
0 0.47421875 0.39140625 0.0109375 0.021875
0 0.53828125 0.371875 0.0109375 0.01640625
0 0.37265625 0.45546875 0.0546875 0.05
0 0.4703125 0.3625 0.009375 0.01953125