1 0.59140625 0.39453125 0.0328125 0.06640625
1 0.55 0.3515625 0.0125 0.03046875
0 0.06953125 0.809375 0.1296875 0.13046875
0 0.40390625 0.64453125 0.0546875 0.08359375
0 0.58671875 0.45859375 0.0234375 0.03359375
0 0.9140625 0.965625 0.121875 0.0640625
0 0.31171875 0.52109375 0.0390625 0.046875
0 0.36796875 0.45546875 0.0265625 0.03359375
0 0.45390625 0.44296875 0.0203125 0.03046875
0 0.5390625 0.428125 0.01875 0.028125
0 0.55546875 0.4015625 0.0140625 0.025
0 0.34609375 0.5625 0.0421875 0.05859375
0 0.4328125 0.5015625 0.034375 0.046875
0 0.40859375 0.459375 0.0296875 0.0359375
0 0.53203125 0.4015625 0.0171875 0.025
0 0.4046875 0.409375 0.015625 0.025
0 0.42890625 0.384375 0.0109375 0.0140625
0 0.4375 0.409375 0.015625 0.025
0 0.52421875 0.34296875 0.0078125 0.01953125
0 0.4640625 0.40390625 0.01875 0.025
0 0.42109375 0.42890625 0.0171875 0.025
0 0.40625 0.3640625 0.00625 0.01640625
0 0.46640625 0.3640625 0.0109375 0.01640625
0 0.4515625 0.38359375 0.0125 0.01640625
0 0.47578125 0.3890625 0.0109375 0.021875
0 0.48203125 0.37109375 0.0109375 0.01953125
0 0.4546875 0.3609375 0.009375 0.01640625
0 0.434375 0.3484375 0.009375 0.0140625
0 0.55078125 0.35859375 0.0109375 0.01640625
0 0.50625 0.35703125 0.00625 0.0140625
0 0.35859375 0.55546875 0.0171875 0.0390625
0 0.47734375 0.35546875 0.0109375 0.01640625
0 0.5421875 0.3515625 0.00625 0.0140625
0 0.4953125 0.3515625 0.009375 0.0140625
0 0.55078125 0.34296875 0.0109375 0.0140625