1 0.2125 0.571875 0.1625 0.228125
1 0.83046875 0.640625 0.2359375 0.35859375
1 0.378125 0.41640625 0.05 0.0890625
1 0.415625 0.3890625 0.021875 0.03359375
1 0.4203125 0.4265625 0.025 0.04140625
0 0.2828125 0.66953125 0.06875 0.0890625
0 0.3765625 0.509375 0.034375 0.04140625
0 0.121875 0.93046875 0.140625 0.13359375
0 0.39765625 0.64609375 0.0546875 0.0859375
0 0.0125 0.925 0.025 0.0890625
0 0.43671875 0.5109375 0.0328125 0.04453125
0 0.5796875 0.559375 0.040625 0.06953125
0 0.63359375 0.465625 0.0265625 0.0359375
0 0.446875 0.4625 0.025 0.0359375
0 0.40625 0.45703125 0.021875 0.03046875
0 0.5359375 0.428125 0.015625 0.028125
0 0.4671875 0.39140625 0.015625 0.03359375
0 0.4453125 0.3890625 0.0125 0.021875
0 0.5671875 0.38359375 0.0125 0.01640625
0 0.54921875 0.390625 0.0140625 0.01953125
0 0.4328125 0.41953125 0.009375 0.021875
0 0.52890625 0.39609375 0.0140625 0.025
0 0.52421875 0.38046875 0.0109375 0.01640625
0 0.50546875 0.35546875 0.0078125 0.01640625
0 0.4484375 0.36796875 0.0125 0.0140625
0 0.46875 0.3625 0.009375 0.0140625
0 0.5515625 0.3625 0.009375 0.0140625
0 0.4828125 0.36640625 0.0125 0.021875
0 0.46015625 0.35546875 0.0078125 0.01640625
0 0.55859375 0.3765625 0.0078125 0.0140625
0 0.53671875 0.3640625 0.0078125 0.0109375
0 0.5984375 0.49140625 0.015625 0.0390625
0 0.54375 0.34296875 0.00625 0.00859375
0 0.534375 0.3375 0.00625 0.00859375
0 0.49140625 0.353125 0.0078125 0.0109375
0 0.48828125 0.35546875 0.0109375 0.01640625
0 0.4546875 0.3609375 0.00625 0.0109375