1 0.834375 0.634375 0.240625 0.38046875
1 0.384375 0.4109375 0.046875 0.08359375
0 0.375 0.69140625 0.065625 0.1
0 0.278125 0.55859375 0.05 0.05546875
0 0.20546875 0.81796875 0.1015625 0.1359375
0 0.340625 0.484375 0.03125 0.04140625
0 0.79609375 0.871875 0.1234375 0.18359375
0 0.3875 0.49453125 0.025 0.0390625
0 0.56640625 0.41953125 0.0171875 0.028125
0 0.4453125 0.45 0.025 0.03359375
0 0.42890625 0.5125 0.0328125 0.053125
0 0.64765625 0.475 0.0390625 0.06640625
0 0.6140625 0.50546875 0.040625 0.08359375
0 0.54453125 0.375 0.0109375 0.01640625
0 0.6015625 0.43359375 0.021875 0.028125
0 0.5625 0.378125 0.009375 0.01640625
0 0.4125 0.40703125 0.009375 0.01953125
0 0.2921875 0.43046875 0.0125 0.028125
0 0.44296875 0.4125 0.0171875 0.025
0 0.434375 0.38203125 0.0125 0.01953125
0 0.4734375 0.3875 0.0125 0.025
0 0.5046875 0.35859375 0.009375 0.01640625
0 0.4828125 0.3625 0.009375 0.0140625
0 0.540625 0.340625 0.00625 0.00859375
0 0.46484375 0.37109375 0.0109375 0.01953125
0 0.4515625 0.39453125 0.015625 0.021875
0 0.40625 0.365625 0.00625 0.0140625
0 0.44609375 0.37109375 0.0078125 0.0140625
0 0.37890625 0.44296875 0.0234375 0.01953125
0 0.61640625 0.3609375 0.0140625 0.01640625
0 0.48515625 0.340625 0.0078125 0.0140625
0 0.459375 0.378125 0.009375 0.01640625