1 0.92578125 0.7640625 0.1453125 0.39453125
1 0.58359375 0.3859375 0.0265625 0.0609375
1 0.25703125 0.9375 0.1609375 0.11953125
0 0.38671875 0.684375 0.0609375 0.09140625
0 0.18984375 0.640625 0.0796875 0.09140625
0 0.71640625 0.5640625 0.0453125 0.0609375
0 0.42890625 0.528125 0.0359375 0.05
0 0.62421875 0.525 0.0359375 0.05546875
0 0.59765625 0.628125 0.0484375 0.0890625
0 0.36328125 0.5375 0.0390625 0.053125
0 0.309375 0.525 0.04375 0.05
0 0.12890625 0.9375 0.1609375 0.11953125
0 0.3609375 0.4640625 0.025 0.03359375
0 0.559375 0.490625 0.03125 0.05859375
0 0.4015625 0.42109375 0.01875 0.025
0 0.61796875 0.446875 0.0234375 0.03359375
0 0.5359375 0.41640625 0.01875 0.028125
0 0.46875 0.40546875 0.0125 0.021875
0 0.553125 0.4 0.015625 0.021875
0 0.98203125 0.91796875 0.0328125 0.08046875
0 0.42265625 0.4265625 0.0171875 0.025
0 0.44765625 0.39453125 0.0140625 0.021875
0 0.4375 0.375 0.0125 0.01640625
0 0.42734375 0.390625 0.0109375 0.01953125
0 0.4171875 0.4015625 0.015625 0.01953125
0 0.40625 0.3640625 0.00625 0.01640625
0 0.4734375 0.38359375 0.0125 0.01640625
0 0.45625 0.375 0.0125 0.01640625
0 0.52578125 0.38359375 0.0140625 0.01640625
0 0.53671875 0.359375 0.0109375 0.0140625
0 0.4484375 0.36640625 0.009375 0.01640625
0 0.48359375 0.36953125 0.0109375 0.01640625
0 0.50390625 0.35703125 0.0109375 0.01953125
0 0.94375 0.86953125 0.109375 0.178125
0 0.58359375 0.4 0.0203125 0.03359375