1 0.2375 0.55703125 0.134375 0.1859375
1 0.38125 0.428125 0.028125 0.05
0 0.32734375 0.884375 0.1046875 0.1640625
0 0.60625 0.65546875 0.05625 0.09453125
0 0.3703125 0.571875 0.040625 0.06640625
0 0.74375 0.74140625 0.08125 0.128125
0 0.2421875 0.728125 0.09375 0.121875
0 0.39609375 0.471875 0.0296875 0.0390625
0 0.65546875 0.4890625 0.0296875 0.04453125
0 0.58125 0.44453125 0.021875 0.03359375
0 0.42890625 0.41953125 0.0171875 0.028125
0 0.56171875 0.4875 0.0265625 0.046875
0 0.5375 0.42890625 0.01875 0.03046875
0 0.42109375 0.39140625 0.0109375 0.021875
0 0.52890625 0.39140625 0.0140625 0.021875
0 0.55625 0.396875 0.0125 0.021875
0 0.47578125 0.38046875 0.0109375 0.01640625
0 0.40625 0.3640625 0.00625 0.01640625
0 0.46484375 0.36953125 0.0078125 0.01640625
0 0.54375 0.37890625 0.0125 0.0140625
0 0.49453125 0.396875 0.0078125 0.03359375
0 0.4765625 0.3484375 0.009375 0.0140625
0 0.559375 0.37109375 0.0125 0.01953125
0 0.48828125 0.35390625 0.0109375 0.0140625
0 0.50625 0.35546875 0.00625 0.01640625
0 0.48359375 0.365625 0.0109375 0.0140625
0 0.5421875 0.38359375 0.05 0.121875
0 0.4578125 0.38046875 0.009375 0.01640625