1 0.4390625 0.384375 0.03125 0.0640625
0 0.3609375 0.7375 0.071875 0.10859375
0 0.21796875 0.790625 0.1046875 0.14140625
0 0.61640625 0.6515625 0.0640625 0.11953125
0 0.3453125 0.553125 0.04375 0.05546875
0 0.60390625 0.428125 0.0203125 0.028125
0 0.4375 0.49609375 0.028125 0.04140625
0 0.140625 0.7015625 0.096875 0.10859375
0 0.30703125 0.5265625 0.0421875 0.046875
0 0.403125 0.46640625 0.025 0.03359375
0 0.6359375 0.46953125 0.028125 0.0390625
0 0.35546875 0.47109375 0.0296875 0.0359375
0 0.52890625 0.4 0.0171875 0.021875
0 0.5703125 0.3890625 0.0125 0.021875
0 0.6546875 0.5515625 0.053125 0.096875
0 0.5703125 0.434375 0.01875 0.03046875
0 0.54765625 0.45390625 0.0203125 0.0359375
0 0.44921875 0.44140625 0.0203125 0.028125
0 0.38125 0.434375 0.021875 0.03046875
0 0.54375 0.375 0.0125 0.01640625
0 0.4078125 0.40859375 0.015625 0.021875
0 0.46875 0.3984375 0.015625 0.025
0 0.703125 0.290625 0.0125 0.0140625
0 0.4625 0.375 0.0125 0.01640625
0 0.496875 0.3390625 0.015625 0.021875
0 0.4734375 0.309375 0.009375 0.01953125
0 0.5328125 0.346875 0.009375 0.01640625
0 0.47578125 0.38203125 0.0140625 0.01953125
0 0.5046875 0.35546875 0.009375 0.01640625
0 0.40625 0.365625 0.00625 0.0140625
0 0.29140625 0.43046875 0.0109375 0.028125
0 0.42109375 0.39296875 0.0046875 0.01953125
0 0.4390625 0.40859375 0.021875 0.01640625
0 0.4875 0.35546875 0.009375 0.01640625
0 0.48125 0.365625 0.0125 0.0140625
0 0.41796875 0.396875 0.0078125 0.01640625
0 0.36640625 0.4515625 0.0109375 0.01953125
0 0.4859375 0.34140625 0.009375 0.01640625
0 0.54609375 0.34140625 0.0109375 0.021875
0 0.48359375 0.359375 0.0140625 0.01953125