1 0.09921875 0.73359375 0.1984375 0.40546875
1 0.3 0.50703125 0.071875 0.0859375
1 0.103125 0.896875 0.19375 0.2
0 0.78515625 0.64609375 0.0671875 0.09140625
0 0.29296875 0.64296875 0.0671875 0.08046875
0 0.6578125 0.59140625 0.05 0.078125
0 0.36640625 0.525 0.0390625 0.05546875
0 0.4203125 0.528125 0.0375 0.05546875
0 0.45 0.45703125 0.021875 0.03046875
0 0.39609375 0.425 0.0203125 0.028125
0 0.3859375 0.65 0.065625 0.10546875
0 0.41171875 0.4 0.0140625 0.021875
0 0.46953125 0.390625 0.0140625 0.01953125
0 0.4609375 0.415625 0.01875 0.03046875
0 0.42265625 0.43359375 0.0203125 0.03359375
0 0.44375 0.39453125 0.0125 0.01640625
0 0.434375 0.41640625 0.01875 0.028125
0 0.55390625 0.3640625 0.0109375 0.01640625
0 0.50546875 0.35546875 0.0078125 0.01640625
0 0.47890625 0.375 0.0109375 0.01640625
0 0.5359375 0.3609375 0.0125 0.01640625
0 0.465625 0.36796875 0.009375 0.0140625
0 0.42421875 0.384375 0.0140625 0.025
0 0.32890625 0.4984375 0.0140625 0.046875
0 0.40703125 0.365625 0.0046875 0.0140625
0 0.48671875 0.3625 0.0109375 0.0140625
0 0.32421875 0.49453125 0.0234375 0.0609375