1 0.34609375 0.440625 0.0671875 0.1140625
1 0.11640625 0.7234375 0.1234375 0.153125
0 0.31875 0.890625 0.103125 0.153125
0 0.4078125 0.60546875 0.05 0.06640625
0 0.27265625 0.69609375 0.0765625 0.096875
0 0.05234375 0.859375 0.1046875 0.175
0 0.303125 0.534375 0.040625 0.053125
0 0.36640625 0.5234375 0.0421875 0.05859375
0 0.4390625 0.496875 0.03125 0.0390625
0 0.5890625 0.4515625 0.025 0.05859375
0 0.5375 0.4359375 0.01875 0.03359375
0 0.39765625 0.41953125 0.0171875 0.028125
0 0.4265625 0.428125 0.01875 0.028125
0 0.525 0.39140625 0.015625 0.021875
0 0.4609375 0.4234375 0.01875 0.025
0 0.43984375 0.375 0.0109375 0.01640625
0 0.44765625 0.3875 0.0140625 0.01953125
0 0.5578125 0.4125 0.015625 0.025
0 0.5875 0.4140625 0.015625 0.01640625
0 0.4609375 0.3765625 0.009375 0.0140625
0 0.40625 0.3640625 0.00625 0.01640625
0 0.4375 0.4015625 0.015625 0.01953125
0 0.5515625 0.321875 0.009375 0.0109375
0 0.57265625 0.39140625 0.0078125 0.01640625
0 0.45703125 0.359375 0.0109375 0.0140625
0 0.52265625 0.365625 0.0109375 0.0140625
0 0.5515625 0.38359375 0.0125 0.01640625
0 0.4296875 0.3890625 0.009375 0.021875
0 0.47734375 0.3765625 0.0109375 0.0140625
0 0.534375 0.3609375 0.009375 0.01640625
0 0.575 0.39296875 0.0125 0.01953125
0 0.55625 0.371875 0.009375 0.0109375
0 0.4734375 0.309375 0.009375 0.0140625
0 0.48984375 0.35703125 0.0109375 0.0140625
0 0.46953125 0.396875 0.0140625 0.021875
0 0.3796875 0.4234375 0.00625 0.01953125
0 0.41796875 0.39296875 0.0140625 0.025
0 0.4703125 0.359375 0.009375 0.0140625
0 0.57734375 0.39609375 0.0078125 0.0140625
0 0.48359375 0.3375 0.0078125 0.0140625
0 0.46796875 0.40703125 0.0140625 0.01953125
0 0.55546875 0.3984375 0.0109375 0.0140625
0 0.559375 0.4015625 0.0875 0.1640625