1 0.44296875 0.378125 0.0265625 0.06640625
1 0.56484375 0.40390625 0.0234375 0.053125
0 0.35390625 0.75703125 0.0765625 0.1140625
0 0.05 0.825 0.1 0.128125
0 0.3046875 0.525 0.040625 0.05
0 0.67421875 0.61796875 0.0515625 0.0859375
0 0.4171875 0.54140625 0.0375 0.05546875
0 0.44375 0.490625 0.028125 0.04140625
0 0.34453125 0.5640625 0.0453125 0.05546875
0 0.46484375 0.4125 0.0171875 0.025
0 0.403125 0.4640625 0.028125 0.03359375
0 0.371875 0.4484375 0.021875 0.03046875
0 0.390625 0.425 0.01875 0.028125
0 0.584375 0.39453125 0.015625 0.0390625
0 0.56640625 0.4375 0.0234375 0.03046875
0 0.4125 0.40546875 0.0125 0.021875
0 0.475 0.38359375 0.0125 0.01640625
0 0.4609375 0.375 0.009375 0.01640625
0 0.52578125 0.39453125 0.0140625 0.021875
0 0.5484375 0.3875 0.0125 0.01953125
0 0.44140625 0.4 0.0203125 0.021875
0 0.52265625 0.359375 0.0109375 0.01953125
0 0.56484375 0.41953125 0.0234375 0.021875
0 0.40703125 0.365625 0.0046875 0.0140625
0 0.52421875 0.375 0.0140625 0.01640625
0 0.4796875 0.36796875 0.0125 0.0140625
0 0.53671875 0.3609375 0.0078125 0.0109375