1 0.24765625 0.64453125 0.2078125 0.34453125
1 0.43203125 0.39296875 0.0359375 0.08046875
1 0.3859375 0.67109375 0.071875 0.14140625
0 0.77109375 0.7484375 0.0921875 0.14140625
0 0.28359375 0.9625 0.1140625 0.06953125
0 0.57890625 0.53203125 0.0359375 0.05859375
0 0.43671875 0.4984375 0.0328125 0.046875
0 0.62109375 0.4515625 0.0234375 0.0359375
0 0.4046875 0.45859375 0.025 0.03359375
0 0.36875 0.525 0.0375 0.05
0 0.390625 0.425 0.01875 0.028125
0 0.40859375 0.596875 0.0421875 0.06640625
0 0.53046875 0.396875 0.0140625 0.021875
0 0.61171875 0.490625 0.0328125 0.04140625
0 0.34296875 0.478125 0.0296875 0.04453125
0 0.45859375 0.428125 0.0203125 0.03359375
0 0.52265625 0.35390625 0.0109375 0.01953125
0 0.45625 0.375 0.0125 0.01640625
0 0.5453125 0.36953125 0.0125 0.01640625
0 0.47578125 0.375 0.0140625 0.01640625
0 0.10390625 0.36796875 0.0109375 0.01953125
0 0.47734375 0.353125 0.0078125 0.0109375
0 0.175 0.57109375 0.06875 0.0640625
0 0.4734375 0.39296875 0.015625 0.01953125
0 0.428125 0.4234375 0.021875 0.01953125
0 0.49140625 0.35390625 0.0078125 0.0140625
0 0.45859375 0.35703125 0.0078125 0.0140625
0 0.55390625 0.35859375 0.0109375 0.01640625
0 0.34453125 0.52890625 0.0109375 0.04140625
0 0.40625 0.3640625 0.00625 0.0109375
0 0.45078125 0.39453125 0.0078125 0.021875