1 0.22578125 0.60703125 0.0796875 0.103125
0 0.40859375 0.6015625 0.0484375 0.06953125
0 0.74140625 0.703125 0.0828125 0.121875
0 0.34296875 0.4875 0.0328125 0.04140625
0 0.15 0.915625 0.125 0.1640625
0 0.66796875 0.5140625 0.0359375 0.05
0 0.73828125 0.59609375 0.0578125 0.0640625
0 0.04140625 0.8640625 0.0828125 0.228125
0 0.29296875 0.91953125 0.1265625 0.15546875
0 0.54375 0.45 0.025 0.03359375
0 0.5703125 0.42109375 0.01875 0.03046875
0 0.44140625 0.4875 0.0296875 0.04140625
0 0.40703125 0.45859375 0.0234375 0.03359375
0 0.4640625 0.4140625 0.01875 0.021875
0 0.38203125 0.440625 0.0265625 0.0359375
0 0.4046875 0.415625 0.015625 0.025
0 0.425 0.42109375 0.01875 0.025
0 0.44765625 0.453125 0.0265625 0.028125
0 0.56171875 0.378125 0.0109375 0.01640625
0 0.40625 0.3640625 0.00625 0.01640625
0 0.44296875 0.3984375 0.0140625 0.01953125
0 0.53203125 0.39609375 0.0140625 0.01953125
0 0.4234375 0.39296875 0.0125 0.01953125
0 0.43828125 0.38046875 0.0109375 0.01640625
0 0.446875 0.371875 0.009375 0.01640625
0 0.45703125 0.38046875 0.0140625 0.01640625
0 0.69765625 0.290625 0.0171875 0.0140625
0 0.5515625 0.36796875 0.0125 0.01953125
0 0.46953125 0.39296875 0.0140625 0.01953125
0 0.5046875 0.35546875 0.009375 0.01640625
0 0.46640625 0.365625 0.0109375 0.0140625
0 0.540625 0.3734375 0.0125 0.0140625
0 0.57109375 0.42890625 0.0171875 0.01953125