1 0.0734375 0.78359375 0.146875 0.378125
0 0.35078125 0.77890625 0.0828125 0.11953125
0 0.7171875 0.69140625 0.075 0.11640625
0 0.4265625 0.53203125 0.034375 0.046875
0 0.70625 0.5625 0.04375 0.053125
0 0.578125 0.571875 0.04375 0.08359375
0 0.6109375 0.49453125 0.03125 0.04453125
0 0.36953125 0.45546875 0.0265625 0.03359375
0 0.35859375 0.5375 0.0390625 0.053125
0 0.7390625 0.965625 0.1125 0.0640625
0 0.3265625 0.5109375 0.034375 0.04453125
0 0.60703125 0.43359375 0.0203125 0.028125
0 0.45625 0.44140625 0.021875 0.03359375
0 0.4 0.46796875 0.025 0.0359375
0 0.57734375 0.39609375 0.0109375 0.01953125
0 0.54375 0.446875 0.025 0.0390625
0 0.5328125 0.40703125 0.015625 0.025
0 0.421875 0.39296875 0.0125 0.01953125
0 0.55625 0.4015625 0.015625 0.01953125
0 0.46640625 0.403125 0.0140625 0.021875
0 0.45234375 0.38046875 0.0109375 0.01640625
0 0.52578125 0.3859375 0.0140625 0.021875
0 0.4421875 0.39609375 0.015625 0.01953125
0 0.40625 0.365625 0.00625 0.0140625
0 0.48515625 0.3640625 0.0109375 0.01640625
0 0.43359375 0.38203125 0.0109375 0.0140625
0 0.475 0.384375 0.0125 0.025
0 0.01171875 0.89609375 0.0234375 0.1359375
0 0.52265625 0.3609375 0.0109375 0.01640625
0 0.36953125 0.3265625 0.0109375 0.0140625
0 0.50390625 0.35703125 0.0109375 0.01953125
0 0.5265625 0.33359375 0.00625 0.0109375
0 0.56484375 0.37890625 0.0078125 0.0140625
0 0.46875 0.3625 0.009375 0.0140625
0 0.465625 0.35390625 0.00625 0.0140625
0 0.5625 0.378125 0.0125 0.01640625