1 0.34765625 0.440625 0.0671875 0.125
1 0.63828125 0.446875 0.0546875 0.09453125
1 0.9046875 0.74609375 0.1875 0.40859375
1 0.4390625 0.36796875 0.015625 0.03046875
1 0.4765625 0.36953125 0.0125 0.028125
0 0.24375 0.60703125 0.05625 0.06953125
0 0.09765625 0.95 0.1484375 0.09453125
0 0.40234375 0.5875 0.0421875 0.0640625
0 0.3671875 0.534375 0.040625 0.053125
0 0.6171875 0.5359375 0.0375 0.05546875
0 0.55546875 0.5015625 0.0296875 0.046875
0 0.6921875 0.5390625 0.040625 0.05546875
0 0.409375 0.45390625 0.025 0.03046875
0 0.4265625 0.425 0.01875 0.028125
0 0.45625 0.43203125 0.021875 0.03046875
0 0.53515625 0.415625 0.0171875 0.025
0 0.5734375 0.4234375 0.021875 0.0359375
0 0.44765625 0.390625 0.0140625 0.01953125
0 0.46796875 0.39453125 0.0109375 0.021875
0 0.546875 0.384375 0.0125 0.01953125
0 0.57578125 0.39296875 0.0140625 0.01953125
0 0.5234375 0.365625 0.0125 0.0140625
0 0.5375 0.3625 0.009375 0.0140625
0 0.5640625 0.38359375 0.009375 0.01640625
0 0.6296875 0.415625 0.0375 0.03046875
0 0.40625 0.3640625 0.00625 0.01640625
0 0.478125 0.34453125 0.009375 0.01640625
0 0.36953125 0.3265625 0.0109375 0.0140625
0 0.50390625 0.35859375 0.0109375 0.01640625
0 0.4515625 0.36796875 0.009375 0.0140625
0 0.703125 0.29296875 0.0125 0.0140625
0 0.64375 0.478125 0.03125 0.03359375
0 0.52265625 0.34609375 0.0078125 0.0140625
0 0.4578125 0.35703125 0.00625 0.0140625
0 0.4875 0.359375 0.009375 0.0140625