1 0.23671875 0.70703125 0.1171875 0.196875
1 0.30703125 0.48359375 0.0828125 0.13359375
1 0.040625 0.75703125 0.08125 0.375
0 0.6515625 0.4875 0.03125 0.046875
0 0.41328125 0.57109375 0.0390625 0.0640625
0 0.54765625 0.44296875 0.0203125 0.03046875
0 0.46015625 0.43203125 0.0203125 0.03046875
0 0.3328125 0.58046875 0.05 0.06640625
0 0.3796875 0.50546875 0.034375 0.04453125
0 0.4140625 0.403125 0.015625 0.021875
0 0.42421875 0.421875 0.0171875 0.028125
0 0.44453125 0.3984375 0.0140625 0.025
0 0.4734375 0.3875 0.0125 0.01953125
0 0.44375 0.37109375 0.009375 0.0140625
0 0.45859375 0.375 0.0109375 0.01640625
0 0.09375 0.36796875 0.01875 0.01953125
0 0.40703125 0.3625 0.0046875 0.0140625
0 0.48125 0.36640625 0.0125 0.01640625
0 0.52734375 0.3765625 0.0140625 0.01953125
0 0.4640625 0.35 0.009375 0.01640625
0 0.54296875 0.35703125 0.0171875 0.01953125
0 0.46953125 0.3609375 0.0109375 0.01640625
0 0.53515625 0.35390625 0.0390625 0.0640625
0 0.48828125 0.353125 0.0109375 0.01640625