1 0.778125 0.6234375 0.078125 0.11953125
1 0.4140625 0.384375 0.034375 0.0640625
1 0.4609375 0.3265625 0.015625 0.025
0 0.834375 0.9 0.13125 0.19453125
0 0.271875 0.68046875 0.078125 0.11640625
0 0.365625 0.528125 0.034375 0.05
0 0.43359375 0.503125 0.0328125 0.04453125
0 0.40703125 0.45 0.0265625 0.03359375
0 0.29140625 0.5359375 0.0484375 0.0609375
0 0.37109375 0.4484375 0.0265625 0.03046875
0 0.45234375 0.43046875 0.0234375 0.028125
0 0.64296875 0.47890625 0.0296875 0.04140625
0 0.6140625 0.44140625 0.021875 0.03359375
0 0.57109375 0.43203125 0.0203125 0.03046875
0 0.52734375 0.39140625 0.0140625 0.021875
0 0.534375 0.42109375 0.01875 0.03046875
0 0.43359375 0.4125 0.0171875 0.025
0 0.5390625 0.365625 0.009375 0.0140625
0 0.58203125 0.403125 0.0046875 0.0109375
0 0.45859375 0.37890625 0.0140625 0.01953125
0 0.4828125 0.36953125 0.0125 0.01640625
0 0.43828125 0.378125 0.0109375 0.01640625
0 0.50546875 0.35703125 0.0078125 0.0140625
0 0.61796875 0.3640625 0.0109375 0.01640625
0 0.43046875 0.384375 0.0078125 0.01953125
0 0.45390625 0.365625 0.0109375 0.0140625
0 0.46953125 0.3609375 0.0109375 0.01640625
0 0.54609375 0.353125 0.0078125 0.01640625