1 0.6625 0.490625 0.034375 0.075
0 0.39765625 0.6484375 0.0515625 0.08046875
0 0.034375 0.89453125 0.06875 0.15
0 0.24453125 0.6015625 0.0640625 0.075
0 0.43359375 0.515625 0.0328125 0.046875
0 0.32421875 0.5859375 0.0484375 0.0609375
0 0.38046875 0.503125 0.0359375 0.04453125
0 0.584375 0.40390625 0.015625 0.025
0 0.3421875 0.48359375 0.034375 0.04453125
0 0.41640625 0.4359375 0.0203125 0.028125
0 0.39453125 0.4234375 0.0203125 0.03046875
0 0.4578125 0.440625 0.021875 0.03046875
0 0.5625 0.38046875 0.0125 0.01640625
0 0.43046875 0.3875 0.0109375 0.01953125
0 0.66328125 0.46796875 0.0203125 0.03046875
0 0.52890625 0.384375 0.0140625 0.025
0 0.44921875 0.3875 0.0140625 0.01953125
0 0.4140625 0.403125 0.015625 0.021875
0 0.40625 0.3640625 0.00625 0.01640625
0 0.4734375 0.3140625 0.009375 0.01640625
0 0.46875 0.39609375 0.0125 0.01953125
0 0.46015625 0.41640625 0.0171875 0.021875
0 0.47734375 0.3515625 0.0109375 0.01953125
0 0.5421875 0.375 0.0125 0.01640625
0 0.45703125 0.3625 0.0109375 0.0140625
0 0.553125 0.365625 0.0125 0.0140625
0 0.46796875 0.36640625 0.0109375 0.01640625
0 0.45859375 0.3765625 0.0109375 0.0140625
0 0.48359375 0.36953125 0.0109375 0.01640625
0 0.703125 0.290625 0.0125 0.0140625
0 0.4765625 0.38046875 0.009375 0.01640625
0 0.5390625 0.33046875 0.009375 0.01640625
0 0.64765625 0.34140625 0.0046875 0.01640625
0 0.3390625 0.490625 0.025 0.03046875