1 0.61875 0.43359375 0.05 0.0890625
0 0.240625 0.721875 0.0875 0.10546875
0 0.77734375 0.8 0.1078125 0.15
0 0.2953125 0.5359375 0.0375 0.05
0 0.29765625 0.9484375 0.1109375 0.096875
0 0.39609375 0.6 0.0515625 0.071875
0 0.034375 0.8875 0.06875 0.146875
0 0.81484375 0.68046875 0.0765625 0.1
0 0.3765625 0.50703125 0.034375 0.046875
0 0.6546875 0.4859375 0.03125 0.05
0 0.62109375 0.51640625 0.0359375 0.05
0 0.35546875 0.46953125 0.0296875 0.03359375
0 0.44375 0.48046875 0.028125 0.04453125
0 0.4125 0.4515625 0.025 0.0359375
0 0.40625 0.4109375 0.015625 0.021875
0 0.38125 0.440625 0.021875 0.03046875
0 0.4328125 0.415625 0.015625 0.025
0 0.53671875 0.421875 0.0171875 0.028125
0 0.55390625 0.40859375 0.0140625 0.021875
0 0.58515625 0.40859375 0.0171875 0.021875
0 0.40625 0.3640625 0.00625 0.01640625
0 0.47109375 0.39609375 0.0140625 0.025
0 0.428125 0.3875 0.015625 0.01953125
0 0.45234375 0.45390625 0.0203125 0.03046875
0 0.4484375 0.390625 0.015625 0.025
0 0.52890625 0.39453125 0.0140625 0.028125
0 0.5734375 0.396875 0.0125 0.021875
0 0.56640625 0.38203125 0.0171875 0.01953125
0 0.55703125 0.371875 0.0109375 0.01640625
0 0.6265625 0.446875 0.034375 0.05546875
0 0.521875 0.3640625 0.0125 0.0109375
0 0.55 0.325 0.0125 0.0109375
0 0.440625 0.375 0.0125 0.01640625
0 0.6265625 0.40859375 0.028125 0.021875
0 0.615625 0.4859375 0.01875 0.021875
0 0.47890625 0.37890625 0.0140625 0.01953125
0 0.45390625 0.365625 0.0109375 0.0140625
0 0.4390625 0.4484375 0.0125 0.025