1 0.1296875 0.790625 0.259375 0.4140625
1 0.37265625 0.47109375 0.0765625 0.15859375
1 0.28984375 0.490625 0.0984375 0.1640625
0 0.40078125 0.6265625 0.0515625 0.075
0 0.34140625 0.7875 0.0828125 0.146875
0 0.5921875 0.465625 0.025 0.04140625
0 0.4578125 0.434375 0.01875 0.03046875
0 0.565625 0.40859375 0.01875 0.03359375
0 0.4265625 0.390625 0.0125 0.01953125
0 0.5484375 0.35859375 0.009375 0.01640625
0 0.5734375 0.39140625 0.0125 0.021875
0 0.40859375 0.415625 0.0078125 0.025
0 0.47109375 0.3984375 0.0140625 0.01953125
0 0.52890625 0.39296875 0.0140625 0.01953125
0 0.52265625 0.36796875 0.0109375 0.01953125
0 0.44765625 0.39140625 0.0109375 0.01640625
0 0.47265625 0.3109375 0.0078125 0.01640625
0 0.44453125 0.37109375 0.0109375 0.01953125
0 0.40625 0.3640625 0.00625 0.01640625
0 0.45546875 0.37890625 0.0109375 0.0140625
0 0.50390625 0.35703125 0.0109375 0.01953125
0 0.17890625 0.909375 0.0421875 0.103125
0 0.53203125 0.35390625 0.0078125 0.0140625
0 0.703125 0.29140625 0.0125 0.0109375
0 0.1375 0.9640625 0.046875 0.06640625
0 0.47109375 0.35859375 0.0078125 0.0109375
0 0.36953125 0.3265625 0.0109375 0.0140625
0 0.4640625 0.37109375 0.009375 0.0140625
0 0.484375 0.34609375 0.009375 0.0140625
0 0.1890625 0.8890625 0.0625 0.14453125
0 0.40546875 0.484375 0.0078125 0.04140625
0 0.47734375 0.38046875 0.0109375 0.01640625