1 0.30703125 0.4765625 0.0953125 0.153125
1 0.76796875 0.5765625 0.1515625 0.2140625
1 0.43515625 0.39453125 0.0296875 0.06640625
1 0.82421875 0.6390625 0.1015625 0.20546875
0 0.23203125 0.75703125 0.0921875 0.1140625
0 0.35078125 0.77890625 0.0765625 0.125
0 0.40859375 0.590625 0.0390625 0.0640625
0 0.34921875 0.55 0.0453125 0.0609375
0 0.38671875 0.4265625 0.0203125 0.03046875
0 0.60390625 0.4734375 0.0328125 0.0640625
0 0.44453125 0.4765625 0.0265625 0.04140625
0 0.4578125 0.4265625 0.01875 0.03046875
0 0.56328125 0.4125 0.0171875 0.025
0 0.53984375 0.4390625 0.0203125 0.028125
0 0.23125 0.91796875 0.0375 0.096875
0 0.5296875 0.3984375 0.015625 0.025
0 0.56484375 0.38203125 0.0109375 0.01953125
0 0.46796875 0.4 0.0140625 0.021875
0 0.40625 0.365625 0.00625 0.0140625
0 0.428125 0.41796875 0.021875 0.025
0 0.709375 0.31796875 0.009375 0.00859375
0 0.45078125 0.3859375 0.0078125 0.01640625
0 0.23046875 0.98046875 0.0421875 0.03359375
0 0.553125 0.34609375 0.0125 0.01953125
0 0.490625 0.35390625 0.009375 0.0140625
0 0.5234375 0.375 0.0125 0.01640625
0 0.36953125 0.3265625 0.0109375 0.0140625
0 0.465625 0.36796875 0.009375 0.0140625
0 0.47578125 0.3765625 0.0109375 0.0140625
0 0.45078125 0.36796875 0.0078125 0.0140625
0 0.54765625 0.36953125 0.0109375 0.01640625
0 0.421875 0.41953125 0.009375 0.021875