1 0.0421875 0.84296875 0.084375 0.225
0 0.2359375 0.7765625 0.09375 0.11953125
0 0.34375 0.83046875 0.1 0.1609375
0 0.60234375 0.621875 0.0453125 0.078125
0 0.4296875 0.5265625 0.03125 0.046875
0 0.6046875 0.43203125 0.01875 0.025
0 0.38671875 0.428125 0.0203125 0.028125
0 0.33046875 0.5 0.0328125 0.04453125
0 0.4609375 0.425 0.01875 0.028125
0 0.3453125 0.559375 0.046875 0.05859375
0 0.55 0.39453125 0.015625 0.028125
0 0.75390625 0.7484375 0.0921875 0.14140625
0 0.4109375 0.45 0.025 0.03359375
0 0.428125 0.41796875 0.01875 0.025
0 0.571875 0.39140625 0.0125 0.01640625
0 0.47109375 0.39140625 0.0140625 0.021875
0 0.52578125 0.384375 0.0140625 0.01953125
0 0.44921875 0.3875 0.0171875 0.025
0 0.521875 0.359375 0.009375 0.0140625
0 0.44140625 0.375 0.0109375 0.01640625
0 0.471875 0.34453125 0.009375 0.01640625
0 0.70859375 0.31640625 0.0078125 0.0109375
0 0.48203125 0.36953125 0.0109375 0.01640625
0 0.40625 0.3640625 0.00625 0.01640625
0 0.46875 0.3609375 0.009375 0.01640625
0 0.55390625 0.365625 0.0109375 0.0140625
0 0.4734375 0.3109375 0.009375 0.01640625
0 0.45859375 0.35703125 0.0078125 0.0140625
0 0.48203125 0.3484375 0.0078125 0.0140625
0 0.54453125 0.3484375 0.0078125 0.0140625