1 0.36328125 0.43046875 0.0609375 0.1109375
1 0.40703125 0.3859375 0.0390625 0.06640625
0 0.40546875 0.6015625 0.0484375 0.06953125
0 0.30703125 0.525 0.0390625 0.05
0 0.2828125 0.684375 0.078125 0.103125
0 0.15546875 0.7109375 0.0890625 0.1
0 0.6375 0.55546875 0.0375 0.0609375
0 0.94140625 0.83359375 0.1140625 0.15
0 0.3546875 0.5515625 0.046875 0.05859375
0 0.38828125 0.484375 0.0328125 0.04140625
0 0.434375 0.4984375 0.028125 0.046875
0 0.45390625 0.45 0.0234375 0.03359375
0 0.58125 0.45 0.021875 0.03359375
0 0.5390625 0.415625 0.01875 0.03046875
0 0.915625 0.9515625 0.121875 0.09140625
0 0.2953125 0.428125 0.01875 0.028125
0 0.61796875 0.44453125 0.0234375 0.03359375
0 0.63046875 0.490625 0.0234375 0.046875
0 0.434375 0.4125 0.015625 0.025
0 0.57734375 0.4 0.0109375 0.021875
0 0.9625 0.87109375 0.071875 0.075
0 0.39140625 0.446875 0.0109375 0.028125
0 0.4515625 0.384375 0.0125 0.01953125
0 0.4578125 0.409375 0.015625 0.025
0 0.475 0.35390625 0.0125 0.01953125
0 0.4734375 0.390625 0.015625 0.025
0 0.475 0.378125 0.0125 0.01640625
0 0.5453125 0.38203125 0.0125 0.0140625
0 0.4359375 0.37890625 0.0125 0.01953125
0 0.55859375 0.37109375 0.0078125 0.0140625
0 0.7 0.2890625 0.021875 0.01640625
0 0.4875 0.35546875 0.009375 0.01640625
0 0.5046875 0.35546875 0.009375 0.01640625
0 0.53203125 0.34453125 0.0078125 0.01640625
0 0.446875 0.3484375 0.0125 0.0140625
0 0.00546875 0.2484375 0.0109375 0.03046875
0 0.52421875 0.37109375 0.0140625 0.025