1 0.4328125 0.36796875 0.025 0.046875
1 0.60703125 0.421875 0.0234375 0.05
0 0.259375 0.71796875 0.078125 0.103125
0 0.9359375 0.84296875 0.125 0.14140625
0 0.40703125 0.59296875 0.0484375 0.06953125
0 0.734375 0.9375 0.121875 0.11953125
0 0.36796875 0.525 0.0421875 0.05
0 0.3328125 0.4875 0.034375 0.04140625
0 0.4421875 0.49140625 0.03125 0.0390625
0 0.41171875 0.4015625 0.0171875 0.025
0 0.40546875 0.4609375 0.0265625 0.0390625
0 0.59453125 0.471875 0.0265625 0.0390625
0 0.4546875 0.434375 0.01875 0.03046875
0 0.534375 0.42109375 0.01875 0.03046875
0 0.57265625 0.39140625 0.0140625 0.021875
0 0.4375 0.40859375 0.015625 0.021875
0 0.5578125 0.40703125 0.015625 0.025
0 0.4671875 0.4 0.015625 0.021875
0 0.55 0.35703125 0.009375 0.01953125
0 0.453125 0.384375 0.0125 0.01953125
0 0.5265625 0.38359375 0.0125 0.01640625
0 0.47734375 0.375 0.0109375 0.01640625
0 0.521875 0.346875 0.009375 0.021875
0 0.5203125 0.36796875 0.009375 0.01953125
0 0.60625 0.43359375 0.021875 0.021875
0 0.46796875 0.3640625 0.0109375 0.01640625
0 0.57734375 0.39453125 0.0078125 0.01640625