1 0.38515625 0.40703125 0.0484375 0.0859375
1 0.44453125 0.3609375 0.0203125 0.03359375
0 0.1953125 0.81796875 0.10625 0.13046875
0 0.3859375 0.665625 0.065625 0.103125
0 0.30546875 0.6265625 0.0515625 0.06953125
0 0.24140625 0.59453125 0.0546875 0.06640625
0 0.69140625 0.5609375 0.0484375 0.071875
0 0.3515625 0.5375 0.04375 0.053125
0 0.33828125 0.48046875 0.0328125 0.0390625
0 0.7046875 0.9125 0.134375 0.16953125
0 0.91796875 0.965625 0.1171875 0.0640625
0 0.43359375 0.4765625 0.0265625 0.0359375
0 0.59453125 0.41796875 0.0171875 0.025
0 0.40625 0.45703125 0.025 0.0359375
0 0.57265625 0.390625 0.0140625 0.01953125
0 0.446875 0.39609375 0.015625 0.01953125
0 0.4578125 0.428125 0.01875 0.028125
0 0.4640625 0.403125 0.015625 0.021875
0 0.47734375 0.37109375 0.0109375 0.01953125
0 0.53125 0.40546875 0.015625 0.021875
0 0.77578125 0.9625 0.0453125 0.06953125
0 0.53359375 0.3484375 0.0109375 0.01953125
0 0.43203125 0.38203125 0.0109375 0.01953125
0 0.52734375 0.3875 0.0140625 0.01953125
0 0.29375 0.428125 0.015625 0.028125
0 0.46484375 0.36796875 0.0109375 0.0140625
0 0.4390625 0.44296875 0.009375 0.01953125
0 0.50546875 0.35546875 0.0078125 0.01640625
0 0.5515625 0.35859375 0.0125 0.01640625
0 0.48515625 0.359375 0.0140625 0.0140625
0 0.55546875 0.365625 0.0078125 0.0140625
0 0.471875 0.3609375 0.009375 0.01640625
0 0.3796875 0.4359375 0.03125 0.028125
0 0.5296875 0.396875 0.01875 0.0390625