0 0.33515625 0.84140625 0.0921875 0.14453125
0 0.18671875 0.75703125 0.0984375 0.13046875
0 0.425 0.5515625 0.034375 0.05859375
0 0.55625 0.509375 0.03125 0.046875
0 0.29140625 0.5375 0.0453125 0.053125
0 0.66484375 0.59140625 0.0515625 0.0890625
0 0.56328125 0.4015625 0.0171875 0.03046875
0 0.6625 0.5 0.0375 0.05546875
0 0.434375 0.409375 0.01875 0.025
0 0.36953125 0.45546875 0.0265625 0.03359375
0 0.4515625 0.384375 0.0125 0.01953125
0 0.39375 0.425 0.01875 0.028125
0 0.46640625 0.4015625 0.0140625 0.025
0 0.421875 0.390625 0.0125 0.01953125
0 0.55859375 0.3734375 0.0109375 0.0140625
0 0.47578125 0.3125 0.0109375 0.0140625
0 0.4078125 0.3625 0.00625 0.0140625
0 0.08984375 0.3234375 0.0109375 0.0140625
0 0.5015625 0.334375 0.00625 0.0140625
0 0.47578125 0.3859375 0.0078125 0.01640625
0 0.53515625 0.35859375 0.0109375 0.01640625
0 0.51796875 0.3234375 0.0109375 0.0140625
0 0.46796875 0.3640625 0.0109375 0.01640625
0 0.49375 0.3484375 0.009375 0.0140625
0 0.703125 0.2890625 0.0125 0.0109375
0 0.4828125 0.371875 0.0125 0.01640625
0 0.48125 0.353125 0.009375 0.0109375
0 0.52109375 0.359375 0.0078125 0.0140625
0 0.50546875 0.35703125 0.0078125 0.0140625