1 0.34921875 0.4484375 0.0578125 0.096875
1 0.5734375 0.371875 0.025 0.0609375
1 0.41640625 0.39296875 0.0203125 0.0359375
1 0.459375 0.36640625 0.01875 0.03359375
0 0.26640625 0.5640625 0.0484375 0.0609375
0 0.709375 0.6640625 0.071875 0.10546875
0 0.43671875 0.50546875 0.0265625 0.04453125
0 0.59609375 0.634375 0.0484375 0.0859375
0 0.96953125 0.90390625 0.0578125 0.153125
0 0.590625 0.45703125 0.021875 0.0359375
0 0.36796875 0.5125 0.0359375 0.053125
0 0.54921875 0.45546875 0.0265625 0.0390625
0 0.56328125 0.4140625 0.0171875 0.028125
0 0.41015625 0.4640625 0.0234375 0.0390625
0 0.4328125 0.415625 0.015625 0.025
0 0.4484375 0.3890625 0.0125 0.021875
0 0.4421875 0.3734375 0.009375 0.01953125
0 0.52890625 0.40390625 0.0140625 0.025
0 0.54921875 0.3859375 0.0140625 0.021875
0 0.40625 0.3625 0.00625 0.0140625
0 0.52421875 0.3765625 0.0140625 0.01953125
0 0.50546875 0.35546875 0.0078125 0.01640625
0 0.4828125 0.365625 0.009375 0.0140625
0 0.5578125 0.3765625 0.00625 0.0140625
0 0.540625 0.3734375 0.009375 0.0140625
0 0.471875 0.359375 0.009375 0.01953125
0 0.57578125 0.39140625 0.0171875 0.021875