1 0.43984375 0.384375 0.0296875 0.053125
1 0.396875 0.44609375 0.034375 0.075
1 0.08359375 0.771875 0.1671875 0.428125
1 0.55390625 0.353125 0.0140625 0.03359375
0 0.7328125 0.7 0.075 0.11640625
0 0.58359375 0.55 0.0390625 0.0609375
0 0.1640625 0.88046875 0.134375 0.1609375
0 0.315625 0.9109375 0.1125 0.171875
0 0.72109375 0.56640625 0.0484375 0.06640625
0 0.3609375 0.53203125 0.040625 0.05859375
0 0.43046875 0.49609375 0.0328125 0.04140625
0 0.5359375 0.4109375 0.01875 0.028125
0 0.25625 0.5875 0.05625 0.06953125
0 0.44765625 0.4515625 0.0296875 0.03046875
0 0.43203125 0.42109375 0.0203125 0.025
0 0.46328125 0.4125 0.0171875 0.025
0 0.41171875 0.40703125 0.0140625 0.01953125
0 0.52421875 0.375 0.0140625 0.01640625
0 0.47109375 0.3875 0.0140625 0.01953125
0 0.3953125 0.42109375 0.021875 0.025
0 0.01796875 0.934375 0.0359375 0.103125
0 0.47890625 0.37109375 0.0109375 0.01953125
0 0.4078125 0.3640625 0.00625 0.0109375
0 0.01015625 0.60859375 0.0203125 0.021875
0 0.45078125 0.734375 0.0234375 0.05859375
0 0.06484375 0.884375 0.1296875 0.196875
0 0.16015625 0.65703125 0.0140625 0.046875
0 0.50390625 0.35546875 0.0078125 0.01640625