1 0.3765625 0.409375 0.05 0.103125
1 0.64609375 0.45546875 0.0703125 0.128125
0 0.39453125 0.63046875 0.0546875 0.078125
0 0.4421875 0.47890625 0.028125 0.0359375
0 0.31015625 0.52109375 0.0390625 0.046875
0 0.321875 0.590625 0.059375 0.075
0 0.4125 0.453125 0.021875 0.03359375
0 0.4578125 0.4265625 0.01875 0.03046875
0 0.95234375 0.934375 0.0921875 0.125
0 0.36484375 0.51796875 0.0390625 0.05859375
0 0.43046875 0.41640625 0.0171875 0.028125
0 0.08359375 0.95 0.1171875 0.09453125
0 0.521875 0.35859375 0.009375 0.01640625
0 0.44921875 0.39140625 0.0140625 0.021875
0 0.5390625 0.3625 0.009375 0.0140625
0 0.471875 0.384375 0.0125 0.01953125
0 0.5046875 0.35703125 0.0125 0.01953125
0 0.44296875 0.371875 0.0109375 0.01640625
0 0.37109375 0.453125 0.0265625 0.01640625
0 0.40625 0.3640625 0.00625 0.01640625
0 0.4796875 0.35 0.009375 0.01640625
0 0.659375 0.49140625 0.040625 0.05546875
0 0.115625 0.978125 0.053125 0.0390625
0 0.53203125 0.328125 0.0078125 0.0109375
0 0.08359375 0.9765625 0.1171875 0.04140625
0 0.4609375 0.371875 0.0125 0.01640625
0 0.3984375 0.43203125 0.00625 0.01953125
0 0.47890625 0.371875 0.0109375 0.01640625
0 0.4875 0.3625 0.009375 0.0140625
0 0.66328125 0.44140625 0.0359375 0.0390625