1 0.1640625 0.7484375 0.328125 0.496875
1 0.39765625 0.5984375 0.0640625 0.13046875
1 0.43359375 0.371875 0.0171875 0.03359375
0 0.56875 0.425 0.01875 0.028125
0 0.43515625 0.503125 0.0296875 0.04453125
0 0.79140625 0.640625 0.0796875 0.103125
0 0.3671875 0.45 0.021875 0.03359375
0 0.4 0.4125 0.015625 0.025
0 0.3640625 0.528125 0.0375 0.05
0 0.403125 0.46953125 0.028125 0.0390625
0 0.42421875 0.3890625 0.0140625 0.021875
0 0.46328125 0.40859375 0.0171875 0.021875
0 0.55859375 0.36953125 0.0109375 0.01640625
0 0.534375 0.3875 0.0125 0.01953125
0 0.28203125 0.721875 0.0265625 0.06640625
0 0.953125 0.8875 0.090625 0.21953125
0 0.44765625 0.39296875 0.0140625 0.01953125
0 0.52109375 0.35390625 0.0078125 0.01953125
0 0.40625 0.3640625 0.00625 0.0109375
0 0.478125 0.378125 0.0125 0.01640625
0 0.54296875 0.371875 0.0109375 0.01640625
0 0.50390625 0.35703125 0.0109375 0.01953125
0 0.54609375 0.33359375 0.0078125 0.0109375
0 0.45546875 0.38046875 0.0109375 0.01640625
0 0.49375 0.35 0.009375 0.01640625
0 0.45078125 0.365625 0.0109375 0.0140625
0 0.31328125 0.59453125 0.0296875 0.1390625
0 0.5453125 0.35 0.0125 0.01640625
0 0.465625 0.371875 0.009375 0.01640625
0 0.0421875 0.65859375 0.084375 0.078125
0 0.484375 0.365625 0.009375 0.0140625