1 0.24921875 0.55 0.0796875 0.128125
1 0.45703125 0.3640625 0.0203125 0.04453125
1 0.4015625 0.45703125 0.034375 0.0640625
0 0.33984375 0.8625 0.0984375 0.146875
0 0.7765625 0.64296875 0.06875 0.09140625
0 0.4109375 0.5609375 0.0375 0.0609375
0 0.3390625 0.55703125 0.040625 0.053125
0 0.64453125 0.759375 0.0828125 0.146875
0 0.1 0.94609375 0.14375 0.103125
0 0.43828125 0.48359375 0.0296875 0.0390625
0 0.5984375 0.46953125 0.025 0.0390625
0 0.54609375 0.4515625 0.0234375 0.0359375
0 0.59609375 0.41953125 0.0203125 0.028125
0 0.5578125 0.36640625 0.009375 0.01640625
0 0.375 0.446875 0.021875 0.03359375
0 0.028125 0.8765625 0.05625 0.125
0 0.4328125 0.40859375 0.015625 0.021875
0 0.421875 0.4359375 0.015625 0.028125
0 0.5265625 0.3890625 0.015625 0.021875
0 0.465625 0.4015625 0.015625 0.01953125
0 0.11484375 0.3265625 0.0109375 0.00859375
0 0.44140625 0.371875 0.0109375 0.01640625
0 0.5359375 0.35703125 0.00625 0.01953125
0 0.40625 0.3625 0.00625 0.0140625
0 0.47421875 0.38203125 0.0140625 0.01953125
0 0.42578125 0.390625 0.0140625 0.01953125
0 0.0125 0.853125 0.025 0.05546875
0 0.459375 0.378125 0.0125 0.01640625
0 0.5234375 0.371875 0.009375 0.01640625
0 0.63359375 0.72890625 0.0578125 0.0859375
0 0.48359375 0.36953125 0.0109375 0.01640625
0 0.28046875 0.565625 0.0171875 0.04140625
0 0.61796875 0.3625 0.0109375 0.0140625
0 0.525 0.34609375 0.009375 0.0140625