1 0.6921875 0.609375 0.071875 0.146875
0 0.190625 0.7875 0.103125 0.153125
0 0.2359375 0.6109375 0.065625 0.071875
0 0.3265625 0.89140625 0.103125 0.16640625
0 0.41015625 0.59609375 0.0484375 0.06953125
0 0.3484375 0.55546875 0.04375 0.06640625
0 0.3390625 0.4875 0.03125 0.04140625
0 0.56875 0.528125 0.034375 0.0609375
0 0.72578125 0.56796875 0.0390625 0.0640625
0 0.409375 0.459375 0.028125 0.0359375
0 0.4359375 0.4859375 0.03125 0.04453125
0 0.39453125 0.4265625 0.0171875 0.025
0 0.53671875 0.421875 0.0171875 0.028125
0 0.4484375 0.4515625 0.021875 0.03046875
0 0.56796875 0.42109375 0.0171875 0.03046875
0 0.46171875 0.4125 0.0171875 0.03046875
0 0.4125 0.40546875 0.015625 0.021875
0 0.4375 0.4109375 0.01875 0.021875
0 0.4265625 0.3875 0.0125 0.01953125
0 0.44921875 0.390625 0.0140625 0.01953125
0 0.40625 0.3640625 0.00625 0.01640625
0 0.61640625 0.44609375 0.0234375 0.03046875
0 0.475 0.3875 0.0125 0.01953125
0 0.5265625 0.38203125 0.015625 0.01953125
0 0.446875 0.36796875 0.009375 0.0140625
0 0.55078125 0.39609375 0.0140625 0.01953125
0 0.596875 0.41796875 0.01875 0.025
0 0.3703125 0.325 0.0125 0.01640625
0 0.0078125 0.95 0.015625 0.08359375
0 0.45859375 0.38046875 0.0109375 0.01640625
0 0.49921875 0.340625 0.0078125 0.0140625
0 0.6015625 0.421875 0.009375 0.01640625
0 0.55703125 0.37109375 0.0109375 0.0140625
0 0.56640625 0.38203125 0.0078125 0.0140625
0 0.50546875 0.35703125 0.0078125 0.0140625
0 0.5421875 0.371875 0.009375 0.01640625
0 0.0078125 0.928125 0.015625 0.0390625