1 0.22109375 0.546875 0.1734375 0.2609375
1 0.4171875 0.38359375 0.025 0.05
1 0.47890625 0.34140625 0.0140625 0.028125
0 0.403125 0.62109375 0.046875 0.075
0 0.87578125 0.75703125 0.1078125 0.13046875
0 0.42890625 0.521875 0.0359375 0.05
0 0.34921875 0.4765625 0.0296875 0.0359375
0 0.35078125 0.565625 0.0453125 0.05859375
0 0.56328125 0.5125 0.0328125 0.046875
0 0.57578125 0.440625 0.0203125 0.03046875
0 0.44609375 0.4609375 0.0234375 0.03359375
0 0.3859375 0.43203125 0.025 0.0359375
0 0.5734375 0.39609375 0.015625 0.025
0 0.45546875 0.43046875 0.0203125 0.03359375
0 0.4015625 0.415625 0.015625 0.03046875
0 0.43046875 0.41796875 0.0171875 0.025
0 0.55625 0.3640625 0.009375 0.01640625
0 0.46953125 0.4015625 0.0140625 0.01953125
0 0.4453125 0.39609375 0.0125 0.01953125
0 0.47578125 0.38046875 0.0140625 0.021875
0 0.4390625 0.375 0.009375 0.01640625
0 0.3 0.4734375 0.009375 0.03046875
0 0.453125 0.38203125 0.0125 0.01953125
0 0.703125 0.290625 0.0125 0.0140625
0 0.46015625 0.37109375 0.0078125 0.01953125
0 0.5421875 0.3734375 0.009375 0.0140625
0 0.5390625 0.35859375 0.046875 0.0609375
0 0.54609375 0.35390625 0.0109375 0.01953125
0 0.5265625 0.378125 0.0125 0.01640625
0 0.53046875 0.34609375 0.0078125 0.01953125
0 0.47109375 0.3609375 0.0109375 0.01640625
0 0.30703125 0.49453125 0.0078125 0.028125
0 0.496875 0.34453125 0.009375 0.01640625
0 0.30234375 0.48359375 0.0140625 0.05
0 0.28203125 0.5765625 0.0171875 0.04140625