1 0.2359375 0.55 0.159375 0.228125
0 0.8 0.6609375 0.071875 0.1
0 0.42578125 0.51953125 0.0328125 0.05
0 0.63828125 0.78046875 0.0796875 0.171875
0 0.675 0.52109375 0.0375 0.053125
0 0.39140625 0.48359375 0.0265625 0.0390625
0 0.60078125 0.48203125 0.0265625 0.04140625
0 0.31875 0.615625 0.053125 0.075
0 0.32890625 0.821875 0.1109375 0.21640625
0 0.62109375 0.45 0.0203125 0.03359375
0 0.13125 0.9359375 0.1625 0.121875
0 0.45546875 0.434375 0.0234375 0.025
0 0.55390625 0.484375 0.0265625 0.04140625
0 0.38046875 0.43359375 0.0171875 0.028125
0 0.590625 0.415625 0.0125 0.01953125
0 0.4265625 0.42109375 0.01875 0.025
0 0.54453125 0.44453125 0.0234375 0.03359375
0 0.41484375 0.4 0.0140625 0.021875
0 0.44375 0.39453125 0.015625 0.021875
0 0.53359375 0.40703125 0.0140625 0.025
0 0.4703125 0.396875 0.0125 0.021875
0 0.54609375 0.38046875 0.0109375 0.01640625
0 0.52265625 0.3625 0.0109375 0.0140625
0 0.5578125 0.371875 0.009375 0.0109375
0 0.3140625 0.48046875 0.009375 0.021875
0 0.4578125 0.375 0.0125 0.01640625
0 0.40625 0.3640625 0.00625 0.01640625
0 0.45546875 0.3609375 0.0109375 0.01640625
0 0.47734375 0.38359375 0.0109375 0.01640625
0 0.4453125 0.371875 0.009375 0.01640625
0 0.52265625 0.3484375 0.0078125 0.0140625
0 0.48359375 0.3640625 0.0109375 0.01640625
0 0.31171875 0.4734375 0.0140625 0.04140625