1 0.3890625 0.453125 0.0625 0.121875
0 0.37421875 0.69140625 0.0609375 0.0890625
0 0.29296875 0.64453125 0.0578125 0.078125
0 0.0140625 0.9234375 0.028125 0.0859375
0 0.571875 0.521875 0.03125 0.05546875
0 0.30703125 0.5265625 0.0421875 0.053125
0 0.54296875 0.43203125 0.0234375 0.0359375
0 0.4359375 0.49140625 0.03125 0.05
0 0.5671875 0.38203125 0.0125 0.01953125
0 0.34609375 0.4734375 0.0265625 0.04140625
0 0.43046875 0.421875 0.0171875 0.028125
0 0.4484375 0.45703125 0.028125 0.04140625
0 0.52265625 0.365625 0.0109375 0.0140625
0 0.4609375 0.41796875 0.015625 0.025
0 0.55 0.384375 0.0125 0.01953125
0 0.09609375 0.36640625 0.0140625 0.01640625
0 0.453125 0.38046875 0.015625 0.021875
0 0.46484375 0.36640625 0.0109375 0.01640625
0 0.49609375 0.34296875 0.0078125 0.0140625
0 0.35703125 0.44609375 0.0265625 0.0359375
0 0.46796875 0.3984375 0.0140625 0.01953125
0 0.540625 0.36640625 0.009375 0.0109375
0 0.42421875 0.39453125 0.0109375 0.021875
0 0.45703125 0.3609375 0.0109375 0.01640625
0 0.5546875 0.36640625 0.009375 0.01640625
0 0.40703125 0.3625 0.0046875 0.0140625
0 0.4359375 0.37890625 0.009375 0.01953125
0 0.47578125 0.3859375 0.0109375 0.01640625
0 0.54375 0.4109375 0.009375 0.01640625
0 0.48125 0.371875 0.0125 0.01640625
0 0.39453125 0.40390625 0.0171875 0.01953125
0 0.52265625 0.34140625 0.0109375 0.01640625
0 0.4875 0.35703125 0.009375 0.0140625
0 0.35234375 0.48203125 0.0140625 0.03046875