0 0.3859375 0.70703125 0.0625 0.103125
0 0.76953125 0.778125 0.0921875 0.15546875
0 0.6234375 0.51953125 0.034375 0.05
0 0.3421875 0.565625 0.046875 0.05859375
0 0.69453125 0.5390625 0.0421875 0.05546875
0 0.5640625 0.52109375 0.03125 0.053125
0 0.41875 0.52890625 0.034375 0.053125
0 0.32734375 0.50546875 0.0359375 0.04453125
0 0.38359375 0.440625 0.0203125 0.03046875
0 0.3875 0.4890625 0.034375 0.05
0 0.41484375 0.45390625 0.0234375 0.03046875
0 0.59921875 0.42890625 0.0203125 0.03046875
0 0.53828125 0.42109375 0.0203125 0.03046875
0 0.19921875 0.36640625 0.0109375 0.01640625
0 0.57265625 0.428125 0.0171875 0.028125
0 0.45703125 0.440625 0.0203125 0.03046875
0 0.41328125 0.403125 0.0140625 0.021875
0 0.42265625 0.4265625 0.0171875 0.025
0 0.55859375 0.40390625 0.0171875 0.03046875
0 0.52265625 0.371875 0.0109375 0.01640625
0 0.459375 0.41953125 0.01875 0.028125
0 0.75546875 0.74609375 0.0640625 0.09140625
0 0.528125 0.39296875 0.015625 0.025
0 0.44453125 0.4 0.0140625 0.021875
0 0.584375 0.415625 0.009375 0.01953125
0 0.4265625 0.3890625 0.015625 0.021875
0 0.40625 0.365625 0.00625 0.0140625
0 0.42265625 0.5015625 0.0171875 0.01953125
0 0.4953125 0.334375 0.0125 0.01953125
0 0.48125 0.3765625 0.009375 0.0140625
0 0.54375 0.38359375 0.0125 0.01640625
0 0.4421875 0.37109375 0.0125 0.01953125
0 0.46875 0.403125 0.0125 0.021875
0 0.47421875 0.3859375 0.0140625 0.01640625
0 0.4546875 0.38203125 0.0125 0.01953125