0 0.090625 0.771875 0.109375 0.128125
0 0.30234375 0.95 0.1171875 0.09453125
0 0.659375 0.496875 0.03125 0.04453125
0 0.42734375 0.54453125 0.0359375 0.05546875
0 0.7671875 0.63359375 0.065625 0.0890625
0 0.29140625 0.55 0.0421875 0.05
0 0.3515625 0.471875 0.03125 0.03359375
0 0.5984375 0.4265625 0.01875 0.025
0 0.38046875 0.50390625 0.0359375 0.04140625
0 0.5640625 0.415625 0.015625 0.025
0 0.4109375 0.44609375 0.028125 0.0359375
0 0.33515625 0.565625 0.0515625 0.075
0 0.4625 0.415625 0.015625 0.025
0 0.39609375 0.41796875 0.0171875 0.025
0 0.4484375 0.45 0.025 0.03359375
0 0.5328125 0.41796875 0.015625 0.025
0 0.4734375 0.384375 0.0125 0.01953125
0 0.43984375 0.4 0.0140625 0.021875
0 0.434375 0.38046875 0.0125 0.01640625
0 0.40703125 0.3625 0.0046875 0.0140625
0 0.54453125 0.378125 0.0109375 0.01640625
0 0.56015625 0.37109375 0.0109375 0.0140625
0 0.45234375 0.38203125 0.0140625 0.01953125
0 0.48046875 0.36640625 0.0171875 0.01640625
0 0.44765625 0.365625 0.0109375 0.0140625
0 0.52421875 0.36953125 0.0109375 0.01640625
0 0.5109375 0.33046875 0.00625 0.0109375
0 0.4609375 0.371875 0.009375 0.01640625