1 0.421875 0.428125 0.025 0.0390625
0 0.3515625 0.7640625 0.075 0.121875
0 0.61328125 0.440625 0.0203125 0.03046875
0 0.3 0.5375 0.04375 0.053125
0 0.45234375 0.44296875 0.0234375 0.03046875
0 0.36953125 0.515625 0.0359375 0.046875
0 0.4234375 0.52890625 0.040625 0.06953125
0 0.58359375 0.40546875 0.0140625 0.021875
0 0.27578125 0.58046875 0.0546875 0.04453125
0 0.46484375 0.4015625 0.0171875 0.03046875
0 0.4046875 0.4125 0.015625 0.025
0 0.521875 0.359375 0.009375 0.0140625
0 0.4546875 0.384375 0.0125 0.01953125
0 0.4390625 0.375 0.009375 0.0109375
0 0.4375 0.409375 0.015625 0.03046875
0 0.55390625 0.3609375 0.0109375 0.01640625
0 0.40703125 0.3625 0.0046875 0.0140625
0 0.42578125 0.384375 0.0109375 0.01953125
0 0.50390625 0.35703125 0.0109375 0.01953125
0 0.415625 0.4015625 0.0125 0.01953125
0 0.45859375 0.35859375 0.0078125 0.0109375
0 0.47734375 0.38046875 0.0140625 0.021875
0 0.703125 0.290625 0.0125 0.0140625
0 0.7 0.290625 0.021875 0.0140625
0 0.5546875 0.34453125 0.0125 0.0109375
0 0.47578125 0.35546875 0.0078125 0.0109375
0 0.465625 0.365625 0.009375 0.0140625
0 0.5390625 0.34609375 0.04375 0.053125