1 0.43515625 0.365625 0.0234375 0.046875
0 0.80078125 0.809375 0.1078125 0.1640625
0 0.19296875 0.8125 0.1140625 0.1859375
0 0.42109375 0.5390625 0.0390625 0.05546875
0 0.625 0.4515625 0.025 0.03046875
0 0.38671875 0.484375 0.0359375 0.04140625
0 0.6609375 0.496875 0.034375 0.04453125
0 0.56484375 0.5125 0.0328125 0.053125
0 0.32109375 0.87109375 0.1046875 0.203125
0 0.3734375 0.4484375 0.025 0.03046875
0 0.46015625 0.425 0.0203125 0.028125
0 0.43828125 0.4734375 0.0265625 0.0359375
0 0.57265625 0.428125 0.0203125 0.03359375
0 0.590625 0.46953125 0.025 0.0390625
0 0.32265625 0.8 0.0546875 0.071875
0 0.40625 0.4109375 0.015625 0.021875
0 0.5625 0.36953125 0.0125 0.028125
0 0.471875 0.378125 0.015625 0.028125
0 0.434375 0.38046875 0.01875 0.01640625
0 0.45859375 0.3765625 0.0140625 0.01953125
0 0.42109375 0.490625 0.0109375 0.01953125
0 0.54921875 0.38203125 0.0140625 0.01953125
0 0.4609375 0.37109375 0.01875 0.03046875
0 0.53125 0.40703125 0.015625 0.025
0 0.4390625 0.44453125 0.0125 0.021875
0 0.559375 0.453125 0.0125 0.021875
0 0.521875 0.35859375 0.009375 0.021875
0 0.4828125 0.371875 0.009375 0.01640625
0 0.08671875 0.321875 0.0140625 0.01640625
0 0.4109375 0.3625 0.015625 0.01953125
0 0.525 0.38203125 0.015625 0.01953125
0 0.50546875 0.88203125 0.1359375 0.23046875
0 0.48828125 0.35390625 0.0109375 0.0140625
0 0.40703125 0.3625 0.0078125 0.0140625
0 0.3140625 0.9125 0.0875 0.11953125