1 0.56875 0.3734375 0.021875 0.046875
0 0.29140625 0.5390625 0.0453125 0.05
0 0.33828125 0.859375 0.1015625 0.15859375
0 0.253125 0.7109375 0.0875 0.10546875
0 0.73046875 0.725 0.0765625 0.121875
0 0.42578125 0.565625 0.0421875 0.05859375
0 0.61171875 0.49140625 0.0328125 0.05
0 0.75546875 0.625 0.0640625 0.08359375
0 0.39921875 0.4234375 0.0171875 0.025
0 0.384375 0.4984375 0.034375 0.04140625
0 0.4484375 0.4625 0.025 0.0359375
0 0.57578125 0.44609375 0.0203125 0.03046875
0 0.53359375 0.40859375 0.0171875 0.03359375
0 0.36640625 0.45859375 0.0234375 0.03359375
0 0.46640625 0.40703125 0.0171875 0.025
0 0.4359375 0.40703125 0.015625 0.025
0 0.43515625 0.37890625 0.0109375 0.01953125
0 0.525 0.3765625 0.0125 0.01953125
0 0.4421875 0.4 0.0125 0.021875
0 0.5546875 0.36953125 0.00625 0.01640625
0 0.4578125 0.375 0.0125 0.01640625
0 0.40625 0.365625 0.00625 0.0140625
0 0.52109375 0.35390625 0.0078125 0.0140625
0 0.48828125 0.32890625 0.0078125 0.0140625
0 0.36875 0.3265625 0.0125 0.0140625
0 0.475 0.3890625 0.0125 0.021875
0 0.534375 0.35703125 0.009375 0.0140625
0 0.703125 0.290625 0.0125 0.0140625
0 0.54140625 0.3734375 0.0109375 0.0140625
0 0.47265625 0.359375 0.0078125 0.0140625
0 0.48671875 0.3609375 0.0109375 0.01640625
0 0.4484375 0.36640625 0.009375 0.01640625