1 0.12421875 0.68359375 0.2484375 0.40546875
0 0.31484375 0.915625 0.1171875 0.1640625
0 0.7 0.65859375 0.0625 0.1
0 0.43125 0.52109375 0.03125 0.046875
0 0.35 0.54453125 0.040625 0.05546875
0 0.55859375 0.50546875 0.0359375 0.071875
0 0.703125 0.55703125 0.046875 0.0640625
0 0.315625 0.51640625 0.0375 0.04453125
0 0.56171875 0.409375 0.0140625 0.025
0 0.3953125 0.47109375 0.025 0.0359375
0 0.44609375 0.46796875 0.0234375 0.0359375
0 0.409375 0.40546875 0.015625 0.021875
0 0.41328125 0.44140625 0.0203125 0.03359375
0 0.43828125 0.40859375 0.0140625 0.021875
0 0.61171875 0.50546875 0.0265625 0.04453125
0 0.45390625 0.4390625 0.0203125 0.028125
0 0.61640625 0.48046875 0.0265625 0.0390625
0 0.375 0.44140625 0.028125 0.04453125
0 0.40625 0.3640625 0.00625 0.01640625
0 0.5046875 0.35546875 0.009375 0.01640625
0 0.9046875 0.9875 0.04375 0.01953125
0 0.46484375 0.40703125 0.0171875 0.025
0 0.4390625 0.378125 0.0125 0.01640625
0 0.5390625 0.365625 0.009375 0.01953125
0 0.39140625 0.428125 0.0171875 0.028125
0 0.51953125 0.35 0.0078125 0.01640625
0 0.6 0.44609375 0.009375 0.025
0 0.6140625 0.45390625 0.009375 0.0140625
0 0.196875 0.68203125 0.025 0.04140625
0 0.4609375 0.3484375 0.0125 0.01953125
0 0.453125 0.38046875 0.0125 0.01640625
0 0.4734375 0.30859375 0.00625 0.0109375
0 0.47578125 0.34453125 0.0078125 0.0109375
0 0.546875 0.35703125 0.00625 0.0140625
0 0.51640625 0.325 0.0046875 0.0109375
0 0.4703125 0.39140625 0.0125 0.021875
0 0.37578125 0.42890625 0.0203125 0.01953125
0 0.48125 0.371875 0.0125 0.021875