1 0.66171875 0.553125 0.0671875 0.15
1 0.4546875 0.3625 0.021875 0.053125
1 0.63125 0.44609375 0.034375 0.0640625
0 0.359375 0.77890625 0.078125 0.125
0 0.80859375 0.815625 0.1078125 0.16953125
0 0.425 0.52890625 0.034375 0.046875
0 0.28359375 0.54140625 0.0421875 0.05546875
0 0.31953125 0.5890625 0.0546875 0.06640625
0 0.3703125 0.45 0.025 0.03359375
0 0.5578125 0.496875 0.028125 0.05
0 0.4453125 0.459375 0.025 0.0359375
0 0.57890625 0.44296875 0.0203125 0.03046875
0 0.578125 0.39609375 0.015625 0.025
0 0.40625 0.45703125 0.025 0.03046875
0 0.4328125 0.415625 0.01875 0.025
0 0.459375 0.4359375 0.01875 0.028125
0 0.471875 0.3890625 0.0125 0.021875
0 0.428125 0.3859375 0.0125 0.01640625
0 0.40234375 0.4140625 0.0171875 0.021875
0 0.41328125 0.4 0.0140625 0.021875
0 0.52890625 0.384375 0.0140625 0.01953125
0 0.534375 0.41953125 0.01875 0.021875
0 0.45390625 0.37890625 0.0171875 0.01953125
0 0.5234375 0.36953125 0.0125 0.01640625
0 0.55390625 0.3640625 0.0109375 0.01640625
0 0.54765625 0.38046875 0.0140625 0.01640625
0 0.40703125 0.365625 0.0046875 0.0140625
0 0.48203125 0.36953125 0.0109375 0.01640625
0 0.52109375 0.35390625 0.0078125 0.0140625
0 0.475 0.35703125 0.009375 0.0140625
0 0.53515625 0.359375 0.0109375 0.0140625
0 0.47109375 0.3640625 0.0078125 0.01640625