1 0.36796875 0.47109375 0.0765625 0.14140625
1 0.23984375 0.5390625 0.1546875 0.20546875
1 0.40703125 0.39609375 0.0265625 0.05859375
1 0.4328125 0.365625 0.025 0.053125
0 0.3171875 0.83359375 0.090625 0.13359375
0 0.70625 0.55859375 0.046875 0.0609375
0 0.83671875 0.871875 0.1109375 0.178125
0 0.39921875 0.59609375 0.0484375 0.06953125
0 0.83046875 0.6984375 0.0859375 0.1140625
0 0.453125 0.4375 0.021875 0.03046875
0 0.4671875 0.403125 0.015625 0.021875
0 0.55234375 0.3625 0.0078125 0.0140625
0 0.50390625 0.35859375 0.0109375 0.01640625
0 0.4578125 0.3625 0.0125 0.0140625
0 0.43046875 0.38359375 0.0140625 0.01640625
0 0.47421875 0.38046875 0.0140625 0.01640625
0 0.69921875 0.29140625 0.0203125 0.01640625
0 0.53828125 0.36796875 0.0109375 0.0140625
0 0.525 0.36640625 0.015625 0.021875
0 0.40078125 0.4890625 0.0109375 0.028125
0 0.434375 0.38203125 0.021875 0.01953125