1 0.23203125 0.59140625 0.0859375 0.121875
1 0.37890625 0.5015625 0.0359375 0.05859375
0 0.19296875 0.82109375 0.1203125 0.1359375
0 0.28359375 0.66953125 0.0703125 0.0890625
0 0.35078125 0.821875 0.0890625 0.1390625
0 0.56484375 0.5234375 0.0328125 0.05859375
0 0.6859375 0.6140625 0.059375 0.0890625
0 0.7359375 0.9375 0.121875 0.11953125
0 0.0984375 0.978125 0.134375 0.0390625
0 0.33046875 0.49140625 0.0359375 0.05
0 0.70234375 0.546875 0.0453125 0.0609375
0 0.371875 0.446875 0.025 0.03359375
0 0.4078125 0.5890625 0.053125 0.0890625
0 0.6046875 0.42890625 0.01875 0.025
0 0.340625 0.59296875 0.053125 0.06953125
0 0.55703125 0.40859375 0.0171875 0.021875
0 0.40703125 0.4625 0.0234375 0.0359375
0 0.4 0.415625 0.01875 0.03046875
0 0.59140625 0.4109375 0.0140625 0.021875
0 0.528125 0.396875 0.015625 0.021875
0 0.5734375 0.3875 0.01875 0.025
0 0.34921875 0.553125 0.0421875 0.05
0 0.4265625 0.54609375 0.03125 0.053125
0 0.44140625 0.49453125 0.0265625 0.0390625
0 0.4296875 0.515625 0.03125 0.046875
0 0.42890625 0.4234375 0.0171875 0.025
0 0.54609375 0.38359375 0.0109375 0.01640625
0 0.4515625 0.3859375 0.0125 0.01640625
0 0.40625 0.3640625 0.00625 0.01640625
0 0.41796875 0.440625 0.0203125 0.0359375
0 0.44453125 0.4640625 0.0265625 0.0390625
0 0.4328125 0.39140625 0.0125 0.01640625
0 0.53125 0.375 0.0125 0.01640625
0 0.55078125 0.3609375 0.0109375 0.021875
0 0.521875 0.3609375 0.009375 0.01640625
0 0.4375 0.378125 0.0125 0.01640625
0 0.45390625 0.45 0.0203125 0.03359375
0 0.46953125 0.4015625 0.0140625 0.025
0 0.46171875 0.4140625 0.0203125 0.028125
0 0.096875 0.95 0.1375 0.09453125