1 0.4421875 0.3609375 0.01875 0.0390625
1 0.57265625 0.37890625 0.0171875 0.03046875
0 0.0828125 0.78359375 0.128125 0.13359375
0 0.80625 0.6734375 0.08125 0.096875
0 0.69296875 0.53046875 0.0421875 0.05546875
0 0.3234375 0.59296875 0.05 0.075
0 0.64375 0.5625 0.040625 0.0640625
0 0.43984375 0.484375 0.0296875 0.04140625
0 0.66875 0.8140625 0.0875 0.16640625
0 0.6046875 0.47890625 0.03125 0.046875
0 0.4125 0.44140625 0.021875 0.03359375
0 0.56171875 0.40390625 0.0171875 0.025
0 0.46640625 0.40390625 0.0140625 0.025
0 0.39375 0.63359375 0.05 0.0890625
0 0.54453125 0.45 0.0265625 0.03359375
0 0.4515625 0.4375 0.021875 0.03046875
0 0.396875 0.590625 0.028125 0.0359375
0 0.3921875 0.4265625 0.01875 0.025
0 0.3484375 0.53046875 0.015625 0.021875
0 0.421875 0.39296875 0.0125 0.01953125
0 0.478125 0.36796875 0.015625 0.025
0 0.52890625 0.403125 0.0171875 0.021875
0 0.44296875 0.3734375 0.0140625 0.0140625
0 0.46484375 0.365625 0.0109375 0.01953125
0 0.5421875 0.375 0.0125 0.01640625
0 0.49140625 0.34609375 0.0140625 0.01953125
0 0.56015625 0.353125 0.0140625 0.01640625
0 0.4109375 0.3609375 0.015625 0.01640625
0 0.38828125 0.56796875 0.0140625 0.01953125
0 0.40703125 0.3625 0.0078125 0.0140625
0 0.52578125 0.38046875 0.0140625 0.01640625
0 0.521875 0.36796875 0.0125 0.01953125