0 0.178125 0.678125 0.084375 0.0890625
0 0.68828125 0.53203125 0.0390625 0.053125
0 0.18359375 0.8484375 0.1171875 0.146875
0 0.015625 0.909375 0.03125 0.103125
0 0.309375 0.9515625 0.1125 0.09140625
0 0.34921875 0.5515625 0.0484375 0.05859375
0 0.6203125 0.4484375 0.021875 0.03046875
0 0.41953125 0.575 0.0453125 0.0609375
0 0.325 0.50390625 0.0375 0.04140625
0 0.40859375 0.4640625 0.0265625 0.03359375
0 0.371875 0.4515625 0.025 0.0359375
0 0.53515625 0.409375 0.0171875 0.025
0 0.5703125 0.4265625 0.01875 0.03046875
0 0.44296875 0.4765625 0.0296875 0.046875
0 0.57265625 0.390625 0.0109375 0.01953125
0 0.55234375 0.3625 0.0078125 0.0140625
0 0.38671875 0.434375 0.0171875 0.025
0 0.5515625 0.39453125 0.0125 0.021875
0 0.4390625 0.403125 0.015625 0.021875
0 0.43359375 0.38359375 0.0109375 0.01640625
0 0.4640625 0.4125 0.015625 0.01953125
0 0.53515625 0.35 0.0078125 0.0109375
0 0.45078125 0.384375 0.0140625 0.01953125
0 0.48203125 0.36796875 0.0109375 0.01953125
0 0.4734375 0.309375 0.009375 0.01953125
0 0.4453125 0.36796875 0.009375 0.0140625
0 0.40703125 0.3625 0.0046875 0.0140625
0 0.5046875 0.35859375 0.009375 0.01640625
0 0.471875 0.39296875 0.0125 0.01953125
0 0.4640625 0.371875 0.009375 0.01640625
0 0.478125 0.38046875 0.009375 0.01640625
0 0.459375 0.375 0.009375 0.01640625
0 0.44375 0.4390625 0.0125 0.021875
0 0.48984375 0.3609375 0.0078125 0.01640625
0 0.52421875 0.334375 0.0046875 0.00859375
0 0.45234375 0.4359375 0.0265625 0.028125