1 0.6125 0.5015625 0.0375 0.06953125
0 0.85390625 0.75390625 0.0984375 0.13046875
0 0.2390625 0.603125 0.0625 0.06640625
0 0.38671875 0.640625 0.0546875 0.08046875
0 0.32734375 0.578125 0.0484375 0.0609375
0 0.33359375 0.49609375 0.0328125 0.04140625
0 0.0484375 0.86640625 0.096875 0.15546875
0 0.61953125 0.453125 0.0234375 0.03359375
0 0.421875 0.559375 0.040625 0.05859375
0 0.43203125 0.496875 0.0328125 0.04453125
0 0.3796875 0.5 0.03125 0.04453125
0 0.565625 0.38046875 0.0125 0.01640625
0 0.45390625 0.453125 0.0203125 0.028125
0 0.40703125 0.45390625 0.0265625 0.04140625
0 0.43203125 0.41953125 0.0171875 0.021875
0 0.396875 0.42109375 0.01875 0.025
0 0.41953125 0.39609375 0.0140625 0.01953125
0 0.4375 0.378125 0.0125 0.01640625
0 0.5390625 0.37890625 0.0125 0.0140625
0 0.46484375 0.41796875 0.0171875 0.025
0 0.44765625 0.390625 0.0140625 0.01953125
0 0.0796875 0.990625 0.09375 0.0140625
0 0.4703125 0.396875 0.015625 0.021875
0 0.40625 0.3640625 0.00625 0.01640625
0 0.43359375 0.48359375 0.0203125 0.01640625
0 0.4796875 0.346875 0.009375 0.01640625
0 0.478125 0.37890625 0.0125 0.0140625
0 0.52265625 0.371875 0.0140625 0.01640625
0 0.36953125 0.3265625 0.0109375 0.0140625
0 0.29140625 0.43203125 0.0109375 0.03046875
0 0.45859375 0.359375 0.0078125 0.0140625
0 0.48359375 0.365625 0.0109375 0.0140625
0 0.459375 0.375 0.009375 0.01640625
0 0.4671875 0.365625 0.009375 0.0140625
0 0.534375 0.35546875 0.0375 0.06640625
0 0.43984375 0.44609375 0.0140625 0.025
0 0.10546875 0.9890625 0.2109375 0.01640625