0 0.89765625 0.80390625 0.1234375 0.15859375
0 0.275 0.94140625 0.121875 0.1109375
0 0.61484375 0.66953125 0.0640625 0.1109375
0 0.225 0.621875 0.0625 0.071875
0 0.3203125 0.5140625 0.0375 0.04453125
0 0.321875 0.6125 0.053125 0.075
0 0.61015625 0.490625 0.0328125 0.04140625
0 0.45390625 0.45546875 0.0234375 0.03359375
0 0.55234375 0.48359375 0.0265625 0.04453125
0 0.59453125 0.4234375 0.0171875 0.025
0 0.5296875 0.4015625 0.015625 0.025
0 0.46640625 0.409375 0.0171875 0.025
0 0.41640625 0.44609375 0.0203125 0.03046875
0 0.36640625 0.4484375 0.0296875 0.04140625
0 0.57734375 0.39296875 0.0140625 0.025
0 0.390625 0.42890625 0.01875 0.03046875
0 0.41171875 0.403125 0.0140625 0.021875
0 0.43125 0.41953125 0.015625 0.028125
0 0.54921875 0.39140625 0.0140625 0.01640625
0 0.4375 0.37890625 0.0125 0.01953125
0 0.44609375 0.396875 0.0140625 0.021875
0 0.425 0.3859375 0.0125 0.021875
0 0.52109375 0.35703125 0.0109375 0.01953125
0 0.49140625 0.353125 0.0109375 0.01640625
0 0.4734375 0.30703125 0.0125 0.01953125
0 0.5578125 0.35546875 0.009375 0.01640625
0 0.47890625 0.378125 0.0171875 0.028125
0 0.40625 0.365625 0.00625 0.0140625
0 0.50546875 0.35546875 0.0078125 0.01640625
0 0.55859375 0.37109375 0.0109375 0.0140625
0 0.52578125 0.378125 0.0140625 0.01640625
0 0.540625 0.365625 0.009375 0.01953125