1 0.39765625 0.4390625 0.0578125 0.13359375
0 0.88359375 0.746875 0.0953125 0.128125
0 0.40390625 0.57109375 0.0453125 0.0640625
0 0.075 0.8109375 0.121875 0.1390625
0 0.29140625 0.971875 0.1046875 0.05
0 0.29140625 0.546875 0.0390625 0.05
0 0.33125 0.584375 0.046875 0.0640625
0 0.60859375 0.65 0.0546875 0.09453125
0 0.67109375 0.609375 0.0546875 0.08046875
0 0.68125 0.52890625 0.0375 0.053125
0 0.359375 0.4625 0.028125 0.0359375
0 0.4546875 0.440625 0.021875 0.03046875
0 0.434375 0.40859375 0.015625 0.021875
0 0.3859375 0.41953125 0.028125 0.05
0 0.3875 0.47109375 0.034375 0.0640625
0 0.56171875 0.3765625 0.0078125 0.0140625
0 0.14921875 0.58203125 0.0140625 0.03046875
0 0.46328125 0.4109375 0.0171875 0.021875
0 0.47109375 0.3984375 0.0140625 0.01953125
0 0.2921875 0.43046875 0.0125 0.028125
0 0.53984375 0.328125 0.0078125 0.0109375
0 0.521875 0.346875 0.009375 0.0109375
0 0.40625 0.3640625 0.00625 0.01640625
0 0.4796875 0.3734375 0.0125 0.01953125
0 0.446875 0.39453125 0.0125 0.01640625
0 0.4703125 0.3609375 0.009375 0.01640625
0 0.1765625 0.56796875 0.06875 0.05859375
0 0.45546875 0.37890625 0.0140625 0.025
0 0.54609375 0.3484375 0.0046875 0.0140625
0 0.40546875 0.38359375 0.0296875 0.021875
0 0.43125 0.3859375 0.0125 0.021875
0 0.43984375 0.3734375 0.0109375 0.01953125
0 0.496875 0.33046875 0.00625 0.0109375
0 0.3984375 0.3890625 0.015625 0.01640625