0 0.09765625 0.771875 0.1171875 0.128125
0 0.409375 0.621875 0.05 0.078125
0 0.3328125 0.590625 0.05 0.05859375
0 0.64453125 0.484375 0.0296875 0.04140625
0 0.38359375 0.49296875 0.0328125 0.04140625
0 0.43984375 0.4875 0.0328125 0.046875
0 0.58984375 0.40859375 0.0140625 0.021875
0 0.36484375 0.4640625 0.0265625 0.03359375
0 0.42265625 0.42890625 0.0203125 0.025
0 0.459375 0.4234375 0.015625 0.025
0 0.571875 0.434375 0.021875 0.03046875
0 0.38828125 0.43203125 0.0171875 0.025
0 0.534375 0.40390625 0.015625 0.025
0 0.43125 0.38203125 0.0125 0.01953125
0 0.70859375 0.3359375 0.0078125 0.0109375
0 0.44765625 0.39453125 0.0140625 0.021875
0 0.52734375 0.38203125 0.0140625 0.01953125
0 0.48125 0.36953125 0.0125 0.01640625
0 0.40703125 0.3625 0.0046875 0.0140625
0 0.546875 0.38203125 0.0125 0.01953125
0 0.45703125 0.378125 0.0109375 0.01640625
0 0.52421875 0.3609375 0.0109375 0.01640625
0 0.46484375 0.3640625 0.0078125 0.01640625
0 0.44609375 0.36796875 0.0109375 0.0140625
0 0.50625 0.35546875 0.00625 0.01640625
0 0.42265625 0.484375 0.0171875 0.0359375
0 0.4453125 0.375 0.0125 0.01640625
0 0.53671875 0.35859375 0.0109375 0.01640625
0 0.4078125 0.384375 0.0125 0.0140625