1 0.3125 0.853125 0.134375 0.271875
1 0.55390625 0.453125 0.0328125 0.071875
1 0.046875 0.8234375 0.09375 0.28046875
0 0.6375 0.55546875 0.0375 0.0609375
0 0.38046875 0.4359375 0.0171875 0.028125
0 0.4453125 0.48046875 0.025 0.0390625
0 0.6203125 0.453125 0.021875 0.03359375
0 0.3921875 0.628125 0.065625 0.128125
0 0.3625 0.5234375 0.040625 0.05859375
0 0.4046875 0.409375 0.015625 0.025
0 0.340625 0.49140625 0.03125 0.04453125
0 0.53125 0.403125 0.015625 0.021875
0 0.7671875 0.61796875 0.0625 0.08046875
0 0.43359375 0.4109375 0.0171875 0.028125
0 0.5875 0.40859375 0.015625 0.021875
0 0.45390625 0.43203125 0.0234375 0.03046875
0 0.5703125 0.38359375 0.015625 0.021875
0 0.43359375 0.37890625 0.0109375 0.01953125
0 0.4515625 0.3859375 0.0125 0.01640625
0 0.53359375 0.35390625 0.0078125 0.0140625
0 0.40625 0.3640625 0.00625 0.01640625
0 0.4625 0.4140625 0.015625 0.021875
0 0.5578125 0.390625 0.0125 0.01953125
0 0.4671875 0.390625 0.0125 0.01953125
0 0.4765625 0.38046875 0.009375 0.01640625
0 0.46484375 0.365625 0.0109375 0.0140625
0 0.5046875 0.35703125 0.009375 0.01953125
0 0.52421875 0.3375 0.0078125 0.0140625
0 0.36953125 0.3265625 0.0109375 0.0140625
0 0.39296875 0.57890625 0.0234375 0.0359375
0 0.4734375 0.3484375 0.009375 0.0140625
0 0.703125 0.29140625 0.0125 0.0109375
0 0.53515625 0.3375 0.0109375 0.01953125
0 0.48359375 0.36640625 0.0109375 0.01640625
0 0.471875 0.35703125 0.009375 0.0140625
0 0.5359375 0.34140625 0.03125 0.03359375