1 0.4609375 0.328125 0.015625 0.028125
0 0.4265625 0.546875 0.040625 0.05546875
0 0.23671875 0.75390625 0.0890625 0.1140625
0 0.33515625 0.8859375 0.1046875 0.16640625
0 0.7375 0.59140625 0.053125 0.071875
0 0.3640625 0.52890625 0.040625 0.053125
0 0.215625 0.63046875 0.06875 0.078125
0 0.05390625 0.8390625 0.1078125 0.15
0 0.63984375 0.471875 0.0265625 0.0390625
0 0.3390625 0.4890625 0.03125 0.0390625
0 0.41484375 0.4515625 0.0234375 0.03046875
0 0.540625 0.428125 0.01875 0.028125
0 0.37734375 0.44453125 0.0234375 0.03359375
0 0.44765625 0.4609375 0.0234375 0.0390625
0 0.5796875 0.44453125 0.021875 0.03359375
0 0.55546875 0.40390625 0.0140625 0.025
0 0.57734375 0.39609375 0.0109375 0.01953125
0 0.55546875 0.36796875 0.0078125 0.0140625
0 0.39296875 0.428125 0.0171875 0.021875
0 0.44140625 0.396875 0.0140625 0.021875
0 0.46640625 0.40859375 0.0140625 0.021875
0 0.53515625 0.353125 0.0078125 0.0109375
0 0.45859375 0.42890625 0.0203125 0.025
0 0.43671875 0.38046875 0.0109375 0.01640625
0 0.40703125 0.3625 0.0046875 0.0140625
0 0.446875 0.36640625 0.009375 0.01640625
0 0.475 0.30703125 0.009375 0.01953125
0 0.453125 0.38203125 0.0125 0.01953125
0 0.48359375 0.3640625 0.0109375 0.01640625
0 0.59765625 0.45546875 0.0078125 0.01640625
0 0.47421875 0.3890625 0.0109375 0.01640625
0 0.4453125 0.43203125 0.0125 0.01953125
0 0.49140625 0.3359375 0.0078125 0.01640625
0 0.50390625 0.35859375 0.0109375 0.01640625
0 0.4609375 0.375 0.009375 0.01640625
0 0.490625 0.35859375 0.009375 0.01640625
0 0.4796875 0.37890625 0.009375 0.01953125
0 0.578125 0.4375 0.015625 0.01953125
0 0.5234375 0.3375 0.00625 0.00859375