1 0.4484375 0.37109375 0.025 0.05859375
1 0.5875 0.4390625 0.03125 0.071875
1 0.59921875 0.409375 0.0234375 0.046875
0 0.18515625 0.65390625 0.0734375 0.08046875
0 0.17109375 0.825 0.1203125 0.14453125
0 0.39375 0.62109375 0.046875 0.075
0 0.3390625 0.4859375 0.03125 0.0390625
0 0.378125 0.50546875 0.034375 0.04453125
0 0.43125 0.496875 0.03125 0.04453125
0 0.60546875 0.4984375 0.0328125 0.046875
0 0.41796875 0.4390625 0.0234375 0.028125
0 0.4515625 0.465625 0.021875 0.0359375
0 0.3859375 0.43203125 0.01875 0.025
0 0.5578125 0.40390625 0.015625 0.025
0 0.4671875 0.403125 0.015625 0.021875
0 0.56640625 0.37890625 0.0109375 0.01953125
0 0.41953125 0.39609375 0.0109375 0.01953125
0 0.5328125 0.41953125 0.01875 0.028125
0 0.40078125 0.4140625 0.0171875 0.021875
0 0.44609375 0.390625 0.0171875 0.01953125
0 0.47890625 0.378125 0.0109375 0.01640625
0 0.5234375 0.36953125 0.0125 0.021875
0 0.540625 0.36953125 0.009375 0.01640625
0 0.55 0.35703125 0.009375 0.01953125
0 0.40625 0.365625 0.00625 0.0140625
0 0.43046875 0.34609375 0.0140625 0.0140625
0 0.43359375 0.46796875 0.0171875 0.025
0 0.52890625 0.39140625 0.0109375 0.01640625
0 0.46484375 0.36953125 0.0078125 0.01640625
0 0.52265625 0.390625 0.0078125 0.0140625
0 0.60625 0.4234375 0.009375 0.025