1 0.3734375 0.421875 0.053125 0.0890625
1 0.41171875 0.3984375 0.0203125 0.0359375
1 0.4609375 0.328125 0.015625 0.028125
0 0.29296875 0.94140625 0.1171875 0.1109375
0 0.93359375 0.84609375 0.1296875 0.16953125
0 0.1484375 0.7 0.084375 0.09453125
0 0.59609375 0.62890625 0.0515625 0.0859375
0 0.65234375 0.55390625 0.0453125 0.06953125
0 0.365625 0.70546875 0.06875 0.1
0 0.2765625 0.69609375 0.078125 0.10859375
0 0.3484375 0.48203125 0.03125 0.04140625
0 0.3703125 0.528125 0.040625 0.05
0 0.6 0.428125 0.01875 0.028125
0 0.3078125 0.61953125 0.0625 0.071875
0 0.40625 0.62109375 0.05 0.075
0 0.54296875 0.44296875 0.0265625 0.046875
0 0.34921875 0.82890625 0.0828125 0.1359375
0 0.55703125 0.40390625 0.0171875 0.025
0 0.4171875 0.5609375 0.046875 0.078125
0 0.3984375 0.46796875 0.025 0.025
0 0.44140625 0.4 0.0140625 0.021875
0 0.39609375 0.490625 0.0265625 0.0359375
0 0.521875 0.3609375 0.009375 0.01640625
0 0.440625 0.49296875 0.025 0.0359375
0 0.45859375 0.37890625 0.0109375 0.0140625
0 0.43125 0.51640625 0.03125 0.05
0 0.45 0.365625 0.009375 0.0140625
0 0.44453125 0.4625 0.0265625 0.0359375
0 0.48515625 0.35859375 0.0109375 0.01640625
0 0.00625 0.92109375 0.0125 0.08046875
0 0.5484375 0.3734375 0.015625 0.01953125
0 0.4359375 0.37890625 0.0125 0.01953125
0 0.4625 0.403125 0.015625 0.021875
0 0.40625 0.3640625 0.00625 0.01640625
0 0.4640625 0.425 0.015625 0.028125
0 0.00625 0.8984375 0.0125 0.0359375
0 0.53671875 0.3609375 0.0078125 0.01640625
0 0.47578125 0.37890625 0.0140625 0.01953125
0 0.45546875 0.43359375 0.0171875 0.021875
0 0.45390625 0.44453125 0.0203125 0.0390625
0 0.46328125 0.353125 0.0078125 0.0109375
0 0.47265625 0.39140625 0.0109375 0.021875
0 0.42890625 0.5375 0.0265625 0.046875
0 0.00625 0.88203125 0.0125 0.075