1 0.62421875 0.4265625 0.0515625 0.096875
1 0.55546875 0.35703125 0.0171875 0.04140625
0 0.1609375 0.90390625 0.13125 0.15859375
0 0.29921875 0.9484375 0.1140625 0.096875
0 0.69765625 0.63203125 0.0640625 0.09140625
0 0.6234375 0.5234375 0.034375 0.053125
0 0.08828125 0.7890625 0.1328125 0.13359375
0 0.26484375 0.5765625 0.0515625 0.05859375
0 0.45 0.46796875 0.025 0.0359375
0 0.4234375 0.434375 0.01875 0.03046875
0 0.36171875 0.46796875 0.0265625 0.0359375
0 0.3765625 0.5 0.034375 0.04453125
0 0.5859375 0.409375 0.015625 0.025
0 0.459375 0.41640625 0.01875 0.028125
0 0.5390625 0.440625 0.01875 0.03046875
0 0.42109375 0.39296875 0.0140625 0.01953125
0 0.3875 0.434375 0.021875 0.03046875
0 0.40234375 0.41640625 0.0171875 0.028125
0 0.63125 0.4484375 0.034375 0.053125
0 0.44140625 0.39453125 0.0140625 0.021875
0 0.55390625 0.39609375 0.0140625 0.025
0 0.53203125 0.409375 0.0171875 0.025
0 0.4359375 0.37890625 0.0125 0.01953125
0 0.46796875 0.39609375 0.0140625 0.01953125
0 0.5296875 0.39140625 0.015625 0.021875
0 0.55703125 0.3484375 0.0140625 0.01953125
0 0.475 0.384375 0.0125 0.01953125
0 0.38359375 0.49609375 0.0234375 0.0359375
0 0.45859375 0.3765625 0.0109375 0.0140625
0 0.53828125 0.365625 0.0109375 0.0140625
0 0.55703125 0.36640625 0.0140625 0.021875
0 0.40625 0.3640625 0.00625 0.01640625
0 0.565625 0.384375 0.00625 0.01953125
0 0.48125 0.36953125 0.0125 0.01640625
0 0.634375 0.409375 0.028125 0.04140625
0 0.45390625 0.3625 0.0078125 0.0140625
0 0.53203125 0.34609375 0.0078125 0.0140625
0 0.56875 0.384375 0.0125 0.01953125