1 0.27890625 0.64296875 0.0921875 0.153125
0 0.94140625 0.85 0.1140625 0.16640625
0 0.61015625 0.6734375 0.0546875 0.103125
0 0.084375 0.9484375 0.140625 0.096875
0 0.334375 0.88203125 0.096875 0.15859375
0 0.36328125 0.52890625 0.0359375 0.046875
0 0.62578125 0.45546875 0.0265625 0.0390625
0 0.2875 0.540625 0.040625 0.053125
0 0.3578125 0.46796875 0.025 0.0359375
0 0.54375 0.44609375 0.025 0.0359375
0 0.4078125 0.59609375 0.05 0.0640625
0 0.57578125 0.396875 0.0171875 0.021875
0 0.59921875 0.47890625 0.0234375 0.0359375
0 0.43671875 0.4734375 0.0234375 0.0359375
0 0.45546875 0.428125 0.0171875 0.028125
0 0.14609375 0.7265625 0.0953125 0.10859375
0 0.38828125 0.43359375 0.0171875 0.028125
0 0.5546875 0.4 0.015625 0.021875
0 0.52734375 0.39609375 0.0171875 0.025
0 0.4078125 0.44296875 0.025 0.04140625
0 0.43046875 0.42109375 0.0171875 0.025
0 0.4828125 0.36796875 0.0125 0.01953125
0 0.40078125 0.4109375 0.0140625 0.021875
0 0.46796875 0.39296875 0.0140625 0.01953125
0 0.40625 0.365625 0.00625 0.0140625
0 0.4375 0.39609375 0.015625 0.01953125
0 0.459375 0.375 0.0125 0.01640625
0 0.5359375 0.328125 0.00625 0.0109375
0 0.5375 0.3640625 0.009375 0.01640625
0 0.50390625 0.35859375 0.0109375 0.01640625
0 0.42578125 0.3890625 0.0109375 0.021875
0 0.55703125 0.365625 0.0109375 0.0140625
0 0.55625 0.3265625 0.009375 0.0140625
0 0.70390625 0.290625 0.0140625 0.0140625
0 0.50625 0.87890625 0.1375 0.2359375
0 0.43984375 0.375 0.0109375 0.01640625
0 0.46796875 0.3609375 0.0109375 0.01640625
0 0.00546875 0.246875 0.0109375 0.0390625
0 0.45859375 0.35859375 0.0109375 0.0109375
0 0.44765625 0.36640625 0.0109375 0.01640625