1 0.7140625 0.534375 0.06875 0.1359375
1 0.3578125 0.4484375 0.0375 0.075
1 0.284375 0.64140625 0.078125 0.121875
0 0.30625 0.89140625 0.1125 0.171875
0 0.58125 0.5875 0.046875 0.08046875
0 0.28515625 0.54453125 0.0421875 0.05546875
0 0.7078125 0.65859375 0.06875 0.09453125
0 0.37109375 0.515625 0.0328125 0.046875
0 0.41484375 0.58046875 0.0453125 0.078125
0 0.43125 0.5140625 0.03125 0.04453125
0 0.53203125 0.40390625 0.0171875 0.025
0 0.40625 0.45546875 0.025 0.03359375
0 0.4109375 0.403125 0.01875 0.028125
0 0.44609375 0.459375 0.0234375 0.0359375
0 0.428125 0.384375 0.0125 0.01953125
0 0.57109375 0.4265625 0.0171875 0.025
0 0.5828125 0.403125 0.015625 0.021875
0 0.446875 0.39453125 0.0125 0.01640625
0 0.46796875 0.4 0.0140625 0.021875
0 0.45703125 0.4265625 0.0171875 0.025
0 0.47734375 0.378125 0.0109375 0.01640625
0 0.5046875 0.35703125 0.009375 0.01953125
0 0.40625 0.3640625 0.00625 0.01640625
0 0.46171875 0.36953125 0.0171875 0.028125
0 0.5203125 0.36796875 0.009375 0.0140625
0 0.5609375 0.3875 0.0125 0.0140625
0 0.45 0.365625 0.00625 0.0140625
0 0.47421875 0.35703125 0.0078125 0.0140625
0 0.703125 0.290625 0.0125 0.0140625
0 0.5484375 0.35859375 0.00625 0.0109375
0 0.46328125 0.3515625 0.0109375 0.0140625
0 0.48515625 0.3640625 0.0078125 0.0109375
0 0.35625 0.415625 0.0125 0.0140625
0 0.53671875 0.3609375 0.0109375 0.01640625
0 0.559375 0.403125 0.015625 0.021875