1 0.265625 0.5140625 0.134375 0.221875
1 0.31015625 0.6015625 0.0734375 0.10859375
0 0.8921875 0.75703125 0.103125 0.146875
0 0.35 0.75546875 0.0875 0.1390625
0 0.68359375 0.625 0.0578125 0.09453125
0 0.57421875 0.55859375 0.0359375 0.06640625
0 0.3984375 0.46953125 0.03125 0.0390625
0 0.58046875 0.44609375 0.0203125 0.03046875
0 0.4546875 0.4375 0.01875 0.03046875
0 0.42734375 0.425 0.0203125 0.028125
0 0.46484375 0.4 0.0140625 0.021875
0 0.59453125 0.4234375 0.0171875 0.025
0 0.40234375 0.4140625 0.0171875 0.028125
0 0.32890625 0.471875 0.0109375 0.03359375
0 0.54296875 0.3765625 0.0109375 0.01953125
0 0.57578125 0.4015625 0.0140625 0.01953125
0 0.41953125 0.396875 0.0140625 0.021875
0 0.5625 0.37890625 0.0125 0.0140625
0 0.446875 0.37109375 0.009375 0.0140625
0 0.52265625 0.3734375 0.0109375 0.0140625
0 0.53984375 0.434375 0.0203125 0.0359375
0 0.43515625 0.38046875 0.0109375 0.01640625
0 0.53046875 0.409375 0.0140625 0.025
0 0.40625 0.3640625 0.00625 0.01640625
0 0.47578125 0.378125 0.0109375 0.01640625
0 0.465625 0.36640625 0.009375 0.01640625
0 0.5359375 0.35859375 0.00625 0.0109375
0 0.36953125 0.3265625 0.0109375 0.0140625
0 0.4578125 0.35703125 0.009375 0.0140625
0 0.409375 0.40859375 0.009375 0.021875
0 0.52265625 0.34296875 0.0078125 0.0140625
0 0.32890625 0.4890625 0.0109375 0.06640625
0 0.540625 0.425 0.015625 0.01640625
0 0.559375 0.378125 0.00625 0.01640625