0 0.40625 0.5875 0.04375 0.0640625
0 0.7734375 0.7984375 0.1 0.1640625
0 0.22734375 0.74453125 0.1015625 0.14453125
0 0.28515625 0.5484375 0.0453125 0.0640625
0 0.30546875 0.93359375 0.1265625 0.128125
0 0.81796875 0.69296875 0.0734375 0.10859375
0 0.35078125 0.4734375 0.0296875 0.0359375
0 0.63515625 0.465625 0.0296875 0.04140625
0 0.39921875 0.4734375 0.0296875 0.0359375
0 0.61328125 0.5015625 0.0390625 0.046875
0 0.559375 0.503125 0.03125 0.05
0 0.4046875 0.415625 0.01875 0.025
0 0.42578125 0.4265625 0.0203125 0.03046875
0 0.446875 0.4625 0.025 0.0359375
0 0.58203125 0.440625 0.0203125 0.03046875
0 0.52421875 0.37890625 0.0140625 0.01953125
0 0.45546875 0.42890625 0.0171875 0.025
0 0.446875 0.39140625 0.015625 0.028125
0 0.58671875 0.40703125 0.0171875 0.025
0 0.55 0.39296875 0.015625 0.03046875
0 0.5765625 0.39140625 0.0125 0.021875
0 0.40703125 0.3625 0.0046875 0.0140625
0 0.52109375 0.35703125 0.0109375 0.01953125
0 0.56171875 0.38203125 0.0140625 0.01953125
0 0.4421875 0.371875 0.0125 0.01640625
0 0.47265625 0.3859375 0.0140625 0.01640625
0 0.503125 0.35703125 0.0125 0.01953125
0 0.459375 0.378125 0.0125 0.01640625
0 0.546875 0.3515625 0.009375 0.01953125
0 0.41015625 0.359375 0.0140625 0.01953125
0 0.4859375 0.3609375 0.009375 0.01640625
0 0.5546875 0.3640625 0.009375 0.01640625