1 0.8984375 0.8234375 0.2 0.346875
1 0.346875 0.4765625 0.0375 0.053125
1 0.71796875 0.4109375 0.0421875 0.04453125
0 0.58046875 0.59609375 0.0390625 0.05859375
0 0.63515625 0.55703125 0.0421875 0.0640625
0 0.43046875 0.52109375 0.0296875 0.046875
0 0.2921875 0.54453125 0.05 0.0609375
0 0.46171875 0.4125 0.0203125 0.025
0 0.44765625 0.4609375 0.0234375 0.0390625
0 0.39453125 0.4265625 0.0203125 0.025
0 0.4046875 0.459375 0.025 0.0359375
0 0.3390625 0.575 0.05 0.0609375
0 0.59296875 0.4140625 0.0203125 0.028125
0 0.53671875 0.44140625 0.0234375 0.03359375
0 0.42734375 0.41953125 0.0203125 0.028125
0 0.403125 0.60859375 0.04375 0.06640625
0 0.55859375 0.40703125 0.0140625 0.01953125
0 0.4734375 0.38203125 0.0125 0.01953125
0 0.4484375 0.39609375 0.0125 0.01953125
0 0.40625 0.365625 0.00625 0.0140625
0 0.5453125 0.384375 0.0125 0.01953125
0 0.5625 0.38046875 0.0125 0.01640625
0 0.44140625 0.375 0.0109375 0.01640625
0 0.58828125 0.39609375 0.0109375 0.0140625
0 0.56015625 0.33046875 0.0078125 0.01640625
0 0.146875 0.584375 0.01875 0.0359375
0 0.57578125 0.4 0.0140625 0.021875
0 0.42265625 0.39609375 0.0078125 0.0140625
0 0.20859375 0.36796875 0.0109375 0.0140625
0 0.45625 0.378125 0.0125 0.01640625
0 0.5515625 0.3609375 0.009375 0.01640625
0 0.48046875 0.375 0.0109375 0.01640625
0 0.53828125 0.36640625 0.0109375 0.01640625