1 0.3484375 0.509375 0.103125 0.21953125
0 0.7984375 0.6625 0.075 0.096875
0 0.9703125 0.8875 0.05625 0.16953125
0 0.12265625 0.934375 0.1453125 0.125
0 0.1046875 0.77109375 0.1 0.10859375
0 0.4359375 0.50703125 0.034375 0.046875
0 0.66171875 0.49453125 0.0328125 0.04453125
0 0.29609375 0.92109375 0.1203125 0.153125
0 0.665625 0.5875 0.05 0.08046875
0 0.60625 0.4359375 0.021875 0.028125
0 0.53671875 0.42890625 0.0171875 0.025
0 0.290625 0.534375 0.034375 0.053125
0 0.571875 0.434375 0.01875 0.03046875
0 0.41796875 0.43359375 0.0203125 0.028125
0 0.45 0.4484375 0.021875 0.03046875
0 0.4609375 0.4234375 0.01875 0.025
0 0.32421875 0.48359375 0.0515625 0.078125
0 0.14921875 0.58046875 0.0140625 0.03359375
0 0.325 0.5609375 0.05625 0.1109375
0 0.41875 0.3984375 0.0125 0.025
0 0.434375 0.4125 0.015625 0.025
0 0.4734375 0.3859375 0.015625 0.021875
0 0.44609375 0.3890625 0.0171875 0.028125
0 0.40625 0.3640625 0.00625 0.01640625
0 0.34375 0.4390625 0.034375 0.03359375
0 0.43046875 0.38046875 0.0140625 0.021875
0 0.4640625 0.365625 0.009375 0.01953125
0 0.378125 0.4125 0.01875 0.025
0 0.44140625 0.37109375 0.0109375 0.0140625
0 0.50390625 0.35703125 0.0109375 0.01953125
0 0.4953125 0.33359375 0.009375 0.01640625
0 0.5515625 0.359375 0.00625 0.0140625
0 0.4796875 0.3734375 0.009375 0.0140625
0 0.52421875 0.34140625 0.0078125 0.0109375
0 0.1765625 0.56796875 0.06875 0.05859375
0 0.3515625 0.41796875 0.025 0.01953125
0 0.2015625 0.55 0.01875 0.021875
0 0.5359375 0.35546875 0.009375 0.01640625
0 0.45390625 0.3609375 0.0109375 0.01640625