1 0.13203125 0.67109375 0.2296875 0.30859375
1 0.44140625 0.3765625 0.0296875 0.06953125
0 0.340625 0.8640625 0.09375 0.15
0 0.3296875 0.5015625 0.034375 0.04140625
0 0.784375 0.80859375 0.103125 0.16640625
0 0.62734375 0.4625 0.0234375 0.0359375
0 0.5609375 0.4 0.015625 0.021875
0 0.44921875 0.45859375 0.0234375 0.04453125
0 0.5828125 0.45546875 0.01875 0.03359375
0 0.3984375 0.471875 0.03125 0.0390625
0 0.52734375 0.39609375 0.0140625 0.025
0 0.46640625 0.396875 0.0140625 0.021875
0 0.17734375 0.84609375 0.1203125 0.146875
0 0.42109375 0.39453125 0.0140625 0.021875
0 0.48125 0.36953125 0.0125 0.021875
0 0.4953125 0.35 0.0125 0.021875
0 0.46953125 0.35390625 0.0140625 0.025
0 0.4890625 0.35859375 0.009375 0.01640625
0 0.50546875 0.35703125 0.0078125 0.0140625
0 0.5296875 0.35 0.025 0.028125
0 0.4578125 0.3734375 0.00625 0.025
0 0.41171875 0.3625 0.0171875 0.01953125
0 0.5203125 0.35546875 0.009375 0.01640625
0 0.40625 0.365625 0.00625 0.0140625
0 0.546875 0.35 0.009375 0.01640625