1 0.3734375 0.42109375 0.05625 0.09140625
0 0.12109375 0.9375 0.1265625 0.11953125
0 0.7359375 0.590625 0.059375 0.08046875
0 0.4171875 0.54453125 0.034375 0.05546875
0 0.32421875 0.5875 0.0546875 0.06953125
0 0.26953125 0.5625 0.0515625 0.0640625
0 0.9390625 0.83046875 0.11875 0.15546875
0 0.28203125 0.93359375 0.1296875 0.128125
0 0.39453125 0.475 0.0296875 0.04453125
0 0.603125 0.4234375 0.021875 0.0359375
0 0.4390625 0.40546875 0.015625 0.021875
0 0.40546875 0.4125 0.0109375 0.025
0 0.57578125 0.440625 0.0203125 0.03046875
0 0.52265625 0.36796875 0.0109375 0.01953125
0 0.47109375 0.39453125 0.0140625 0.01640625
0 0.540625 0.375 0.0125 0.01640625
0 0.578125 0.396875 0.0125 0.021875
0 0.41484375 0.3984375 0.0140625 0.01953125
0 0.459375 0.378125 0.0125 0.01640625
0 0.48203125 0.36953125 0.0109375 0.01640625
0 0.47421875 0.30859375 0.0109375 0.01640625
0 0.4484375 0.390625 0.0125 0.01953125
0 0.534375 0.3484375 0.00625 0.0140625
0 0.4390625 0.3765625 0.0125 0.01953125
0 0.553125 0.36640625 0.00625 0.0109375
0 0.56640625 0.39140625 0.0078125 0.01640625
0 0.51796875 0.321875 0.0078125 0.0109375
0 0.40625 0.3625 0.00625 0.0140625
0 0.47109375 0.359375 0.0109375 0.0140625
0 0.5859375 0.403125 0.00625 0.01640625
0 0.49375 0.353125 0.0125 0.01640625
0 0.54375 0.34296875 0.00625 0.0140625
0 0.5765625 0.39609375 0.025 0.03046875