1 0.20859375 0.625 0.0828125 0.10546875
0 0.31015625 0.8734375 0.1046875 0.146875
0 0.240625 0.74609375 0.09375 0.1140625
0 0.73828125 0.596875 0.0578125 0.071875
0 0.4296875 0.53203125 0.034375 0.046875
0 0.3484375 0.55390625 0.04375 0.0640625
0 0.3546875 0.471875 0.028125 0.0390625
0 0.578125 0.4015625 0.0125 0.01953125
0 0.4390625 0.46640625 0.028125 0.0390625
0 0.5546875 0.39609375 0.015625 0.01953125
0 0.95234375 0.965625 0.0921875 0.0640625
0 0.5390625 0.4234375 0.021875 0.0359375
0 0.328125 0.5015625 0.040625 0.053125
0 0.39375 0.4234375 0.015625 0.025
0 0.4203125 0.434375 0.01875 0.03046875
0 0.465625 0.409375 0.015625 0.025
0 0.41484375 0.396875 0.0140625 0.021875
0 0.4328125 0.409375 0.015625 0.025
0 0.40625 0.365625 0.00625 0.0140625
0 0.4734375 0.3125 0.009375 0.0140625
0 0.42734375 0.38359375 0.0109375 0.01640625
0 0.5421875 0.37109375 0.009375 0.0140625
0 0.47734375 0.3515625 0.0078125 0.0140625
0 0.4515625 0.3859375 0.0125 0.01640625
0 0.525 0.38359375 0.0125 0.01640625
0 0.44453125 0.371875 0.0109375 0.01640625
0 0.521875 0.3609375 0.0125 0.01640625
0 0.45859375 0.3765625 0.0109375 0.0140625
0 0.53671875 0.409375 0.0140625 0.0140625
0 0.48359375 0.365625 0.0109375 0.0140625
0 0.5453125 0.35 0.009375 0.01640625
0 0.459375 0.35703125 0.009375 0.0140625
0 0.47109375 0.39140625 0.0109375 0.01640625
0 0.4921875 0.35 0.009375 0.01640625
0 0.4703125 0.35859375 0.009375 0.01640625
0 0.53125 0.3515625 0.00625 0.0140625
0 0.47890625 0.38046875 0.0109375 0.01640625