1 0.146875 0.62109375 0.25625 0.353125
1 0.41015625 0.3890625 0.0265625 0.05546875
0 0.3796875 0.7109375 0.0625 0.1
0 0.709375 0.55859375 0.046875 0.0609375
0 0.415625 0.5640625 0.04375 0.0609375
0 0.89453125 0.7875 0.1078125 0.146875
0 0.33125 0.49609375 0.03125 0.04140625
0 0.3125 0.6359375 0.0625 0.078125
0 0.4390625 0.48359375 0.028125 0.0390625
0 0.4234375 0.428125 0.01875 0.028125
0 0.37578125 0.44453125 0.0265625 0.0390625
0 0.45078125 0.44609375 0.0234375 0.0359375
0 0.5578125 0.40703125 0.015625 0.025
0 0.5421875 0.44296875 0.021875 0.03046875
0 0.3921875 0.4265625 0.015625 0.03046875
0 0.4671875 0.40859375 0.015625 0.021875
0 0.01484375 0.68046875 0.0296875 0.0609375
0 0.56484375 0.38203125 0.0140625 0.01953125
0 0.43515625 0.37890625 0.0109375 0.01953125
0 0.553125 0.35859375 0.009375 0.01640625
0 0.45 0.3859375 0.0125 0.021875
0 0.428125 0.390625 0.009375 0.01953125
0 0.47265625 0.3875 0.0140625 0.025
0 0.52265625 0.3640625 0.0140625 0.01640625
0 0.49453125 0.346875 0.0109375 0.01640625
0 0.440625 0.403125 0.015625 0.021875
0 0.703125 0.290625 0.0125 0.0140625
0 0.4078125 0.40859375 0.0125 0.01640625
0 0.5375 0.3640625 0.009375 0.01640625
0 0.54296875 0.35 0.0109375 0.01640625
0 0.44765625 0.37109375 0.0109375 0.0140625
0 0.46875 0.3640625 0.0125 0.01640625
0 0.265625 0.51796875 0.01875 0.05859375
0 0.484375 0.36640625 0.0125 0.021875
0 0.55234375 0.4375 0.0109375 0.025
0 0.53671875 0.353125 0.0421875 0.04453125