1 0.39375 0.4015625 0.04375 0.0859375
1 0.634375 0.4375 0.059375 0.1140625
1 0.4296875 0.371875 0.01875 0.04453125
0 0.34765625 0.75859375 0.0828125 0.11640625
0 0.29296875 0.646875 0.0640625 0.08359375
0 0.41875 0.53359375 0.0375 0.05
0 0.725 0.71796875 0.075 0.1140625
0 0.24765625 0.58359375 0.0515625 0.06640625
0 0.03125 0.9 0.0625 0.14453125
0 0.575 0.5390625 0.040625 0.071875
0 0.62421875 0.5234375 0.0359375 0.053125
0 0.3703125 0.5109375 0.034375 0.04453125
0 0.34140625 0.47890625 0.0265625 0.0359375
0 0.56953125 0.42890625 0.0171875 0.03046875
0 0.08828125 0.96796875 0.1296875 0.05859375
0 0.41796875 0.4375 0.0234375 0.03046875
0 0.45859375 0.434375 0.0203125 0.03046875
0 0.56953125 0.3875 0.0109375 0.01953125
0 0.64609375 0.47109375 0.0328125 0.046875
0 0.43125 0.42109375 0.015625 0.025
0 0.5296875 0.4015625 0.015625 0.01953125
0 0.46796875 0.4 0.0140625 0.021875
0 0.44140625 0.3984375 0.0140625 0.025
0 0.428125 0.3859375 0.0125 0.021875
0 0.125 0.96796875 0.05625 0.05859375
0 0.55703125 0.37109375 0.0109375 0.01953125
0 0.64609375 0.4359375 0.0296875 0.0390625
0 0.44453125 0.37109375 0.0109375 0.0140625
0 0.4796875 0.378125 0.009375 0.01640625
0 0.4578125 0.359375 0.00625 0.0140625
0 0.3890625 0.43359375 0.021875 0.021875
0 0.45625 0.38203125 0.0125 0.01953125
0 0.4625 0.36796875 0.009375 0.0140625
0 0.53125 0.38359375 0.0125 0.01640625
0 0.54140625 0.375 0.0109375 0.01640625