1 0.59921875 0.403125 0.0390625 0.078125
1 0.53046875 0.375 0.0171875 0.0390625
0 0.39375 0.64140625 0.053125 0.078125
0 0.1359375 0.728125 0.1 0.10546875
0 0.2828125 0.68046875 0.075 0.10546875
0 0.253125 0.56796875 0.046875 0.05859375
0 0.65859375 0.590625 0.0515625 0.075
0 0.36015625 0.525 0.0421875 0.05
0 0.55 0.46640625 0.025 0.0390625
0 0.34296875 0.4765625 0.0328125 0.046875
0 0.41015625 0.45 0.0234375 0.03359375
0 0.434375 0.409375 0.015625 0.025
0 0.42421875 0.3875 0.0109375 0.01953125
0 0.3875 0.43359375 0.01875 0.028125
0 0.46328125 0.4140625 0.0171875 0.028125
0 0.56015625 0.409375 0.0171875 0.025
0 0.40546875 0.4109375 0.0171875 0.021875
0 0.4546875 0.38046875 0.0125 0.01640625
0 0.55390625 0.390625 0.0140625 0.01953125
0 0.71015625 0.434375 0.0171875 0.01953125
0 0.57578125 0.3984375 0.0109375 0.01953125
0 0.47734375 0.37890625 0.0109375 0.01953125
0 0.40625 0.3640625 0.00625 0.01640625
0 0.60546875 0.415625 0.0265625 0.053125
0 0.46484375 0.3984375 0.0109375 0.0140625
0 0.546875 0.35546875 0.009375 0.01640625
0 0.46015625 0.359375 0.0109375 0.0140625
0 0.48515625 0.3640625 0.0109375 0.01640625
0 0.559375 0.371875 0.009375 0.0109375
0 0.51875 0.3640625 0.00625 0.01640625
0 0.00625 0.246875 0.0125 0.0390625