1 0.32109375 0.81640625 0.1234375 0.25
1 0.33359375 0.4609375 0.0796875 0.128125
1 0.71171875 0.51953125 0.1078125 0.18359375
0 0.6140625 0.65390625 0.0625 0.1140625
0 0.2921875 0.653125 0.065625 0.0890625
0 0.76171875 0.73359375 0.0921875 0.1390625
0 0.41171875 0.5640625 0.0359375 0.05546875
0 0.39609375 0.4234375 0.0203125 0.025
0 0.4359375 0.4984375 0.028125 0.04140625
0 0.5796875 0.403125 0.0125 0.021875
0 0.38046875 0.50390625 0.0390625 0.05859375
0 0.5265625 0.38203125 0.015625 0.025
0 0.453125 0.440625 0.021875 0.03046875
0 0.4328125 0.41953125 0.01875 0.028125
0 0.465625 0.40703125 0.015625 0.025
0 0.43828125 0.3734375 0.0109375 0.01953125
0 0.48203125 0.36640625 0.0109375 0.01640625
0 0.40703125 0.3625 0.0046875 0.0140625
0 0.31875 0.49453125 0.046875 0.0609375
0 0.534375 0.346875 0.009375 0.01640625
0 0.475 0.3125 0.009375 0.0140625
0 0.49765625 0.34140625 0.0078125 0.0109375
0 0.45234375 0.3875 0.0140625 0.01953125
0 0.4703125 0.3875 0.0125 0.01953125
0 0.303125 0.49140625 0.015625 0.04453125
0 0.4890625 0.35390625 0.009375 0.0140625
0 0.44921875 0.36640625 0.0109375 0.01640625
0 0.503125 0.359375 0.009375 0.0140625
0 0.521875 0.34140625 0.00625 0.0109375