1 0.41953125 0.41640625 0.0390625 0.078125
0 0.40625 0.60703125 0.05 0.06953125
0 0.16015625 0.884375 0.1328125 0.15859375
0 0.746875 0.765625 0.090625 0.13046875
0 0.5984375 0.465625 0.025 0.04140625
0 0.3828125 0.5 0.034375 0.05
0 0.55859375 0.48359375 0.0265625 0.04453125
0 0.453125 0.453125 0.021875 0.03359375
0 0.565625 0.42109375 0.01875 0.03046875
0 0.4734375 0.384375 0.0125 0.01953125
0 0.55234375 0.35390625 0.0171875 0.0359375
0 0.46875 0.35390625 0.015625 0.0140625
0 0.525 0.365625 0.0125 0.025
0 0.4078125 0.3625 0.00625 0.0140625
0 0.4515625 0.378125 0.0125 0.021875
0 0.45859375 0.36796875 0.0171875 0.025
0 0.48125 0.37109375 0.0125 0.0140625
0 0.5546875 0.3625 0.009375 0.01953125
0 0.440625 0.375 0.0125 0.01640625
0 0.53515625 0.35859375 0.0078125 0.01640625
0 0.5546875 0.34296875 0.015625 0.01953125
0 0.46171875 0.371875 0.0078125 0.01640625
0 0.00390625 0.246875 0.0078125 0.028125