1 0.1125 0.75859375 0.225 0.478125
1 0.60625 0.4125 0.03125 0.05859375
1 0.4078125 0.40703125 0.01875 0.03046875
0 0.97578125 0.915625 0.0453125 0.13046875
0 0.29375 0.94140625 0.115625 0.1109375
0 0.640625 0.75859375 0.071875 0.13359375
0 0.365625 0.70703125 0.06875 0.103125
0 0.140625 0.93046875 0.146875 0.13359375
0 0.3015625 0.63359375 0.065625 0.078125
0 0.42109375 0.5640625 0.0390625 0.0609375
0 0.36484375 0.54453125 0.0421875 0.05546875
0 0.26484375 0.5734375 0.0515625 0.0640625
0 0.34453125 0.48359375 0.0296875 0.0390625
0 0.3765625 0.44609375 0.025 0.03046875
0 0.38984375 0.49453125 0.0328125 0.04453125
0 0.56796875 0.41953125 0.0171875 0.0390625
0 0.35 0.82890625 0.084375 0.1359375
0 0.4265625 0.4265625 0.01875 0.03046875
0 0.43984375 0.47890625 0.0296875 0.046875
0 0.52421875 0.371875 0.0140625 0.01640625
0 0.45703125 0.38046875 0.0109375 0.01640625
0 0.44296875 0.4 0.0171875 0.021875
0 0.43828125 0.378125 0.0109375 0.01640625
0 0.46015625 0.421875 0.0203125 0.028125
0 0.56640625 0.38203125 0.0140625 0.01953125
0 0.55546875 0.36796875 0.0078125 0.0140625
0 0.47578125 0.3875 0.0140625 0.01953125
0 0.48203125 0.371875 0.0109375 0.01640625
0 0.5046875 0.35859375 0.009375 0.01640625
0 0.40625 0.3640625 0.00625 0.01640625
0 0.4484375 0.453125 0.03125 0.03359375
0 0.47109375 0.3640625 0.0078125 0.01640625
0 0.46796875 0.40390625 0.0140625 0.01953125
0 0.70390625 0.290625 0.0140625 0.0140625
0 0.546875 0.3515625 0.00625 0.0140625
0 0.48515625 0.34609375 0.0078125 0.0140625