1 0.7359375 0.553125 0.128125 0.1890625
0 0.31953125 0.515625 0.0359375 0.046875
0 0.60703125 0.440625 0.0234375 0.03046875
0 0.3640625 0.52890625 0.040625 0.05859375
0 0.44453125 0.45546875 0.0234375 0.03359375
0 0.54453125 0.44296875 0.0234375 0.0359375
0 0.1 0.95 0.13125 0.09453125
0 0.42265625 0.49296875 0.0296875 0.04140625
0 0.3953125 0.421875 0.01875 0.028125
0 0.41640625 0.565625 0.0484375 0.08046875
0 0.42578125 0.4234375 0.0203125 0.025
0 0.521875 0.378125 0.0125 0.021875
0 0.53359375 0.40546875 0.0171875 0.028125
0 0.28671875 0.9890625 0.0765625 0.01640625
0 0.43984375 0.3734375 0.0109375 0.01953125
0 0.42578125 0.390625 0.0140625 0.01953125
0 0.5671875 0.384375 0.0125 0.0140625
0 0.46328125 0.40546875 0.0171875 0.021875
0 0.5453125 0.37890625 0.0125 0.01953125
0 0.40625 0.3640625 0.00625 0.01640625
0 0.4546875 0.37890625 0.0125 0.01953125
0 0.55390625 0.3625 0.0109375 0.01953125
0 0.46875 0.39140625 0.0125 0.021875
0 0.5015625 0.3375 0.00625 0.0140625
0 0.36953125 0.3265625 0.0109375 0.0140625
0 0.50546875 0.35546875 0.0078125 0.01640625
0 0.53984375 0.340625 0.0078125 0.0140625
0 0.75390625 0.59609375 0.0921875 0.103125
0 0.70234375 0.290625 0.0109375 0.0140625
0 0.4921875 0.3484375 0.009375 0.0140625
0 0.521875 0.34140625 0.009375 0.0109375
0 0.53203125 0.34140625 0.0078125 0.0109375
0 0.47890625 0.38046875 0.0109375 0.01640625