1 0.3953125 0.409375 0.028125 0.053125
0 0.18671875 0.66640625 0.0828125 0.0890625
0 0.15859375 0.89140625 0.1296875 0.1609375
0 0.6875 0.621875 0.05625 0.0890625
0 0.29296875 0.6390625 0.0609375 0.078125
0 0.41328125 0.55859375 0.0453125 0.05546875
0 0.58828125 0.57890625 0.0484375 0.075
0 0.5859375 0.4375 0.01875 0.03046875
0 0.396875 0.63203125 0.053125 0.075
0 0.64296875 0.4765625 0.0296875 0.04140625
0 0.3625 0.45859375 0.021875 0.03359375
0 0.61171875 0.49296875 0.0359375 0.053125
0 0.4296875 0.415625 0.015625 0.025
0 0.40703125 0.4484375 0.0203125 0.03046875
0 0.3796875 0.49453125 0.0375 0.0609375
0 0.5296875 0.40546875 0.0125 0.021875
0 0.44453125 0.478125 0.0265625 0.04453125
0 0.4296875 0.38359375 0.0125 0.021875
0 0.44296875 0.36953125 0.0109375 0.01640625
0 0.45703125 0.425 0.0171875 0.028125
0 0.40625 0.3640625 0.00625 0.01640625
0 0.54765625 0.38203125 0.0140625 0.01953125
0 0.45234375 0.4515625 0.0203125 0.03046875
0 0.52265625 0.37890625 0.0140625 0.01953125
0 0.46796875 0.4015625 0.0140625 0.01953125
0 0.559375 0.3734375 0.0125 0.01953125
0 0.4578125 0.37890625 0.009375 0.0140625
0 0.5046875 0.35703125 0.009375 0.01953125
0 0.13984375 0.98359375 0.0859375 0.028125
0 0.475 0.38203125 0.0125 0.01953125
0 0.47109375 0.34453125 0.0109375 0.0109375
0 0.48359375 0.3640625 0.0109375 0.01640625
0 0.4609375 0.35703125 0.00625 0.0140625
0 0.703125 0.290625 0.0125 0.0140625
0 0.46953125 0.359375 0.0140625 0.01953125
0 0.59921875 0.484375 0.0109375 0.046875
0 0.43125 0.46640625 0.0125 0.03359375
0 0.540625 0.36953125 0.05 0.1