1 0.62109375 0.428125 0.0546875 0.1
0 0.38671875 0.64140625 0.0515625 0.078125
0 0.353125 0.5375 0.040625 0.053125
0 0.278125 0.66640625 0.06875 0.0890625
0 0.7921875 0.6890625 0.078125 0.10546875
0 0.27421875 0.92890625 0.1359375 0.1359375
0 0.375 0.440625 0.021875 0.03046875
0 0.56484375 0.51953125 0.0328125 0.05
0 0.41640625 0.43046875 0.0234375 0.03359375
0 0.5859375 0.45546875 0.025 0.0390625
0 0.4484375 0.4625 0.021875 0.0359375
0 0.05625 0.840625 0.1125 0.2140625
0 0.52734375 0.39140625 0.0140625 0.021875
0 0.7109375 0.953125 0.0875 0.0890625
0 0.55234375 0.39453125 0.0140625 0.021875
0 0.43125 0.384375 0.0125 0.01953125
0 0.46015625 0.41796875 0.0203125 0.0359375
0 0.57421875 0.39140625 0.0140625 0.01640625
0 0.40625 0.365625 0.00625 0.0140625
0 0.44921875 0.3875 0.0109375 0.01953125
0 0.521875 0.3625 0.009375 0.0140625
0 0.45 0.365625 0.009375 0.0140625
0 0.47109375 0.3984375 0.0109375 0.01953125
0 0.478125 0.38046875 0.0125 0.021875
0 0.5578125 0.37109375 0.009375 0.0140625
0 0.53671875 0.359375 0.0078125 0.0140625
0 0.49453125 0.35 0.0109375 0.01640625
0 0.4578125 0.37890625 0.009375 0.0140625
0 0.5421875 0.34140625 0.009375 0.01640625
0 0.60625 0.4484375 0.0125 0.01953125
0 0.48203125 0.35 0.0078125 0.0109375
0 0.48359375 0.36953125 0.0109375 0.01640625
0 0.521875 0.340625 0.00625 0.0140625
0 0.5796875 0.39453125 0.00625 0.0109375