1 0.35625 0.45390625 0.034375 0.05859375
0 0.33046875 0.81796875 0.0984375 0.1359375
0 0.81875 0.69453125 0.084375 0.10546875
0 0.4296875 0.53046875 0.034375 0.05
0 0.20703125 0.790625 0.1015625 0.14140625
0 0.4015625 0.6390625 0.05625 0.08359375
0 0.59609375 0.425 0.0171875 0.028125
0 0.321875 0.609375 0.053125 0.06953125
0 0.546875 0.44453125 0.021875 0.03359375
0 0.44921875 0.453125 0.0234375 0.03359375
0 0.42890625 0.415625 0.0171875 0.025
0 0.40078125 0.415625 0.0171875 0.025
0 0.4609375 0.41640625 0.015625 0.021875
0 0.5234375 0.375 0.0125 0.01640625
0 0.54765625 0.37890625 0.0109375 0.01953125
0 0.43359375 0.38046875 0.0140625 0.021875
0 0.44765625 0.3890625 0.0140625 0.021875
0 0.54375 0.34140625 0.009375 0.01640625
0 0.4515625 0.365625 0.009375 0.0140625
0 0.47109375 0.35703125 0.0109375 0.0140625
0 0.40625 0.3625 0.00625 0.0140625
0 0.4875 0.359375 0.009375 0.0140625
0 0.51796875 0.3234375 0.0109375 0.0140625
0 0.50078125 0.340625 0.0078125 0.01953125
0 0.4796875 0.34140625 0.00625 0.0109375
0 0.54765625 0.35859375 0.0078125 0.01640625
0 0.4953125 0.346875 0.009375 0.0109375
0 0.50625 0.35703125 0.00625 0.0140625
0 0.36953125 0.4625 0.0109375 0.03046875
0 0.35234375 0.46640625 0.0265625 0.03359375