1 0.3921875 0.41640625 0.028125 0.05
0 0.4296875 0.54453125 0.0375 0.05546875
0 0.20390625 0.64296875 0.0796875 0.096875
0 0.34140625 0.809375 0.0890625 0.1359375
0 0.45 0.47109375 0.025 0.0359375
0 0.28671875 0.55 0.0515625 0.05546875
0 0.5578125 0.47890625 0.03125 0.04140625
0 0.35859375 0.5359375 0.0453125 0.071875
0 0.5296875 0.396875 0.0125 0.021875
0 0.4109375 0.446875 0.021875 0.03359375
0 0.57109375 0.4234375 0.0171875 0.0359375
0 0.46484375 0.409375 0.0171875 0.025
0 0.59140625 0.415625 0.0171875 0.025
0 0.4484375 0.390625 0.0125 0.01953125
0 0.35390625 0.47109375 0.0265625 0.0359375
0 0.43046875 0.38359375 0.0109375 0.01640625
0 0.34453125 0.48359375 0.0203125 0.028125
0 0.42109375 0.40390625 0.0171875 0.025
0 0.4734375 0.384375 0.0125 0.01953125
0 0.50390625 0.35859375 0.0109375 0.01640625
0 0.4609375 0.371875 0.0125 0.01640625
0 0.40703125 0.3625 0.0046875 0.0140625
0 0.53515625 0.33046875 0.0078125 0.01640625
0 0.48203125 0.36953125 0.0109375 0.01640625
0 0.52109375 0.34296875 0.0078125 0.0140625
0 0.42265625 0.390625 0.0140625 0.0140625
0 0.58828125 0.4125 0.0109375 0.01953125