1 0.1609375 0.75546875 0.321875 0.48359375
1 0.38515625 0.4140625 0.0421875 0.071875
1 0.44140625 0.378125 0.0296875 0.06640625
0 0.34453125 0.49296875 0.0359375 0.04140625
0 0.72109375 0.909375 0.1109375 0.175
0 0.446875 0.45703125 0.028125 0.03046875
0 0.40703125 0.4515625 0.0265625 0.0359375
0 0.56640625 0.3765625 0.0140625 0.025
0 0.57109375 0.4390625 0.0203125 0.021875
0 0.45859375 0.4234375 0.0171875 0.025
0 0.4328125 0.41796875 0.01875 0.025
0 0.5359375 0.35390625 0.009375 0.0140625
0 0.3828125 0.4734375 0.009375 0.0140625
0 0.471875 0.39140625 0.015625 0.021875
0 0.409375 0.359375 0.025 0.025
0 0.478125 0.38046875 0.0125 0.01640625
0 0.35078125 0.525 0.0140625 0.01640625
0 0.61796875 0.3625 0.0109375 0.0140625
0 0.3265625 0.5 0.009375 0.021875
0 0.5046875 0.35859375 0.009375 0.01640625
0 0.4890625 0.35859375 0.009375 0.01640625
0 0.51953125 0.3234375 0.0140625 0.0140625
0 0.38515625 0.39453125 0.0328125 0.028125
0 0.45859375 0.38046875 0.0078125 0.021875
0 0.4640625 0.36640625 0.009375 0.01640625
0 0.525 0.3390625 0.00625 0.0109375
0 0.42265625 0.39453125 0.0109375 0.01640625
0 0.56796875 0.38203125 0.0109375 0.0140625