1 0.3109375 0.5734375 0.125 0.225
0 0.346875 0.84609375 0.096875 0.153125
0 0.9609375 0.8890625 0.075 0.171875
0 0.65 0.56640625 0.04375 0.06640625
0 0.66953125 0.50859375 0.0390625 0.05546875
0 0.4484375 0.45703125 0.021875 0.0359375
0 0.46640625 0.4125 0.0171875 0.025
0 0.54921875 0.39453125 0.0140625 0.01640625
0 0.56796875 0.5265625 0.0359375 0.0640625
0 0.4359375 0.4109375 0.015625 0.021875
0 0.40390625 0.4234375 0.0203125 0.025
0 0.52265625 0.36953125 0.0109375 0.01640625
0 0.4921875 0.33359375 0.021875 0.028125
0 0.45546875 0.378125 0.0140625 0.01640625
0 0.5453125 0.3375 0.009375 0.01953125
0 0.425 0.39140625 0.0125 0.021875
0 0.6109375 0.48046875 0.00625 0.0109375
0 0.43671875 0.378125 0.0109375 0.01640625
0 0.48359375 0.36640625 0.0140625 0.021875
0 0.4109375 0.40859375 0.0125 0.021875
0 0.40703125 0.3625 0.0046875 0.0140625
0 0.38828125 0.46953125 0.0109375 0.01640625
0 0.53515625 0.3609375 0.0109375 0.01640625
0 0.540625 0.3625 0.00625 0.0140625
0 0.321875 0.4890625 0.0375 0.03359375
0 0.484375 0.334375 0.00625 0.0140625
0 0.3734375 0.5015625 0.009375 0.03046875
0 0.00546875 0.2484375 0.0109375 0.03046875