1 0.0484375 0.8234375 0.096875 0.2640625
1 0.41953125 0.37890625 0.0296875 0.0640625
1 0.44140625 0.3609375 0.0203125 0.04453125
0 0.6234375 0.5140625 0.034375 0.05
0 0.37265625 0.69609375 0.0734375 0.11953125
0 0.76484375 0.6265625 0.0578125 0.08046875
0 0.24453125 0.58359375 0.0546875 0.06640625
0 0.37265625 0.50859375 0.0328125 0.04453125
0 0.36953125 0.45546875 0.0234375 0.03359375
0 0.43671875 0.49609375 0.0265625 0.04140625
0 0.290625 0.634375 0.075 0.10859375
0 0.5578125 0.496875 0.028125 0.04453125
0 0.4 0.41796875 0.01875 0.025
0 0.4125 0.453125 0.025 0.03359375
0 0.46015625 0.428125 0.0203125 0.028125
0 0.54453125 0.446875 0.0203125 0.03359375
0 0.53046875 0.40703125 0.0171875 0.025
0 0.584375 0.40703125 0.015625 0.025
0 0.4296875 0.4265625 0.01875 0.025
0 0.4375 0.40703125 0.015625 0.025
0 0.553125 0.3890625 0.0125 0.021875
0 0.459375 0.375 0.009375 0.01640625
0 0.5046875 0.35703125 0.0125 0.01953125
0 0.521875 0.371875 0.0125 0.01640625
0 0.4671875 0.4015625 0.015625 0.025
0 0.5671875 0.38046875 0.009375 0.01640625
0 0.4859375 0.3625 0.009375 0.01953125
0 0.4734375 0.384375 0.0125 0.01953125
0 0.69921875 0.290625 0.0203125 0.0140625
0 0.571875 0.39296875 0.0125 0.01953125
0 0.53828125 0.3609375 0.0140625 0.021875
0 0.521875 0.353125 0.009375 0.01640625
0 0.41640625 0.403125 0.0140625 0.01640625
0 0.4703125 0.3609375 0.009375 0.01640625
0 0.44140625 0.3765625 0.0140625 0.0140625
0 0.55703125 0.3640625 0.0140625 0.01640625