1 0.43515625 0.3765625 0.0171875 0.03046875
1 0.45703125 0.3625 0.0203125 0.046875
0 0.1078125 0.79609375 0.103125 0.1140625
0 0.81953125 0.6875 0.0859375 0.125
0 0.28671875 0.553125 0.0484375 0.05546875
0 0.68671875 0.53203125 0.0453125 0.05859375
0 0.359375 0.7265625 0.075 0.11953125
0 0.3625 0.53359375 0.0375 0.05
0 0.68515625 0.6375 0.0640625 0.09140625
0 0.45390625 0.44296875 0.0203125 0.03046875
0 0.40703125 0.4484375 0.0234375 0.03046875
0 0.40390625 0.57890625 0.0453125 0.06953125
0 0.32109375 0.6125 0.0578125 0.075
0 0.33359375 0.490625 0.0328125 0.04140625
0 0.43671875 0.49453125 0.0265625 0.0390625
0 0.54375 0.4390625 0.025 0.03359375
0 0.43359375 0.4125 0.0171875 0.025
0 0.3703125 0.4515625 0.025 0.03046875
0 0.4671875 0.40859375 0.015625 0.021875
0 0.63203125 0.4625 0.0265625 0.0359375
0 0.57421875 0.39140625 0.0171875 0.021875
0 0.615625 0.44609375 0.01875 0.03046875
0 0.48203125 0.36953125 0.0140625 0.01640625
0 0.58046875 0.45 0.0234375 0.03359375
0 0.55 0.3890625 0.01875 0.021875
0 0.42421875 0.39609375 0.0109375 0.0140625
0 0.45 0.390625 0.0125 0.01953125
0 0.5265625 0.3875 0.015625 0.025
0 0.5796875 0.40546875 0.015625 0.01640625
0 0.5015625 0.33203125 0.00625 0.0140625
0 0.52265625 0.371875 0.0109375 0.021875
0 0.40625 0.3640625 0.00625 0.01640625
0 0.578125 0.4 0.0125 0.021875
0 0.55 0.3625 0.01875 0.01953125
0 0.59921875 0.428125 0.0171875 0.028125
0 0.54296875 0.43046875 0.0171875 0.01640625