1 0.359375 0.4265625 0.0625 0.1140625
1 0.32421875 0.5515625 0.0796875 0.1359375
1 0.22421875 0.5625 0.1734375 0.28046875
0 0.79765625 0.6734375 0.0796875 0.10859375
0 0.42265625 0.540625 0.0359375 0.053125
0 0.39453125 0.6265625 0.0515625 0.075
0 0.70390625 0.90390625 0.1140625 0.1859375
0 0.5890625 0.58203125 0.046875 0.08046875
0 0.6171875 0.50703125 0.034375 0.053125
0 0.37578125 0.50859375 0.0328125 0.04453125
0 0.60625 0.42890625 0.01875 0.0359375
0 0.584375 0.44609375 0.021875 0.0359375
0 0.42421875 0.43046875 0.0171875 0.028125
0 0.4 0.41796875 0.015625 0.025
0 0.44921875 0.45390625 0.0203125 0.03046875
0 0.459375 0.421875 0.01875 0.028125
0 0.1734375 0.540625 0.075 0.09140625
0 0.24296875 0.575 0.0296875 0.06640625
0 0.5625 0.4125 0.01875 0.025
0 0.53046875 0.390625 0.0140625 0.025
0 0.5640625 0.378125 0.0125 0.01640625
0 0.53203125 0.4125 0.0171875 0.025
0 0.18046875 0.640625 0.0828125 0.11953125
0 0.5828125 0.40546875 0.0125 0.01640625
0 0.46953125 0.39453125 0.0140625 0.03359375
0 0.21171875 0.50390625 0.0546875 0.06953125
0 0.28515625 0.446875 0.0421875 0.04453125
0 0.4234375 0.39140625 0.0125 0.021875
0 0.4546875 0.38046875 0.0125 0.01640625
0 0.50390625 0.35703125 0.0109375 0.01953125
0 0.5359375 0.3625 0.009375 0.0140625
0 0.540625 0.3359375 0.00625 0.0109375
0 0.00390625 0.88046875 0.0078125 0.1390625
0 0.29375 0.421875 0.015625 0.01640625
0 0.36953125 0.3265625 0.0109375 0.0140625
0 0.40625 0.3640625 0.00625 0.01640625
0 0.4734375 0.3125 0.009375 0.0140625
0 0.48203125 0.37109375 0.0109375 0.0140625
0 0.4328125 0.38203125 0.0125 0.01953125
0 0.553125 0.39609375 0.009375 0.0140625
0 0.5421875 0.34296875 0.009375 0.01953125
0 0.4859375 0.35859375 0.009375 0.01640625
0 0.44140625 0.3765625 0.0078125 0.0140625
0 0.38125 0.4515625 0.015625 0.03046875
0 0.29609375 0.43046875 0.0203125 0.03359375
0 0.2765625 0.5484375 0.021875 0.05859375
0 0.24296875 0.62890625 0.0265625 0.05859375
0 0.23828125 0.49296875 0.0390625 0.08046875