1 0.35859375 0.45703125 0.0328125 0.053125
1 0.45625 0.41640625 0.021875 0.04453125
1 0.428125 0.36953125 0.025 0.05
0 0.41484375 0.56953125 0.0390625 0.05
0 0.31484375 0.62109375 0.0546875 0.075
0 0.5828125 0.4484375 0.021875 0.0359375
0 0.33828125 0.7609375 0.0953125 0.15
0 0.44765625 0.47109375 0.0234375 0.0359375
0 0.4 0.465625 0.028125 0.0359375
0 0.021875 0.92890625 0.04375 0.10859375
0 0.26484375 0.578125 0.0515625 0.0609375
0 0.41796875 0.4359375 0.0234375 0.028125
0 0.38515625 0.43359375 0.0203125 0.028125
0 0.5265625 0.39140625 0.015625 0.021875
0 0.54296875 0.36796875 0.0109375 0.0140625
0 0.4375 0.40859375 0.015625 0.021875
0 0.45078125 0.38359375 0.0140625 0.021875
0 0.46875 0.396875 0.0125 0.021875
0 0.525 0.36796875 0.009375 0.0140625
0 0.52109375 0.3515625 0.0109375 0.0140625
0 0.4875 0.3609375 0.009375 0.01640625
0 0.44609375 0.37109375 0.0109375 0.0140625
0 0.4078125 0.3640625 0.00625 0.01640625
0 0.46484375 0.365625 0.0109375 0.0140625
0 0.54375 0.34140625 0.00625 0.0109375
0 0.4953125 0.34453125 0.009375 0.01640625
0 0.47578125 0.38359375 0.0109375 0.01640625
0 0.47890625 0.36796875 0.0109375 0.0140625
0 0.50546875 0.35546875 0.0078125 0.01640625
0 0.425 0.38359375 0.015625 0.021875