1 0.28984375 0.6234375 0.0796875 0.11953125
1 0.41953125 0.375 0.0296875 0.06640625
0 0.32578125 0.9234375 0.1078125 0.146875
0 0.97265625 0.9 0.0515625 0.1890625
0 0.64375 0.56953125 0.040625 0.071875
0 0.42890625 0.525 0.0328125 0.05
0 0.40390625 0.59609375 0.0515625 0.08046875
0 0.55546875 0.48203125 0.0296875 0.053125
0 0.0703125 0.8109375 0.125 0.14453125
0 0.365625 0.45859375 0.025 0.03359375
0 0.44609375 0.459375 0.0234375 0.0359375
0 0.3796875 0.503125 0.03125 0.04453125
0 0.609375 0.4359375 0.01875 0.028125
0 0.59375 0.45859375 0.025 0.0390625
0 0.41171875 0.44140625 0.0265625 0.0390625
0 0.53046875 0.403125 0.0140625 0.028125
0 0.078125 0.95 0.13125 0.09453125
0 0.54765625 0.384375 0.0140625 0.01953125
0 0.428125 0.42109375 0.015625 0.025
0 0.4625 0.403125 0.015625 0.028125
0 0.078125 0.975 0.13125 0.04453125
0 0.42109375 0.396875 0.0265625 0.021875
0 0.43828125 0.37890625 0.0109375 0.01953125
0 0.521875 0.378125 0.0125 0.01640625
0 0.53984375 0.36953125 0.0109375 0.01640625
0 0.4515625 0.36796875 0.015625 0.01953125
0 0.4578125 0.378125 0.0125 0.01640625
0 0.703125 0.290625 0.0125 0.0140625
0 0.478125 0.375 0.0125 0.01640625
0 0.52109375 0.35703125 0.0109375 0.01953125
0 0.47421875 0.3109375 0.0078125 0.01640625
0 0.646875 0.340625 0.00625 0.0140625
0 0.53671875 0.328125 0.0078125 0.0109375
0 0.46484375 0.36640625 0.0109375 0.01640625
0 0.5046875 0.88359375 0.134375 0.228125
0 0.51640625 0.3265625 0.0078125 0.0140625
0 0.53125 0.3359375 0.009375 0.01640625
0 0.4109375 0.4015625 0.009375 0.0140625