1 0.259375 0.65859375 0.125 0.20546875
1 0.40625 0.428125 0.05 0.10546875
1 0.76015625 0.6140625 0.0828125 0.121875
0 0.08125 0.7859375 0.109375 0.11640625
0 0.6359375 0.74609375 0.078125 0.14140625
0 0.59375 0.4140625 0.01875 0.028125
0 0.42109375 0.54140625 0.0421875 0.0609375
0 0.53984375 0.42890625 0.0203125 0.03046875
0 0.8796875 0.890625 0.153125 0.2140625
0 0.44921875 0.4609375 0.0234375 0.0390625
0 0.36953125 0.446875 0.0234375 0.03359375
0 0.33671875 0.575 0.0453125 0.0609375
0 0.36484375 0.51640625 0.0421875 0.05546875
0 0.3203125 0.5125 0.0375 0.046875
0 0.5640625 0.38046875 0.0125 0.01640625
0 0.43515625 0.375 0.0140625 0.01640625
0 0.34296875 0.48046875 0.0265625 0.0390625
0 0.55 0.39453125 0.0125 0.021875
0 0.5421875 0.38359375 0.009375 0.01640625
0 0.434375 0.4140625 0.0125 0.021875
0 0.44609375 0.396875 0.0140625 0.021875
0 0.5359375 0.3484375 0.009375 0.0140625
0 0.459375 0.4125 0.021875 0.04140625
0 0.52109375 0.35 0.0078125 0.0109375
0 0.46875 0.39453125 0.0125 0.021875
0 0.45234375 0.35 0.0109375 0.0109375
0 0.465625 0.36796875 0.009375 0.0140625
0 0.4 0.47109375 0.028125 0.01953125
0 0.48203125 0.36796875 0.0109375 0.0140625
0 0.49375 0.35 0.009375 0.01640625
0 0.40625 0.3640625 0.00625 0.01640625
0 0.44921875 0.3640625 0.0109375 0.01640625