1 0.3578125 0.42890625 0.0625 0.11953125
1 0.47890625 0.3375 0.0140625 0.025
1 0.46171875 0.328125 0.0140625 0.028125
0 0.23828125 0.59453125 0.0609375 0.06640625
0 0.29609375 0.915625 0.1109375 0.1640625
0 0.434375 0.49609375 0.028125 0.04140625
0 0.59140625 0.465625 0.0234375 0.0359375
0 0.415625 0.44609375 0.01875 0.03046875
0 0.46484375 0.409375 0.0171875 0.025
0 0.3421875 0.5625 0.04375 0.05859375
0 0.54375 0.375 0.0125 0.01640625
0 0.578125 0.396875 0.0125 0.01640625
0 0.4203125 0.4 0.015625 0.021875
0 0.58125 0.41796875 0.01875 0.025
0 0.5234375 0.371875 0.0125 0.01640625
0 0.009375 0.853125 0.01875 0.2
0 0.4734375 0.3875 0.0125 0.01953125
0 0.484375 0.3625 0.009375 0.0140625
0 0.7484375 0.31796875 0.0125 0.00859375
0 0.43046875 0.3859375 0.0109375 0.01640625
0 0.553125 0.36796875 0.0125 0.0140625
0 0.525 0.3375 0.00625 0.0140625
0 0.4453125 0.36796875 0.009375 0.0140625
0 0.44140625 0.403125 0.0140625 0.021875
0 0.5046875 0.35703125 0.009375 0.0140625
0 0.40625 0.3625 0.00625 0.0140625
0 0.45078125 0.3859375 0.0140625 0.021875
0 0.4671875 0.3640625 0.009375 0.01640625
0 0.54609375 0.353125 0.0078125 0.0109375
0 0.45859375 0.375 0.0109375 0.01640625
0 0.459375 0.35703125 0.009375 0.0140625
0 0.5328125 0.35546875 0.00625 0.0109375