1 0.1046875 0.74296875 0.209375 0.446875
1 0.378125 0.409375 0.05 0.103125
0 0.23359375 0.76953125 0.0953125 0.11640625
0 0.30078125 0.525 0.0421875 0.05
0 0.37734375 0.66796875 0.0578125 0.09140625
0 0.66015625 0.58203125 0.0453125 0.06953125
0 0.3796875 0.5 0.03125 0.04453125
0 0.446875 0.45546875 0.025 0.03359375
0 0.59765625 0.4234375 0.0203125 0.025
0 0.6203125 0.4625 0.025 0.0359375
0 0.4296875 0.425 0.015625 0.028125
0 0.52578125 0.38359375 0.0140625 0.021875
0 0.55234375 0.3890625 0.0140625 0.021875
0 0.46875 0.4 0.0125 0.021875
0 0.42890625 0.3875 0.0140625 0.01953125
0 0.56171875 0.37890625 0.0109375 0.0140625
0 0.4765625 0.38046875 0.0125 0.01640625
0 0.4484375 0.390625 0.0125 0.01953125
0 0.43828125 0.378125 0.0109375 0.01640625
0 0.40625 0.3640625 0.00625 0.01640625
0 0.4875 0.3609375 0.009375 0.0109375
0 0.5234375 0.340625 0.00625 0.0140625
0 0.5046875 0.35546875 0.009375 0.01640625
0 0.4578125 0.378125 0.009375 0.021875
0 0.5359375 0.365625 0.009375 0.0140625
0 0.55078125 0.35703125 0.0078125 0.0140625
0 0.4 0.43046875 0.00625 0.021875