1 0.58671875 0.54453125 0.0515625 0.121875
0 0.14453125 0.721875 0.0984375 0.10546875
0 0.29140625 0.5484375 0.0484375 0.053125
0 0.634375 0.74296875 0.071875 0.13046875
0 0.36171875 0.54296875 0.0390625 0.053125
0 0.153125 0.90703125 0.140625 0.175
0 0.7484375 0.60703125 0.065625 0.08046875
0 0.43125 0.52109375 0.034375 0.05859375
0 0.68203125 0.61640625 0.0546875 0.08359375
0 0.63046875 0.45546875 0.0234375 0.03359375
0 0.3671875 0.45859375 0.025 0.03359375
0 0.615625 0.4984375 0.03125 0.046875
0 0.45234375 0.45546875 0.0234375 0.03359375
0 0.40546875 0.45546875 0.0296875 0.04453125
0 0.3953125 0.425 0.015625 0.021875
0 0.5421875 0.434375 0.021875 0.03046875
0 0.57109375 0.428125 0.0171875 0.03359375
0 0.43828125 0.375 0.0109375 0.01640625
0 0.4203125 0.43359375 0.015625 0.028125
0 0.4171875 0.4015625 0.0125 0.01953125
0 0.47421875 0.3140625 0.0078125 0.01640625
0 0.4609375 0.4265625 0.01875 0.025
0 0.5703125 0.3859375 0.0125 0.01640625
0 0.440625 0.40546875 0.015625 0.021875
0 0.40625 0.365625 0.00625 0.0140625
0 0.5203125 0.3515625 0.009375 0.0140625
0 0.5328125 0.4015625 0.0125 0.01953125
0 0.54296875 0.38203125 0.0140625 0.0140625
0 0.5046875 0.35703125 0.009375 0.01953125
0 0.49453125 0.309375 0.0203125 0.01953125
0 0.590625 0.415625 0.015625 0.01953125
0 0.703125 0.29140625 0.0125 0.0109375
0 0.45859375 0.375 0.0109375 0.01640625
0 0.45 0.3640625 0.009375 0.01640625
0 0.45 0.384375 0.009375 0.01953125
0 0.54609375 0.35703125 0.0109375 0.01953125
0 0.4671875 0.365625 0.009375 0.0140625
0 0.578125 0.4015625 0.009375 0.01953125
0 0.4796875 0.37890625 0.0125 0.01953125
0 0.4765625 0.35390625 0.009375 0.0140625
0 0.4640625 0.40546875 0.0125 0.01640625