1 0.8078125 0.6140625 0.203125 0.30546875
0 0.38046875 0.7265625 0.0671875 0.103125
0 0.37578125 0.44453125 0.0234375 0.03359375
0 0.58515625 0.59453125 0.0453125 0.078125
0 0.6828125 0.6375 0.059375 0.0859375
0 0.60625 0.434375 0.01875 0.03046875
0 0.4171875 0.546875 0.0375 0.06640625
0 0.4203125 0.44140625 0.025 0.03359375
0 0.64921875 0.4890625 0.0296875 0.04453125
0 0.45 0.44296875 0.021875 0.03046875
0 0.30625 0.60546875 0.059375 0.08359375
0 0.2828125 0.54609375 0.04375 0.05859375
0 0.56328125 0.41953125 0.0171875 0.028125
0 0.53046875 0.4015625 0.0140625 0.025
0 0.5734375 0.390625 0.0125 0.01953125
0 0.42265625 0.390625 0.0140625 0.025
0 0.475 0.384375 0.0125 0.01953125
0 0.5578125 0.36953125 0.009375 0.01640625
0 0.43984375 0.375 0.0109375 0.021875
0 0.46015625 0.375 0.0109375 0.01640625
0 0.45234375 0.3875 0.0109375 0.01953125
0 0.54765625 0.325 0.0078125 0.0109375
0 0.4390625 0.403125 0.015625 0.021875
0 0.40625 0.3640625 0.00625 0.0109375
0 0.521875 0.36796875 0.0125 0.01953125
0 0.5046875 0.35546875 0.009375 0.01640625
0 0.53203125 0.3484375 0.0078125 0.0140625
0 0.8640625 0.5984375 0.0875 0.075
0 0.540625 0.3375 0.00625 0.0140625
0 0.5484375 0.35546875 0.0125 0.01640625
0 0.48203125 0.3640625 0.0140625 0.01640625
0 0.459375 0.35859375 0.009375 0.0109375
0 0.71484375 0.5765625 0.0171875 0.046875
0 0.99296875 0.52109375 0.0109375 0.06953125
0 0.85859375 0.715625 0.0921875 0.096875