1 0.55 0.3734375 0.025 0.053125
1 0.44453125 0.35703125 0.0171875 0.0359375
0 0.321875 0.8984375 0.109375 0.175
0 0.65234375 0.79609375 0.0859375 0.146875
0 0.203125 0.64453125 0.078125 0.08359375
0 0.05546875 0.9234375 0.1109375 0.146875
0 0.31796875 0.6125 0.0578125 0.075
0 0.44453125 0.4625 0.0234375 0.0359375
0 0.55625 0.4859375 0.028125 0.04453125
0 0.3984375 0.46796875 0.028125 0.0359375
0 0.403125 0.4125 0.01875 0.025
0 0.42734375 0.53203125 0.0359375 0.05859375
0 0.5703125 0.42109375 0.01875 0.025
0 0.46953125 0.39453125 0.0140625 0.021875
0 0.375 0.440625 0.025 0.0359375
0 0.33671875 0.4859375 0.0359375 0.05546875
0 0.57890625 0.3984375 0.0109375 0.025
0 0.4421875 0.403125 0.015625 0.021875
0 0.440625 0.384375 0.0125 0.01953125
0 0.4796875 0.36796875 0.0125 0.01953125
0 0.565625 0.371875 0.009375 0.028125
0 0.50546875 0.35546875 0.0078125 0.01640625
0 0.40703125 0.3625 0.0046875 0.0140625
0 0.46328125 0.36953125 0.0109375 0.01640625
0 0.36953125 0.3234375 0.0109375 0.0140625
0 0.4921875 0.3515625 0.0125 0.0140625
0 0.69921875 0.290625 0.0203125 0.0140625
0 0.4703125 0.359375 0.009375 0.01953125
0 0.44453125 0.36953125 0.0140625 0.01640625
0 0.703125 0.2890625 0.0125 0.0109375
0 0.52734375 0.3765625 0.0078125 0.0140625
0 0.53125 0.371875 0.0125 0.021875