1 0.3640625 0.4265625 0.0625 0.096875
1 0.60546875 0.409375 0.0453125 0.0859375
0 0.228125 0.76796875 0.090625 0.11953125
0 0.74609375 0.696875 0.0796875 0.121875
0 0.5671875 0.53203125 0.034375 0.05859375
0 0.3984375 0.65703125 0.05625 0.0859375
0 0.325 0.603125 0.053125 0.071875
0 0.421875 0.56953125 0.040625 0.05546875
0 0.33984375 0.490625 0.0328125 0.04140625
0 0.37265625 0.503125 0.0328125 0.04453125
0 0.56484375 0.37890625 0.0109375 0.01953125
0 0.40078125 0.41796875 0.0140625 0.025
0 0.40703125 0.45859375 0.0265625 0.03359375
0 0.346875 0.54609375 0.0375 0.05859375
0 0.42109375 0.528125 0.0359375 0.04453125
0 0.4484375 0.4640625 0.025 0.0390625
0 0.5375 0.38203125 0.0125 0.01953125
0 0.42578125 0.4890625 0.0265625 0.0390625
0 0.43984375 0.375 0.0140625 0.01640625
0 0.2921875 0.43046875 0.0125 0.028125
0 0.45859375 0.43359375 0.0203125 0.03359375
0 0.4171875 0.44140625 0.021875 0.028125
0 0.4671875 0.3984375 0.015625 0.01953125
0 0.43984375 0.40703125 0.0171875 0.025
0 0.534375 0.334375 0.0125 0.01953125
0 0.40625 0.3640625 0.00625 0.01640625
0 0.5046875 0.35703125 0.009375 0.01953125
0 0.4484375 0.39296875 0.0125 0.01953125
0 0.47578125 0.38359375 0.0140625 0.021875
0 0.52109375 0.35 0.0046875 0.0109375
0 0.53515625 0.359375 0.0078125 0.01953125
0 0.42890625 0.428125 0.0171875 0.028125
0 0.43515625 0.4140625 0.0171875 0.021875