1 0.6578125 0.46640625 0.06875 0.121875
0 0.3421875 0.55703125 0.040625 0.05859375
0 0.4265625 0.51640625 0.034375 0.05
0 0.4171875 0.43359375 0.01875 0.028125
0 0.45234375 0.4515625 0.0234375 0.0359375
0 0.5984375 0.4234375 0.01875 0.025
0 0.39453125 0.425 0.0171875 0.021875
0 0.4625 0.4140625 0.01875 0.021875
0 0.1 0.95 0.134375 0.09453125
0 0.45078125 0.3890625 0.0140625 0.021875
0 0.57265625 0.43046875 0.0171875 0.028125
0 0.54453125 0.378125 0.0140625 0.021875
0 0.5359375 0.43046875 0.021875 0.0390625
0 0.56171875 0.375 0.0109375 0.01640625
0 0.52890625 0.39453125 0.0140625 0.021875
0 0.42734375 0.38359375 0.0140625 0.028125
0 0.58359375 0.4015625 0.0203125 0.025
0 0.475 0.38046875 0.0125 0.01640625
0 0.4078125 0.3625 0.00625 0.0140625
0 0.66875 0.4890625 0.04375 0.078125
0 0.46484375 0.36640625 0.0109375 0.01640625
0 0.48125 0.36953125 0.009375 0.01640625
0 0.49453125 0.3484375 0.0109375 0.01953125
0 0.471875 0.3625 0.009375 0.0140625
0 0.50390625 0.35859375 0.0109375 0.01640625
0 0.52265625 0.359375 0.0109375 0.01953125
0 0.51796875 0.3234375 0.0109375 0.0140625