1 0.6765625 0.48359375 0.09375 0.15546875
1 0.2140625 0.60859375 0.084375 0.11640625
1 0.41640625 0.54453125 0.0453125 0.078125
0 0.39296875 0.69296875 0.0640625 0.103125
0 0.62421875 0.53203125 0.0359375 0.053125
0 0.9609375 0.890625 0.075 0.175
0 0.63515625 0.70390625 0.0734375 0.11953125
0 0.35625 0.5484375 0.0375 0.05859375
0 0.33125 0.4875 0.034375 0.046875
0 0.553125 0.46640625 0.025 0.04453125
0 0.4421875 0.48046875 0.025 0.0390625
0 0.3765625 0.44453125 0.025 0.03359375
0 0.415625 0.44609375 0.01875 0.03046875
0 0.55390625 0.39140625 0.0140625 0.021875
0 0.45234375 0.43046875 0.0203125 0.028125
0 0.40078125 0.41640625 0.0171875 0.021875
0 0.540625 0.41796875 0.01875 0.0359375
0 0.40625 0.365625 0.00625 0.0140625
0 0.5265625 0.3859375 0.015625 0.01640625
0 0.42421875 0.39296875 0.0140625 0.01953125
0 0.4625 0.3734375 0.009375 0.0140625
0 0.44921875 0.365625 0.0109375 0.0140625
0 0.48046875 0.3765625 0.0109375 0.0140625
0 0.521875 0.365625 0.009375 0.0140625
0 0.44609375 0.39296875 0.0140625 0.01953125
0 0.55234375 0.35859375 0.0078125 0.0109375
0 0.4359375 0.38046875 0.0125 0.01640625
0 0.5453125 0.3515625 0.00625 0.0140625
0 0.534375 0.35703125 0.009375 0.0140625