1 0.346875 0.4484375 0.071875 0.125
1 0.47578125 0.34609375 0.0140625 0.03046875
0 0.17734375 0.6765625 0.0796875 0.0859375
0 0.33984375 0.565625 0.0484375 0.05859375
0 0.41328125 0.59296875 0.0453125 0.0640625
0 0.390625 0.4890625 0.03125 0.0390625
0 0.5515625 0.459375 0.025 0.04140625
0 0.40078125 0.42109375 0.0171875 0.025
0 0.42578125 0.53046875 0.0328125 0.05546875
0 0.5640625 0.4125 0.01875 0.025
0 0.53046875 0.409375 0.0140625 0.025
0 0.54375 0.38359375 0.009375 0.01640625
0 0.44921875 0.44453125 0.0234375 0.03359375
0 0.42265625 0.39140625 0.0140625 0.021875
0 0.46953125 0.4 0.0140625 0.021875
0 0.52421875 0.384375 0.0140625 0.01953125
0 0.44609375 0.396875 0.0140625 0.021875
0 0.40625 0.365625 0.00625 0.0140625
0 0.4546875 0.425 0.01875 0.021875
0 0.54765625 0.3515625 0.0109375 0.01953125
0 0.565625 0.384375 0.0125 0.0140625
0 0.52265625 0.35390625 0.0078125 0.0140625
0 0.45546875 0.38046875 0.0109375 0.01640625
0 0.434375 0.38203125 0.0125 0.01953125
0 0.44453125 0.37109375 0.0109375 0.0140625
0 0.53203125 0.3375 0.0078125 0.0140625
0 0.4734375 0.309375 0.009375 0.0140625
0 0.453125 0.3625 0.009375 0.0140625
0 0.4875 0.3515625 0.009375 0.01953125
0 0.5046875 0.35859375 0.009375 0.01640625
0 0.70390625 0.290625 0.0140625 0.0140625
0 0.4765625 0.378125 0.0125 0.021875
0 0.46484375 0.36796875 0.0109375 0.0140625