1 0.34140625 0.46796875 0.0734375 0.10859375
1 0.68125 0.50859375 0.05625 0.09453125
0 0.40546875 0.628125 0.0515625 0.078125
0 0.678125 0.609375 0.05625 0.08046875
0 0.78671875 0.7859375 0.1015625 0.171875
0 0.8203125 0.690625 0.084375 0.1140625
0 0.5890625 0.4515625 0.025 0.0359375
0 0.6140625 0.43359375 0.021875 0.03359375
0 0.54765625 0.459375 0.0265625 0.0359375
0 0.38046875 0.44296875 0.0171875 0.03046875
0 0.57890625 0.55390625 0.0421875 0.0859375
0 0.45859375 0.42890625 0.0171875 0.025
0 0.559375 0.40859375 0.015625 0.028125
0 0.5734375 0.390625 0.0125 0.01953125
0 0.43359375 0.4125 0.0171875 0.025
0 0.3296875 0.59609375 0.04375 0.06953125
0 0.53515625 0.415625 0.0171875 0.03046875
0 0.4734375 0.39140625 0.015625 0.021875
0 0.15 0.58203125 0.015625 0.03046875
0 0.52890625 0.37890625 0.0109375 0.01953125
0 0.55234375 0.3609375 0.0078125 0.01640625
0 0.45078125 0.39296875 0.0140625 0.01953125
0 0.40625 0.3625 0.00625 0.0140625
0 0.4359375 0.37890625 0.0125 0.01953125
0 0.553125 0.3234375 0.009375 0.0140625
0 0.70390625 0.290625 0.0140625 0.0140625
0 0.546875 0.353125 0.009375 0.01640625
0 0.425 0.39296875 0.0125 0.01953125
0 0.459375 0.3734375 0.0125 0.01953125
0 0.4703125 0.35859375 0.009375 0.01640625
0 0.5046875 0.35859375 0.009375 0.01640625
0 0.49609375 0.35 0.0109375 0.01640625
0 0.53984375 0.33046875 0.0109375 0.01640625
0 0.534375 0.35390625 0.009375 0.01953125
0 0.51953125 0.3609375 0.0078125 0.01640625