0 0.11328125 0.93359375 0.1609375 0.128125
0 0.41875 0.54609375 0.0375 0.05859375
0 0.3515625 0.47109375 0.028125 0.0359375
0 0.6046875 0.65859375 0.059375 0.1109375
0 0.334375 0.59140625 0.05 0.06640625
0 0.40859375 0.453125 0.0265625 0.0390625
0 0.17421875 0.6734375 0.0765625 0.096875
0 0.4546875 0.4359375 0.01875 0.028125
0 0.39296875 0.41953125 0.0171875 0.028125
0 0.61171875 0.4875 0.0328125 0.046875
0 0.75078125 0.60703125 0.0609375 0.0859375
0 0.55 0.46640625 0.025 0.05
0 0.46953125 0.39609375 0.0140625 0.01953125
0 0.61015625 0.44453125 0.0265625 0.0390625
0 0.43359375 0.40859375 0.0140625 0.028125
0 0.53671875 0.434375 0.0171875 0.03046875
0 0.4453125 0.39140625 0.015625 0.028125
0 0.5828125 0.4 0.01875 0.0390625
0 0.4921875 0.3375 0.01875 0.01953125
0 0.52734375 0.3984375 0.0171875 0.025
0 0.4234375 0.390625 0.0125 0.01953125
0 0.46015625 0.3734375 0.0109375 0.01953125
0 0.40625 0.3625 0.00625 0.0140625
0 0.5203125 0.37109375 0.0125 0.01953125
0 0.578125 0.40859375 0.0125 0.021875
0 0.52109375 0.353125 0.0109375 0.01640625
0 0.4734375 0.35859375 0.009375 0.01640625
0 0.484375 0.3625 0.009375 0.01953125
0 0.55078125 0.39296875 0.0140625 0.01953125
0 0.55234375 0.3640625 0.0109375 0.021875
0 0.43046875 0.3875 0.0109375 0.01953125