1 0.05 0.76953125 0.1 0.4
0 0.359375 0.73203125 0.075 0.10859375
0 0.11484375 0.95 0.1296875 0.09453125
0 0.6234375 0.671875 0.065625 0.11640625
0 0.42109375 0.55 0.0359375 0.05546875
0 0.32109375 0.5015625 0.0359375 0.04140625
0 0.60625 0.49296875 0.03125 0.046875
0 0.4453125 0.45703125 0.025 0.0359375
0 0.35078125 0.5484375 0.0390625 0.05859375
0 0.62109375 0.45859375 0.0234375 0.03359375
0 0.67890625 0.5109375 0.0515625 0.08359375
0 0.375 0.509375 0.03125 0.04140625
0 0.5921875 0.41796875 0.015625 0.025
0 0.53125 0.4015625 0.015625 0.025
0 0.265625 0.56640625 0.0625 0.08359375
0 0.3984375 0.46640625 0.021875 0.03359375
0 0.26328125 0.521875 0.0421875 0.03359375
0 0.39140625 0.428125 0.0171875 0.028125
0 0.41875 0.4375 0.01875 0.03046875
0 0.37734375 0.45859375 0.0203125 0.03359375
0 0.52109375 0.35390625 0.0109375 0.01953125
0 0.4109375 0.40859375 0.015625 0.021875
0 0.421875 0.390625 0.0125 0.01953125
0 0.46015625 0.42109375 0.0171875 0.025
0 0.4390625 0.3765625 0.009375 0.0140625
0 0.56328125 0.38203125 0.0109375 0.01953125
0 0.40625 0.365625 0.00625 0.0140625
0 0.52421875 0.378125 0.0109375 0.01640625
0 0.4296875 0.42109375 0.015625 0.025
0 0.43828125 0.40546875 0.0109375 0.021875
0 0.45390625 0.38203125 0.0109375 0.0140625
0 0.48046875 0.375 0.0109375 0.0109375
0 0.4890625 0.35703125 0.009375 0.0140625
0 0.56171875 0.371875 0.0109375 0.01640625
0 0.5734375 0.39296875 0.015625 0.01953125
0 0.47109375 0.39296875 0.0109375 0.01953125
0 0.50546875 0.35546875 0.0078125 0.01640625
0 0.4703125 0.359375 0.009375 0.0140625
0 0.465625 0.40546875 0.015625 0.021875
0 0.53671875 0.3625 0.0109375 0.0140625
0 0.46328125 0.37109375 0.0109375 0.0140625
0 0.45859375 0.3625 0.0078125 0.0140625
0 0.4765625 0.34609375 0.009375 0.0140625
0 0.54140625 0.34296875 0.0078125 0.0140625
0 0.55078125 0.3640625 0.0078125 0.01640625