1 0.43046875 0.375 0.0171875 0.03359375
0 0.05546875 0.81796875 0.1109375 0.13046875
0 0.29453125 0.65 0.0640625 0.08359375
0 0.628125 0.70859375 0.065625 0.128125
0 0.653125 0.56640625 0.046875 0.071875
0 0.2640625 0.571875 0.053125 0.0609375
0 0.3703125 0.453125 0.025 0.03359375
0 0.646875 0.48046875 0.03125 0.04453125
0 0.55078125 0.4625 0.0234375 0.0359375
0 0.60390625 0.434375 0.0203125 0.03046875
0 0.39140625 0.48046875 0.0296875 0.0390625
0 0.57578125 0.4359375 0.0203125 0.03359375
0 0.4109375 0.446875 0.021875 0.03359375
0 0.4046875 0.5875 0.05 0.075
0 0.43671875 0.4984375 0.0296875 0.05859375
0 0.57578125 0.39296875 0.0140625 0.01953125
0 0.4171875 0.396875 0.0125 0.021875
0 0.53046875 0.40546875 0.0171875 0.028125
0 0.290625 0.99296875 0.05 0.00859375
0 0.434375 0.409375 0.01875 0.03046875
0 0.40625 0.365625 0.00625 0.0140625
0 0.45546875 0.43359375 0.0203125 0.028125
0 0.55546875 0.403125 0.0140625 0.021875
0 0.45703125 0.37890625 0.0109375 0.0140625
0 0.4515625 0.3609375 0.009375 0.01640625
0 0.44453125 0.39296875 0.0109375 0.01953125
0 0.49375 0.34609375 0.009375 0.01953125
0 0.50390625 0.35703125 0.0109375 0.01953125
0 0.44921875 0.4515625 0.0203125 0.03046875
0 0.52421875 0.3765625 0.0140625 0.01953125
0 0.52109375 0.3484375 0.0078125 0.0140625
0 0.559375 0.371875 0.0125 0.01640625
0 0.46875 0.39453125 0.0125 0.01640625
0 0.4609375 0.35703125 0.009375 0.0140625
0 0.54609375 0.384375 0.0109375 0.0140625
0 0.4671875 0.40859375 0.015625 0.028125
0 0.47421875 0.38359375 0.0109375 0.01640625
0 0.4375 0.48203125 0.021875 0.03046875