1 0.42578125 0.371875 0.0265625 0.05
0 0.084375 0.7890625 0.1125 0.121875
0 0.26875 0.70546875 0.075 0.08359375
0 0.3859375 0.6734375 0.0625 0.0859375
0 0.26640625 0.57109375 0.0515625 0.0640625
0 0.3546875 0.46953125 0.028125 0.03359375
0 0.44140625 0.49609375 0.0265625 0.04140625
0 0.41796875 0.58203125 0.0421875 0.0640625
0 0.59296875 0.41953125 0.0171875 0.028125
0 0.5546875 0.40546875 0.015625 0.021875
0 0.3640625 0.5390625 0.04375 0.05546875
0 0.453125 0.44453125 0.021875 0.03359375
0 0.40234375 0.4640625 0.0203125 0.03359375
0 0.40390625 0.415625 0.0140625 0.025
0 0.5625 0.38046875 0.0125 0.01640625
0 0.4171875 0.440625 0.021875 0.03046875
0 0.4609375 0.40390625 0.015625 0.025
0 0.425 0.42109375 0.015625 0.025
0 0.471875 0.3875 0.0125 0.01953125
0 0.50390625 0.35859375 0.0109375 0.01640625
0 0.4484375 0.38359375 0.015625 0.028125
0 0.54609375 0.35546875 0.0109375 0.01640625
0 0.478125 0.36953125 0.0125 0.01640625
0 0.53515625 0.359375 0.0109375 0.0140625
0 0.46484375 0.36640625 0.0109375 0.01640625
0 0.4859375 0.359375 0.009375 0.0140625
0 0.45859375 0.375 0.0078125 0.01640625