1 0.31484375 0.54453125 0.1296875 0.228125
1 0.38984375 0.484375 0.0328125 0.05859375
0 0.09296875 0.9484375 0.1546875 0.096875
0 0.6125 0.6515625 0.0625 0.096875
0 0.4359375 0.5125 0.028125 0.046875
0 0.62265625 0.51953125 0.0359375 0.05
0 0.63984375 0.4734375 0.0265625 0.0359375
0 0.421875 0.42890625 0.01875 0.025
0 0.55 0.3875 0.0125 0.01953125
0 0.584375 0.40390625 0.0125 0.01953125
0 0.41640625 0.390625 0.0234375 0.04140625
0 0.3765625 0.446875 0.015625 0.028125
0 0.5640625 0.38046875 0.0125 0.01640625
0 0.4625 0.41953125 0.015625 0.021875
0 0.4515625 0.38359375 0.015625 0.021875
0 0.37578125 0.5140625 0.0078125 0.0609375
0 0.56015625 0.37890625 0.0046875 0.0140625
0 0.15 0.58046875 0.015625 0.028125
0 0.453125 0.434375 0.021875 0.0359375
0 0.5421875 0.3265625 0.00625 0.0140625
0 0.48046875 0.3515625 0.0109375 0.01953125
0 0.4390625 0.36796875 0.015625 0.025
0 0.3640625 0.5640625 0.009375 0.03359375
0 0.47734375 0.378125 0.0140625 0.021875
0 0.55234375 0.3234375 0.0109375 0.0140625
0 0.5046875 0.35703125 0.009375 0.0140625
0 0.53359375 0.35 0.0078125 0.01640625
0 0.51875 0.325 0.009375 0.0109375
0 0.48828125 0.3609375 0.0109375 0.021875
0 0.5421875 0.3390625 0.00625 0.0109375
0 0.5671875 0.38046875 0.00625 0.0109375