1 0.1125 0.82890625 0.225 0.3359375
1 0.40625 0.4234375 0.053125 0.1140625
0 0.3453125 0.828125 0.0875 0.1390625
0 0.81953125 0.703125 0.0796875 0.1109375
0 0.35546875 0.540625 0.0390625 0.053125
0 0.4140625 0.584375 0.05 0.06953125
0 0.26875 0.559375 0.05 0.0640625
0 0.30078125 0.6390625 0.0640625 0.08359375
0 0.44375 0.4875 0.028125 0.046875
0 0.3609375 0.4609375 0.028125 0.0390625
0 0.534375 0.4015625 0.015625 0.025
0 0.57578125 0.43046875 0.0203125 0.03359375
0 0.4640625 0.421875 0.01875 0.028125
0 0.57265625 0.390625 0.0140625 0.01953125
0 0.5546875 0.39453125 0.015625 0.021875
0 0.44296875 0.39609375 0.0140625 0.025
0 0.4671875 0.39453125 0.015625 0.01640625
0 0.43359375 0.41953125 0.0078125 0.03359375
0 0.5359375 0.353125 0.009375 0.01640625
0 0.4 0.46796875 0.034375 0.025
0 0.52265625 0.365625 0.0109375 0.0140625
0 0.409375 0.359375 0.015625 0.01953125
0 0.5484375 0.3375 0.009375 0.0140625
0 0.2921875 0.43046875 0.009375 0.021875
0 0.48515625 0.36640625 0.0109375 0.01640625
0 0.45078125 0.365625 0.0109375 0.0140625
0 0.46875 0.3625 0.009375 0.0140625
0 0.440625 0.37890625 0.0125 0.0140625
0 0.50625 0.35703125 0.009375 0.0140625
0 0.521875 0.34140625 0.009375 0.01640625
0 0.47734375 0.353125 0.0109375 0.01640625