1 0.44375 0.38203125 0.028125 0.05859375
1 0.6625 0.4890625 0.059375 0.09453125
1 0.58125 0.390625 0.03125 0.075
0 0.30234375 0.92109375 0.1078125 0.153125
0 0.41015625 0.59140625 0.0453125 0.06640625
0 0.30625 0.5359375 0.040625 0.05
0 0.35 0.55390625 0.04375 0.05859375
0 0.56328125 0.5 0.0296875 0.05
0 0.08046875 0.9484375 0.1421875 0.096875
0 0.3546875 0.47109375 0.028125 0.0359375
0 0.42734375 0.528125 0.0359375 0.05
0 0.60234375 0.48359375 0.0296875 0.04453125
0 0.39375 0.48203125 0.028125 0.04140625
0 0.41328125 0.45 0.0203125 0.03359375
0 0.440625 0.4765625 0.028125 0.046875
0 0.4546875 0.4484375 0.021875 0.03046875
0 0.68046875 0.82109375 0.0984375 0.18046875
0 0.5796875 0.44140625 0.021875 0.0390625
0 0.53125 0.3859375 0.015625 0.021875
0 0.40703125 0.4125 0.0171875 0.025
0 0.4625 0.41953125 0.015625 0.028125
0 0.58203125 0.40859375 0.0296875 0.0390625
0 0.10703125 0.96640625 0.0890625 0.0609375
0 0.3859375 0.434375 0.01875 0.03046875
0 0.40703125 0.3640625 0.0046875 0.0109375
0 0.553125 0.35859375 0.015625 0.028125
0 0.05859375 0.978125 0.0984375 0.0390625
0 0.5046875 0.35546875 0.009375 0.01640625
0 0.48984375 0.359375 0.0078125 0.0140625
0 0.653125 0.4765625 0.040625 0.06953125
0 0.46875 0.403125 0.015625 0.021875
0 0.4125 0.3640625 0.015625 0.01640625
0 0.5359375 0.35859375 0.009375 0.01640625
0 0.3671875 0.39140625 0.009375 0.01640625
0 0.5046875 0.87890625 0.134375 0.2359375
0 0.65390625 0.45703125 0.0390625 0.03046875
0 0.4703125 0.39453125 0.01875 0.03359375
0 0.48125 0.3734375 0.009375 0.01953125
0 0.6046875 0.49140625 0.025 0.028125
0 0.5390625 0.3609375 0.009375 0.01640625