1 0.45859375 0.346875 0.0171875 0.028125
0 0.3375 0.8375 0.09375 0.146875
0 0.13046875 0.9125 0.1578125 0.16953125
0 0.2734375 0.55390625 0.046875 0.05859375
0 0.42109375 0.5359375 0.0390625 0.05546875
0 0.35859375 0.5265625 0.0328125 0.046875
0 0.9046875 0.803125 0.121875 0.15
0 0.66171875 0.5640625 0.0453125 0.06640625
0 0.57421875 0.53046875 0.0390625 0.05546875
0 0.65390625 0.7390625 0.0828125 0.15
0 0.53828125 0.41953125 0.0171875 0.03359375
0 0.60546875 0.428125 0.0203125 0.03359375
0 0.4171875 0.4375 0.021875 0.03046875
0 0.459375 0.421875 0.01875 0.028125
0 0.52578125 0.37890625 0.0140625 0.025
0 0.4171875 0.39453125 0.015625 0.021875
0 0.4375 0.40546875 0.015625 0.021875
0 0.46796875 0.3984375 0.0140625 0.01953125
0 0.5359375 0.34296875 0.0125 0.0140625
0 0.4484375 0.3859375 0.0125 0.021875
0 0.56640625 0.38359375 0.0109375 0.01640625
0 0.4484375 0.365625 0.009375 0.0140625
0 0.478125 0.3765625 0.009375 0.0140625
0 0.5578125 0.3734375 0.009375 0.0140625
0 0.4734375 0.35859375 0.009375 0.01640625
0 0.40625 0.365625 0.00625 0.0140625
0 0.50390625 0.35703125 0.0109375 0.01953125
0 0.54140625 0.32890625 0.0078125 0.0140625
0 0.46484375 0.36796875 0.0078125 0.0140625
0 0.55234375 0.3265625 0.0109375 0.0140625
0 0.496875 0.34453125 0.0125 0.01640625
0 0.48359375 0.365625 0.0078125 0.0140625