1 0.4328125 0.5 0.034375 0.0609375
1 0.44296875 0.3625 0.0140625 0.0359375
0 0.290625 0.69296875 0.084375 0.103125
0 0.67890625 0.51953125 0.0359375 0.05
0 0.58984375 0.4625 0.0234375 0.0359375
0 0.55859375 0.4875 0.0296875 0.046875
0 0.38359375 0.49609375 0.0328125 0.04140625
0 0.5359375 0.41640625 0.01875 0.028125
0 0.4015625 0.4140625 0.015625 0.021875
0 0.45546875 0.44609375 0.0203125 0.03046875
0 0.3296875 0.49609375 0.034375 0.04140625
0 0.41328125 0.4375 0.0234375 0.03046875
0 0.5453125 0.3734375 0.0125 0.01953125
0 0.46328125 0.4109375 0.0171875 0.021875
0 0.4328125 0.4140625 0.015625 0.021875
0 0.43125 0.38046875 0.0125 0.021875
0 0.471875 0.3875 0.0125 0.01953125
0 0.4453125 0.39453125 0.015625 0.01640625
0 0.46015625 0.37109375 0.0109375 0.01953125
0 0.46796875 0.33359375 0.0140625 0.01640625
0 0.48203125 0.36953125 0.0109375 0.01640625
0 0.50625 0.35546875 0.00625 0.01640625
0 0.53359375 0.346875 0.0109375 0.01640625
0 0.49140625 0.35859375 0.0109375 0.01640625
0 0.4828125 0.34453125 0.0125 0.01640625
0 0.4546875 0.38203125 0.0125 0.01953125
0 0.55703125 0.365625 0.0109375 0.01953125