1 0.33203125 0.775 0.1109375 0.2109375
1 0.2953125 0.5109375 0.0625 0.1109375
1 0.4421875 0.45703125 0.03125 0.0640625
0 0.14765625 0.72890625 0.0953125 0.10859375
0 0.9625 0.9 0.071875 0.15
0 0.70625 0.5625 0.04375 0.05859375
0 0.63203125 0.53203125 0.0390625 0.05859375
0 0.428125 0.528125 0.034375 0.05
0 0.3203125 0.5984375 0.053125 0.06953125
0 0.62109375 0.44609375 0.0265625 0.04140625
0 0.615625 0.6609375 0.065625 0.1390625
0 0.3515625 0.4765625 0.03125 0.04140625
0 0.41328125 0.44296875 0.0234375 0.03046875
0 0.53828125 0.41953125 0.0171875 0.028125
0 0.45859375 0.43046875 0.0171875 0.028125
0 0.38046875 0.503125 0.0359375 0.05
0 0.39453125 0.421875 0.0140625 0.028125
0 0.525 0.3859375 0.0125 0.01640625
0 0.428125 0.3875 0.0125 0.01953125
0 0.4421875 0.3734375 0.0125 0.01953125
0 0.46875 0.39609375 0.0125 0.01953125
0 0.45859375 0.378125 0.0140625 0.01640625
0 0.40625 0.3640625 0.00625 0.01640625
0 0.47578125 0.37890625 0.0109375 0.01953125
0 0.48828125 0.35546875 0.0109375 0.01640625
0 0.54765625 0.37890625 0.0140625 0.01953125
0 0.53359375 0.3390625 0.0078125 0.01640625
0 0.54140625 0.32890625 0.0078125 0.0140625
0 0.55078125 0.37890625 0.0078125 0.0140625
0 0.46640625 0.353125 0.0140625 0.01640625
0 0.54375 0.37890625 0.00625 0.0140625
0 0.5046875 0.35546875 0.009375 0.01640625
0 0.53828125 0.359375 0.0046875 0.0140625
0 0.52421875 0.334375 0.0078125 0.0140625
0 0.4734375 0.35390625 0.009375 0.0140625