1 0.34140625 0.50859375 0.1046875 0.1890625
1 0.78125 0.72890625 0.134375 0.2859375
0 0.025 0.90546875 0.05 0.11640625
0 0.35234375 0.7890625 0.0859375 0.1390625
0 0.61953125 0.44609375 0.0234375 0.03046875
0 0.646875 0.47890625 0.03125 0.0359375
0 0.4453125 0.45859375 0.021875 0.03359375
0 0.4015625 0.471875 0.021875 0.0390625
0 0.54140625 0.42109375 0.0203125 0.03046875
0 0.4171875 0.58046875 0.04375 0.06640625
0 0.4609375 0.421875 0.01875 0.028125
0 0.5609375 0.40703125 0.015625 0.025
0 0.4390625 0.4015625 0.01875 0.025
0 0.57265625 0.390625 0.0109375 0.01953125
0 0.5609375 0.371875 0.0125 0.01640625
0 0.40703125 0.3640625 0.0078125 0.01640625
0 0.4734375 0.38046875 0.0125 0.021875
0 0.45703125 0.3765625 0.0109375 0.01953125
0 0.52734375 0.38046875 0.0078125 0.0109375
0 0.09140625 0.3234375 0.0109375 0.0140625
0 0.4671875 0.40390625 0.015625 0.01953125
0 0.47421875 0.309375 0.0109375 0.01953125
0 0.2 0.54609375 0.01875 0.01953125
0 0.4296875 0.38359375 0.0125 0.01640625
0 0.53671875 0.3640625 0.0109375 0.0109375
0 0.15078125 0.58046875 0.0171875 0.03359375
0 0.528125 0.4015625 0.015625 0.025
0 0.0890625 0.321875 0.015625 0.01640625
0 0.446875 0.36796875 0.009375 0.0140625
0 0.46796875 0.3515625 0.0078125 0.00859375
0 0.4828125 0.3734375 0.00625 0.0140625
0 0.50546875 0.88046875 0.1328125 0.23359375
0 0.48828125 0.35859375 0.0078125 0.01640625
0 0.52109375 0.353125 0.0078125 0.01640625
0 0.390625 0.44453125 0.00625 0.028125
0 0.00546875 0.25 0.0109375 0.03359375