1 0.44375 0.3609375 0.015625 0.03359375
0 0.33515625 0.4875 0.0328125 0.04140625
0 0.31328125 0.65546875 0.0734375 0.0890625
0 0.69609375 0.540625 0.0421875 0.05859375
0 0.5984375 0.478125 0.028125 0.0390625
0 0.5640625 0.50859375 0.03125 0.05546875
0 0.3890625 0.4875 0.028125 0.04140625
0 0.5390625 0.425 0.01875 0.028125
0 0.434375 0.49296875 0.0375 0.05859375
0 0.40390625 0.4109375 0.0171875 0.021875
0 0.2953125 0.9875 0.08125 0.01953125
0 0.41640625 0.434375 0.0234375 0.03046875
0 0.45625 0.44140625 0.021875 0.028125
0 0.4640625 0.40859375 0.015625 0.021875
0 0.43515625 0.4109375 0.0140625 0.021875
0 0.546875 0.375 0.0125 0.021875
0 0.4328125 0.37890625 0.0125 0.01953125
0 0.4734375 0.3859375 0.0125 0.01640625
0 0.44765625 0.39140625 0.0140625 0.01640625
0 0.46953125 0.33359375 0.0140625 0.01640625
0 0.48203125 0.36796875 0.0109375 0.0140625
0 0.50546875 0.35546875 0.0078125 0.01640625
0 0.46171875 0.36953125 0.0109375 0.021875
0 0.5328125 0.346875 0.009375 0.01640625
0 0.45546875 0.37890625 0.0109375 0.01953125
0 0.49140625 0.35546875 0.0109375 0.01640625
0 0.521875 0.34453125 0.00625 0.01640625
0 0.4828125 0.34453125 0.0125 0.01640625
0 0.55859375 0.36640625 0.0109375 0.021875