0 0.3921875 0.66640625 0.0625 0.0890625
0 0.55703125 0.484375 0.0296875 0.04140625
0 0.12734375 0.9140625 0.1515625 0.1609375
0 0.3171875 0.6109375 0.059375 0.071875
0 0.03046875 0.909375 0.0609375 0.14140625
0 0.75 0.9609375 0.096875 0.071875
0 0.3640625 0.45859375 0.025 0.0390625
0 0.39375 0.475 0.028125 0.0390625
0 0.44609375 0.48203125 0.0265625 0.0359375
0 0.2625 0.575 0.053125 0.06640625
0 0.41328125 0.403125 0.0140625 0.021875
0 0.5890625 0.40703125 0.015625 0.0359375
0 0.5609375 0.375 0.0125 0.01640625
0 0.43828125 0.403125 0.0171875 0.021875
0 0.39375 0.4265625 0.015625 0.025
0 0.45 0.44609375 0.021875 0.03046875
0 0.5890625 0.4 0.0125 0.021875
0 0.46015625 0.41640625 0.0171875 0.028125
0 0.4703125 0.39453125 0.0125 0.021875
0 0.40625 0.3640625 0.00625 0.01640625
0 0.45 0.3890625 0.0125 0.01640625
0 0.540625 0.3265625 0.009375 0.0140625
0 0.51796875 0.32890625 0.0109375 0.0140625
0 0.46953125 0.35859375 0.0140625 0.021875
0 0.55 0.3625 0.009375 0.0140625
0 0.46015625 0.3765625 0.0109375 0.01953125
0 0.55390625 0.3625 0.0078125 0.0140625
0 0.47890625 0.38046875 0.0109375 0.01640625
0 0.4484375 0.37109375 0.009375 0.0140625
0 0.64765625 0.34140625 0.0046875 0.01640625
0 0.52265625 0.3625 0.0109375 0.0140625
0 0.54453125 0.35 0.0109375 0.01640625
0 0.5359375 0.359375 0.009375 0.0140625
0 0.50234375 0.35390625 0.0046875 0.0140625
0 0.4828125 0.36796875 0.0125 0.0140625