1 0.334375 0.446875 0.075 0.1390625
1 0.73671875 0.56640625 0.0734375 0.128125
1 0.56796875 0.496875 0.0390625 0.08359375
0 0.0703125 0.80390625 0.115625 0.125
0 0.25546875 0.709375 0.0828125 0.10859375
0 0.375 0.6984375 0.0625 0.096875
0 0.25859375 0.58046875 0.0546875 0.078125
0 0.62734375 0.45390625 0.0265625 0.0359375
0 0.37578125 0.50859375 0.0359375 0.04453125
0 0.43125 0.515625 0.03125 0.053125
0 0.66171875 0.509375 0.0359375 0.046875
0 0.4453125 0.44453125 0.025 0.03359375
0 0.5875 0.45859375 0.025 0.0390625
0 0.40234375 0.465625 0.0265625 0.0359375
0 0.4640625 0.4125 0.015625 0.025
0 0.41875 0.43046875 0.01875 0.028125
0 0.52890625 0.3859375 0.0140625 0.01640625
0 0.5625 0.41953125 0.01875 0.028125
0 0.41484375 0.4 0.0140625 0.021875
0 0.40625 0.3640625 0.00625 0.01640625
0 0.5765625 0.39453125 0.0125 0.021875
0 0.565625 0.38046875 0.0125 0.01640625
0 0.58515625 0.409375 0.0140625 0.025
0 0.47265625 0.384375 0.0140625 0.01953125
0 0.43125 0.41640625 0.015625 0.021875
0 0.525 0.36953125 0.0125 0.01640625
0 0.5046875 0.35703125 0.009375 0.01953125
0 0.7 0.290625 0.021875 0.0140625
0 0.36953125 0.3265625 0.0109375 0.0140625
0 0.434375 0.38203125 0.009375 0.01953125
0 0.55625 0.3734375 0.00625 0.0140625
0 0.4359375 0.40546875 0.015625 0.021875
0 0.37265625 0.4265625 0.0078125 0.01953125
0 0.45390625 0.384375 0.0109375 0.0140625
0 0.48203125 0.3734375 0.0109375 0.01953125
0 0.44296875 0.39453125 0.0109375 0.01640625
0 0.365625 0.465625 0.0125 0.0359375