1 0.09765625 0.75 0.1953125 0.43359375
1 0.3453125 0.44453125 0.06875 0.11640625
1 0.63359375 0.4390625 0.0609375 0.11640625
1 0.39921875 0.40703125 0.0265625 0.04140625
1 0.40078125 0.45546875 0.0296875 0.05546875
0 0.40859375 0.61640625 0.0546875 0.071875
0 0.6578125 0.55390625 0.046875 0.0640625
0 0.31796875 0.615625 0.0578125 0.06953125
0 0.3015625 0.9640625 0.1125 0.06640625
0 0.428125 0.528125 0.034375 0.05
0 0.38203125 0.5015625 0.0328125 0.04140625
0 0.08828125 0.97109375 0.1421875 0.053125
0 0.43359375 0.40703125 0.0140625 0.025
0 0.584375 0.40703125 0.0125 0.01953125
0 0.46015625 0.4125 0.0203125 0.04140625
0 0.4171875 0.44453125 0.0125 0.028125
0 0.53359375 0.40859375 0.0171875 0.021875
0 0.43984375 0.378125 0.0109375 0.01640625
0 0.553125 0.3984375 0.00625 0.01953125
0 0.64453125 0.465625 0.0359375 0.0640625
0 0.5234375 0.38046875 0.0125 0.01640625
0 0.5375 0.36953125 0.0125 0.01640625
0 0.52109375 0.36640625 0.0109375 0.01640625
0 0.50390625 0.35703125 0.0109375 0.01953125
0 0.4765625 0.38046875 0.009375 0.01640625
0 0.4625 0.37109375 0.0125 0.01953125
0 0.446875 0.365625 0.009375 0.0140625
0 0.459375 0.4 0.015625 0.01640625
0 0.48203125 0.36640625 0.0140625 0.021875
0 0.7 0.290625 0.021875 0.0140625
0 0.40625 0.365625 0.00625 0.0140625
0 0.703125 0.290625 0.0125 0.0140625
0 0.453125 0.35859375 0.009375 0.01640625
0 0.55234375 0.3625 0.0078125 0.0140625
0 0.48828125 0.35859375 0.0078125 0.01640625
0 0.18203125 0.59453125 0.0265625 0.05
0 0.53671875 0.371875 0.0421875 0.1