0 0.26875 0.57890625 0.05625 0.0640625
0 0.3953125 0.63203125 0.05 0.075
0 0.59140625 0.4640625 0.0234375 0.0390625
0 0.4296875 0.5234375 0.034375 0.046875
0 0.703125 0.95859375 0.109375 0.078125
0 0.36640625 0.45390625 0.0234375 0.03046875
0 0.3171875 0.5125 0.034375 0.046875
0 0.57109375 0.421875 0.0203125 0.028125
0 0.43828125 0.4765625 0.0265625 0.0359375
0 0.5453125 0.44296875 0.021875 0.0359375
0 0.35 0.55390625 0.046875 0.0640625
0 0.42421875 0.4234375 0.0171875 0.025
0 0.4578125 0.428125 0.01875 0.028125
0 0.47109375 0.390625 0.0140625 0.01953125
0 0.54765625 0.38203125 0.0140625 0.01953125
0 0.440625 0.4015625 0.015625 0.025
0 0.453125 0.38359375 0.0125 0.021875
0 0.4328125 0.38359375 0.009375 0.01640625
0 0.52890625 0.39296875 0.0140625 0.01953125
0 0.40625 0.365625 0.00625 0.0140625
0 0.48359375 0.3640625 0.0078125 0.0109375
0 0.36953125 0.3265625 0.0140625 0.0140625
0 0.4546875 0.3625 0.009375 0.0140625
0 0.525 0.37890625 0.01875 0.025
0 0.4828125 0.34609375 0.009375 0.0140625
0 0.471875 0.35859375 0.009375 0.01640625
0 0.55078125 0.3609375 0.0109375 0.01640625
0 0.5203125 0.37890625 0.009375 0.01953125
0 0.7015625 0.290625 0.009375 0.0140625
0 0.4625 0.37109375 0.009375 0.0140625
0 0.4640625 0.35390625 0.009375 0.0140625
0 0.5296875 0.3765625 0.009375 0.0140625
0 0.5359375 0.3640625 0.040625 0.08359375
0 0.359375 0.54609375 0.028125 0.046875