1 0.38125 0.42890625 0.028125 0.046875
0 0.78046875 0.7640625 0.0953125 0.14453125
0 0.29296875 0.64609375 0.0609375 0.08046875
0 0.0890625 0.77890625 0.109375 0.11953125
0 0.30625 0.53046875 0.04375 0.05
0 0.4046875 0.590625 0.04375 0.06953125
0 0.6140625 0.52890625 0.034375 0.053125
0 0.61953125 0.4515625 0.0234375 0.0359375
0 0.44375 0.471875 0.025 0.0390625
0 0.578125 0.39609375 0.015625 0.03046875
0 0.41328125 0.44609375 0.0234375 0.03046875
0 0.4625 0.421875 0.01875 0.028125
0 0.53359375 0.40859375 0.0171875 0.028125
0 0.41796875 0.4 0.0140625 0.021875
0 0.4703125 0.39453125 0.015625 0.021875
0 0.446875 0.39296875 0.0125 0.025
0 0.4265625 0.42109375 0.015625 0.025
0 0.54765625 0.384375 0.0140625 0.025
0 0.56015625 0.3734375 0.0109375 0.0140625
0 0.4546875 0.38046875 0.0125 0.01640625
0 0.47734375 0.375 0.0109375 0.01640625
0 0.40625 0.3640625 0.00625 0.01640625
0 0.521875 0.359375 0.009375 0.0140625
0 0.4296875 0.384375 0.0125 0.01953125
0 0.5359375 0.3625 0.009375 0.0140625
0 0.478125 0.34296875 0.00625 0.0140625
0 0.55 0.35390625 0.009375 0.0140625
0 0.4640625 0.365625 0.009375 0.0140625
0 0.4515625 0.365625 0.009375 0.0140625
0 0.55078125 0.3640625 0.0078125 0.01640625