1 0.1921875 0.609375 0.1625 0.23046875
1 0.328125 0.4640625 0.08125 0.15
1 0.39296875 0.421875 0.0453125 0.13359375
0 0.6875 0.640625 0.059375 0.0859375
0 0.259375 0.9640625 0.11875 0.06640625
0 0.028125 0.88203125 0.05625 0.13046875
0 0.56953125 0.52109375 0.0328125 0.05859375
0 0.5984375 0.421875 0.01875 0.028125
0 0.40546875 0.60859375 0.0484375 0.078125
0 0.82890625 0.690625 0.0828125 0.13046875
0 0.6625 0.50390625 0.03125 0.04140625
0 0.6953125 0.9140625 0.109375 0.16640625
0 0.334375 0.58359375 0.053125 0.06640625
0 0.553125 0.4 0.015625 0.021875
0 0.43203125 0.49296875 0.0328125 0.04140625
0 0.60546875 0.49609375 0.0234375 0.04140625
0 0.446875 0.45859375 0.025 0.03359375
0 0.15546875 0.52890625 0.0984375 0.10859375
0 0.41875 0.44140625 0.0125 0.028125
0 0.23984375 0.45 0.0453125 0.03359375
0 0.30859375 0.50703125 0.0390625 0.0640625
0 0.4453125 0.4 0.0125 0.021875
0 0.4203125 0.396875 0.0125 0.021875
0 0.4640625 0.4140625 0.015625 0.021875
0 0.2078125 0.5 0.065625 0.08359375
0 0.30625 0.446875 0.0375 0.0609375
0 0.4734375 0.3125 0.009375 0.0140625
0 0.5046875 0.35546875 0.009375 0.01640625
0 0.33125 0.47890625 0.028125 0.04140625
0 0.43828125 0.37890625 0.0109375 0.01953125
0 0.478125 0.378125 0.0125 0.021875
0 0.36953125 0.3265625 0.0109375 0.0140625
0 0.35234375 0.40390625 0.0265625 0.03046875
0 0.2265625 0.46796875 0.040625 0.04140625
0 0.46953125 0.39609375 0.0140625 0.01953125
0 0.1578125 0.64140625 0.09375 0.13359375
0 0.2359375 0.47890625 0.059375 0.0640625
0 0.55234375 0.3640625 0.0078125 0.0109375
0 0.55078125 0.359375 0.0078125 0.0140625
0 0.23125 0.60859375 0.0375 0.0890625