1 0.375 0.71640625 0.075 0.128125
1 0.44140625 0.39140625 0.0203125 0.03359375
0 0.3609375 0.54296875 0.040625 0.053125
0 0.0125 0.915625 0.025 0.08046875
0 0.671875 0.51796875 0.034375 0.046875
0 0.2421875 0.725 0.0875 0.1109375
0 0.5765625 0.39453125 0.015625 0.028125
0 0.27578125 0.5515625 0.0546875 0.075
0 0.40390625 0.4140625 0.0171875 0.028125
0 0.6140625 0.440625 0.01875 0.03046875
0 0.4453125 0.4640625 0.025 0.03359375
0 0.70390625 0.9109375 0.1015625 0.171875
0 0.53828125 0.41953125 0.0171875 0.028125
0 0.428125 0.42109375 0.015625 0.025
0 0.52734375 0.39453125 0.0171875 0.021875
0 0.5453125 0.3734375 0.0125 0.0140625
0 0.4546875 0.43203125 0.01875 0.03046875
0 0.4640625 0.4125 0.015625 0.01953125
0 0.40625 0.3640625 0.00625 0.01640625
0 0.47265625 0.3875 0.0140625 0.025
0 0.4453125 0.37109375 0.009375 0.0140625
0 0.4609375 0.375 0.0125 0.01640625
0 0.4734375 0.3109375 0.00625 0.0109375
0 0.5359375 0.3609375 0.009375 0.01640625
0 0.4828125 0.36796875 0.009375 0.0140625
0 0.675 0.528125 0.028125 0.028125
0 0.46875 0.3640625 0.009375 0.01640625
0 0.45859375 0.359375 0.0109375 0.0140625
0 0.50546875 0.35546875 0.0078125 0.01640625
0 0.5203125 0.346875 0.009375 0.01640625