1 0.26484375 0.559375 0.0640625 0.08046875
0 0.271875 0.6625 0.08125 0.096875
0 0.41171875 0.5984375 0.0453125 0.0640625
0 0.73046875 0.578125 0.0515625 0.06640625
0 0.2765625 0.934375 0.11875 0.125
0 0.56328125 0.5015625 0.0328125 0.046875
0 0.38359375 0.49453125 0.0328125 0.04453125
0 0.534375 0.4125 0.015625 0.025
0 0.5984375 0.4859375 0.028125 0.0390625
0 0.415625 0.44140625 0.01875 0.03359375
0 0.446875 0.484375 0.025 0.0359375
0 0.434375 0.4109375 0.015625 0.021875
0 0.5640625 0.384375 0.0125 0.01953125
0 0.46953125 0.39296875 0.0140625 0.01953125
0 0.453125 0.4515625 0.021875 0.03046875
0 0.45625 0.421875 0.01875 0.028125
0 0.428125 0.390625 0.015625 0.01953125
0 0.5609375 0.37109375 0.015625 0.01953125
0 0.40625 0.3640625 0.00625 0.01640625
0 0.45078125 0.3875 0.0140625 0.025
0 0.56015625 0.3484375 0.0109375 0.01953125
0 0.52578125 0.33359375 0.0078125 0.01640625
0 0.465625 0.365625 0.009375 0.0140625
0 0.4828125 0.3640625 0.009375 0.01640625
0 0.4375 0.37890625 0.0125 0.01953125
0 0.4546875 0.3609375 0.009375 0.01640625
0 0.47421875 0.309375 0.0078125 0.0140625
0 0.50546875 0.35703125 0.0078125 0.0140625
0 0.54453125 0.35 0.0078125 0.0109375
0 0.55703125 0.371875 0.0078125 0.01640625