1 0.15 0.7734375 0.3 0.446875
1 0.25625 0.646875 0.090625 0.1890625
0 0.684375 0.5265625 0.0375 0.053125
0 0.90625 0.934375 0.1375 0.125
0 0.42578125 0.52890625 0.0328125 0.053125
0 0.60703125 0.615625 0.0484375 0.08046875
0 0.60390625 0.42890625 0.0203125 0.03046875
0 0.6390625 0.54453125 0.040625 0.05546875
0 0.58203125 0.44609375 0.0203125 0.0359375
0 0.45703125 0.44140625 0.0203125 0.028125
0 0.41796875 0.4375 0.0203125 0.03046875
0 0.53828125 0.425 0.0203125 0.03359375
0 0.37578125 0.45390625 0.0234375 0.0359375
0 0.5390625 0.371875 0.009375 0.01640625
0 0.39140625 0.428125 0.0203125 0.028125
0 0.41015625 0.40703125 0.0140625 0.01953125
0 0.109375 0.73046875 0.096875 0.08359375
0 0.44609375 0.3890625 0.0171875 0.021875
0 0.48046875 0.375 0.0109375 0.01640625
0 0.47421875 0.35390625 0.0140625 0.01953125
0 0.42890625 0.384375 0.0109375 0.01953125
0 0.44140625 0.3734375 0.0140625 0.01953125
0 0.40703125 0.3625 0.0046875 0.0140625
0 0.50390625 0.35703125 0.0109375 0.01953125
0 0.46484375 0.36796875 0.0109375 0.01953125
0 0.17265625 0.6515625 0.0640625 0.053125
0 0.52265625 0.35703125 0.0109375 0.01953125
0 0.1328125 0.7265625 0.05 0.075
0 0.1859375 0.62890625 0.090625 0.09140625