1 0.38125 0.40859375 0.046875 0.1
1 0.659375 0.46796875 0.078125 0.14140625
0 0.4015625 0.60546875 0.05 0.071875
0 0.121875 0.92890625 0.146875 0.1359375
0 0.44375 0.47109375 0.028125 0.0359375
0 0.36953125 0.50859375 0.0421875 0.05546875
0 0.31875 0.5109375 0.0375 0.04453125
0 0.33359375 0.571875 0.0546875 0.071875
0 0.459375 0.421875 0.01875 0.028125
0 0.415625 0.4484375 0.021875 0.03046875
0 0.4328125 0.4140625 0.015625 0.028125
0 0.53984375 0.365625 0.0109375 0.0140625
0 0.45078125 0.390625 0.0140625 0.01953125
0 0.521875 0.359375 0.009375 0.0140625
0 0.4734375 0.384375 0.0125 0.01953125
0 0.50390625 0.35859375 0.0109375 0.021875
0 0.4796875 0.35 0.009375 0.01640625
0 0.44296875 0.371875 0.0109375 0.01640625
0 0.37578125 0.4484375 0.0265625 0.01953125
0 0.53203125 0.32890625 0.0078125 0.0140625
0 0.40703125 0.3625 0.0046875 0.0140625
0 0.54609375 0.325 0.0109375 0.01640625
0 0.67421875 0.5109375 0.0421875 0.05546875
0 0.46171875 0.371875 0.0109375 0.01640625
0 0.4875 0.359375 0.009375 0.0140625
0 0.46640625 0.35703125 0.0109375 0.0140625
0 0.47890625 0.37109375 0.0109375 0.0140625