1 0.21015625 0.55859375 0.1921875 0.26640625
1 0.4125 0.39140625 0.021875 0.0390625
1 0.609375 0.415625 0.046875 0.09140625
1 0.46640625 0.39140625 0.0171875 0.03359375
0 0.428125 0.53359375 0.0375 0.05
0 0.38125 0.50546875 0.034375 0.04453125
0 0.3296875 0.59296875 0.053125 0.06953125
0 0.45234375 0.4390625 0.0234375 0.03359375
0 0.42421875 0.4265625 0.0203125 0.025
0 0.43671875 0.38046875 0.0109375 0.01640625
0 0.4578125 0.375 0.009375 0.01640625
0 0.5796875 0.4015625 0.0125 0.025
0 0.303125 0.5015625 0.009375 0.025
0 0.56640625 0.390625 0.0109375 0.0140625
0 0.29921875 0.49296875 0.0171875 0.046875
0 0.534375 0.3875 0.015625 0.01953125
0 0.52265625 0.37890625 0.0109375 0.01953125
0 0.40625 0.3625 0.00625 0.0140625
0 0.5546875 0.365625 0.009375 0.0140625
0 0.44609375 0.36796875 0.0078125 0.0140625