1 0.40859375 0.40546875 0.0203125 0.0390625
1 0.57265625 0.3859375 0.0140625 0.028125
0 0.340625 0.80859375 0.084375 0.128125
0 0.1765625 0.675 0.075 0.09453125
0 0.784375 0.64609375 0.06875 0.0859375
0 0.42265625 0.55390625 0.0359375 0.053125
0 0.64765625 0.4859375 0.0296875 0.04453125
0 0.59609375 0.6375 0.0546875 0.09140625
0 0.6859375 0.64453125 0.0625 0.0890625
0 0.3484375 0.4734375 0.028125 0.0359375
0 0.38125 0.50546875 0.03125 0.04453125
0 0.40859375 0.453125 0.0265625 0.03359375
0 0.53515625 0.41953125 0.0171875 0.028125
0 0.5546875 0.4015625 0.015625 0.025
0 0.60078125 0.4265625 0.0203125 0.03046875
0 0.44375 0.4890625 0.028125 0.0390625
0 0.58359375 0.4125 0.0140625 0.025
0 0.43203125 0.41640625 0.0171875 0.021875
0 0.4234375 0.390625 0.01875 0.025
0 0.45390625 0.4375 0.0203125 0.03046875
0 0.47265625 0.384375 0.0140625 0.01953125
0 0.46328125 0.40703125 0.0171875 0.025
0 0.44296875 0.4 0.0140625 0.021875
0 0.4453125 0.459375 0.025 0.03046875
0 0.5421875 0.37109375 0.0125 0.0140625
0 0.43984375 0.375 0.0109375 0.01640625
0 0.4484375 0.36640625 0.0125 0.01640625
0 0.521875 0.36796875 0.0125 0.01953125
0 0.48125 0.3734375 0.0125 0.0140625
0 0.52109375 0.35546875 0.0109375 0.01640625
0 0.40625 0.3640625 0.00625 0.01640625
0 0.5453125 0.35 0.009375 0.01640625
0 0.4671875 0.36796875 0.009375 0.0140625