1 0.44765625 0.38046875 0.0265625 0.05
1 0.5765625 0.3765625 0.025 0.05859375
0 0.38203125 0.62890625 0.0578125 0.08046875
0 0.38125 0.5 0.034375 0.04453125
0 0.43046875 0.41953125 0.0171875 0.028125
0 0.5515625 0.4515625 0.025 0.0359375
0 0.30390625 0.60859375 0.0609375 0.0890625
0 0.45625 0.44140625 0.021875 0.03359375
0 0.47109375 0.39609375 0.0140625 0.025
0 0.5375 0.4125 0.01875 0.025
0 0.55390625 0.3984375 0.0140625 0.025
0 0.30390625 0.6859375 0.0234375 0.08359375
0 0.525 0.38046875 0.015625 0.028125
0 0.48359375 0.3640625 0.0109375 0.01640625
0 0.57890625 0.39453125 0.0171875 0.021875
0 0.5484375 0.35703125 0.009375 0.01953125
0 0.440625 0.44609375 0.0125 0.025
0 0.40703125 0.3625 0.0046875 0.0140625
0 0.46875 0.3640625 0.009375 0.01640625
0 0.4953125 0.3375 0.009375 0.0140625
0 0.4734375 0.35 0.009375 0.01640625
0 0.53671875 0.35703125 0.0078125 0.0140625
0 0.50625 0.35546875 0.00625 0.01640625