1 0.365625 0.44609375 0.034375 0.053125
1 0.453125 0.36953125 0.021875 0.03359375
0 0.15234375 0.8875 0.1234375 0.15859375
0 0.146875 0.71953125 0.0875 0.09453125
0 0.69296875 0.5375 0.0421875 0.05859375
0 0.684375 0.9265625 0.1125 0.14140625
0 0.40859375 0.578125 0.0484375 0.06640625
0 0.359375 0.521875 0.034375 0.05
0 0.3171875 0.590625 0.053125 0.06953125
0 0.43828125 0.48046875 0.0265625 0.0390625
0 0.63125 0.46640625 0.025 0.0390625
0 0.40546875 0.465625 0.0265625 0.0359375
0 0.590625 0.47109375 0.025 0.0359375
0 0.41796875 0.39453125 0.0140625 0.021875
0 0.4640625 0.4125 0.015625 0.025
0 0.55859375 0.396875 0.0171875 0.03359375
0 0.53515625 0.415625 0.0171875 0.03046875
0 0.91328125 0.9859375 0.0703125 0.021875
0 0.44296875 0.39296875 0.0171875 0.025
0 0.528125 0.37890625 0.015625 0.025
0 0.47265625 0.3859375 0.0109375 0.021875
0 0.40625 0.365625 0.00625 0.0140625
0 0.91640625 0.965625 0.0796875 0.0640625
0 0.54140625 0.3734375 0.0109375 0.01953125
0 0.51875 0.36640625 0.00625 0.01640625
0 0.4671875 0.3625 0.009375 0.01953125
0 0.54140625 0.34453125 0.0078125 0.01640625
0 0.5578125 0.3875 0.015625 0.0140625
0 0.521875 0.365625 0.0125 0.025