1 0.56328125 0.3609375 0.0203125 0.05
1 0.4609375 0.33046875 0.015625 0.03359375
0 0.29140625 0.91796875 0.1171875 0.15859375
0 0.09921875 0.76796875 0.1078125 0.125
0 0.62890625 0.72109375 0.0703125 0.1140625
0 0.096875 0.940625 0.14375 0.1140625
0 0.34140625 0.56640625 0.0515625 0.0609375
0 0.6453125 0.48359375 0.03125 0.04453125
0 0.39765625 0.59609375 0.0453125 0.06953125
0 0.31796875 0.5109375 0.0390625 0.04453125
0 0.578125 0.434375 0.021875 0.03046875
0 0.3578125 0.46953125 0.028125 0.03359375
0 0.40390625 0.4609375 0.0234375 0.03359375
0 0.44296875 0.4734375 0.0296875 0.0359375
0 0.41015625 0.40703125 0.0140625 0.025
0 0.534375 0.4109375 0.01875 0.03359375
0 0.4515625 0.4390625 0.021875 0.028125
0 0.43828125 0.40390625 0.0171875 0.025
0 0.46796875 0.409375 0.0140625 0.025
0 0.4578125 0.37890625 0.0125 0.01953125
0 0.525 0.365625 0.009375 0.0140625
0 0.5640625 0.3734375 0.015625 0.025
0 0.4375 0.38203125 0.0125 0.0140625
0 0.4796875 0.36953125 0.0125 0.01640625
0 0.42890625 0.346875 0.0140625 0.01640625
0 0.40703125 0.3625 0.0078125 0.0140625
0 0.5171875 0.325 0.009375 0.01640625
0 0.46875 0.3609375 0.009375 0.01640625
0 0.50546875 0.35859375 0.0078125 0.01640625
0 0.475 0.34609375 0.009375 0.0140625
0 0.5484375 0.35390625 0.009375 0.01953125
0 0.41015625 0.359375 0.0140625 0.01953125