0 0.41640625 0.59453125 0.0453125 0.06640625
0 0.07734375 0.78203125 0.1109375 0.125
0 0.1328125 0.9140625 0.165625 0.16640625
0 0.35234375 0.5640625 0.0421875 0.0609375
0 0.44609375 0.47890625 0.0296875 0.046875
0 0.559375 0.4015625 0.01875 0.03046875
0 0.36796875 0.45546875 0.0265625 0.03359375
0 0.39453125 0.47890625 0.0265625 0.04140625
0 0.57734375 0.4 0.0140625 0.021875
0 0.39296875 0.4234375 0.0171875 0.025
0 0.546875 0.38046875 0.0125 0.01640625
0 0.43515625 0.37890625 0.0140625 0.01953125
0 0.4421875 0.4 0.015625 0.021875
0 0.41328125 0.4390625 0.0203125 0.0390625
0 0.41328125 0.403125 0.0140625 0.021875
0 0.478125 0.38046875 0.0125 0.01640625
0 0.45703125 0.41796875 0.0171875 0.025
0 0.521875 0.35703125 0.009375 0.0140625
0 0.46640625 0.40390625 0.0140625 0.025
0 0.45 0.38359375 0.0125 0.01640625
0 0.53984375 0.3640625 0.0109375 0.01640625
0 0.48515625 0.3625 0.0109375 0.01953125
0 0.46796875 0.3609375 0.0109375 0.01640625
0 0.40703125 0.365625 0.0046875 0.0140625
0 0.45859375 0.3609375 0.0078125 0.01640625
0 0.5046875 0.35703125 0.009375 0.0140625
0 0.47890625 0.34453125 0.0078125 0.0109375
0 0.54921875 0.35546875 0.0109375 0.01640625
0 0.46171875 0.37109375 0.0109375 0.0140625