1 0.40703125 0.39453125 0.0734375 0.08359375
0 0.125 0.74296875 0.09375 0.10859375
0 0.61953125 0.44609375 0.0234375 0.03046875
0 0.80546875 0.825 0.1140625 0.1890625
0 0.4390625 0.50859375 0.03125 0.04453125
0 0.253125 0.740625 0.0875 0.1140625
0 0.34921875 0.4734375 0.0296875 0.0359375
0 0.76640625 0.640625 0.0640625 0.09140625
0 0.39765625 0.4734375 0.0296875 0.04140625
0 0.36640625 0.5265625 0.0390625 0.046875
0 0.4453125 0.45546875 0.025 0.03359375
0 0.53046875 0.39453125 0.0171875 0.028125
0 0.5859375 0.409375 0.0125 0.01953125
0 0.55546875 0.4015625 0.0140625 0.025
0 0.46484375 0.40703125 0.0140625 0.01953125
0 0.475 0.38046875 0.0125 0.01640625
0 0.284375 0.5390625 0.015625 0.03359375
0 0.45625 0.37890625 0.0125 0.01953125
0 0.48671875 0.3609375 0.0109375 0.01640625
0 0.5578125 0.37109375 0.009375 0.0140625
0 0.44921875 0.39140625 0.0078125 0.01640625
0 0.54375 0.375 0.0125 0.01640625
0 0.521875 0.36640625 0.009375 0.01640625
0 0.28359375 0.51640625 0.0140625 0.021875
0 0.48828125 0.3375 0.0109375 0.01953125
0 0.42890625 0.46640625 0.0078125 0.01640625
0 0.50390625 0.35859375 0.0109375 0.01640625
0 0.54609375 0.3765625 0.0078125 0.0140625
0 0.46640625 0.359375 0.0078125 0.01953125