1 0.259375 0.55703125 0.06875 0.103125
0 0.42734375 0.54296875 0.0359375 0.053125
0 0.2828125 0.67109375 0.075 0.09140625
0 0.68046875 0.64296875 0.0578125 0.09140625
0 0.7515625 0.603125 0.0625 0.0890625
0 0.36015625 0.534375 0.0359375 0.053125
0 0.3140625 0.91953125 0.115625 0.15546875
0 0.6125 0.440625 0.025 0.0359375
0 0.41328125 0.4484375 0.0234375 0.0359375
0 0.3703125 0.45546875 0.025 0.03359375
0 0.44921875 0.4625 0.0234375 0.0359375
0 0.57734375 0.446875 0.0234375 0.03359375
0 0.575 0.40703125 0.015625 0.01953125
0 0.3921875 0.425 0.015625 0.028125
0 0.43203125 0.41640625 0.0171875 0.028125
0 0.46484375 0.41796875 0.0171875 0.025
0 0.43046875 0.38203125 0.0109375 0.01953125
0 0.45078125 0.3890625 0.0140625 0.021875
0 0.5375 0.4265625 0.01875 0.03046875
0 0.559375 0.375 0.009375 0.01640625
0 0.475 0.390625 0.0125 0.01953125
0 0.45390625 0.3625 0.0078125 0.0140625
0 0.54140625 0.375 0.0109375 0.01640625
0 0.40625 0.3625 0.00625 0.0140625
0 0.5328125 0.40546875 0.015625 0.021875
0 0.49453125 0.346875 0.0078125 0.0109375
0 0.5234375 0.35859375 0.009375 0.0109375
0 0.46796875 0.3484375 0.0078125 0.0140625
0 0.553125 0.3625 0.009375 0.0140625
0 0.46875 0.365625 0.009375 0.0140625
0 0.484375 0.365625 0.009375 0.0140625
0 0.50546875 0.35703125 0.0078125 0.0140625
0 0.47578125 0.3734375 0.0109375 0.0140625
0 0.52265625 0.34296875 0.0078125 0.0140625
0 0.53515625 0.35390625 0.0078125 0.0140625