1 0.6390625 0.45859375 0.0375 0.071875
0 0.78984375 0.646875 0.0734375 0.09453125
0 0.37890625 0.71953125 0.0703125 0.10546875
0 0.415625 0.56796875 0.0375 0.05859375
0 0.62578125 0.678125 0.0609375 0.10546875
0 0.3203125 0.50859375 0.034375 0.04453125
0 0.3125 0.6140625 0.05625 0.071875
0 0.4 0.4140625 0.01875 0.028125
0 0.38203125 0.509375 0.0296875 0.0359375
0 0.44296875 0.4765625 0.0265625 0.0359375
0 0.5828125 0.4484375 0.021875 0.0359375
0 0.42421875 0.42890625 0.0203125 0.025
0 0.53984375 0.41953125 0.0171875 0.028125
0 0.5296875 0.39140625 0.0125 0.021875
0 0.46640625 0.4 0.0140625 0.021875
0 0.4546875 0.4234375 0.01875 0.025
0 0.453125 0.4484375 0.021875 0.03046875
0 0.575 0.39453125 0.015625 0.021875
0 0.43125 0.39609375 0.015625 0.025
0 0.40625 0.365625 0.00625 0.0140625
0 0.47734375 0.38359375 0.0140625 0.021875
0 0.44296875 0.3734375 0.0140625 0.01953125
0 0.50546875 0.35546875 0.0078125 0.01640625
0 0.55859375 0.371875 0.0109375 0.0109375
0 0.52109375 0.34296875 0.0078125 0.0140625
0 0.59296875 0.41640625 0.0171875 0.021875
0 0.540625 0.37109375 0.009375 0.0140625
0 0.4515625 0.43046875 0.025 0.0390625
0 0.4546875 0.3640625 0.009375 0.01640625
0 0.490625 0.35390625 0.009375 0.01953125