1 0.12265625 0.7140625 0.2453125 0.428125
1 0.65703125 0.46796875 0.0796875 0.1359375
1 0.31484375 0.503125 0.0515625 0.078125
0 0.28359375 0.66953125 0.0703125 0.0890625
0 0.88203125 0.76796875 0.0984375 0.1359375
0 0.315625 0.871875 0.103125 0.1609375
0 0.39140625 0.66953125 0.0578125 0.0890625
0 0.21953125 0.775 0.1046875 0.121875
0 0.10390625 0.96640625 0.1390625 0.0609375
0 0.5921875 0.41796875 0.01875 0.025
0 0.63671875 0.54609375 0.0359375 0.05859375
0 0.5703125 0.5375 0.034375 0.05859375
0 0.54453125 0.446875 0.0234375 0.03359375
0 0.3578125 0.55703125 0.040625 0.05859375
0 0.415625 0.56796875 0.04375 0.08046875
0 0.39296875 0.421875 0.0203125 0.028125
0 0.371875 0.51640625 0.03125 0.04453125
0 0.4171875 0.39609375 0.015625 0.025
0 0.39453125 0.475 0.0296875 0.05
0 0.3671875 0.45 0.021875 0.0390625
0 0.4421875 0.49453125 0.025 0.0390625
0 0.4109375 0.45546875 0.01875 0.03359375
0 0.4390625 0.4015625 0.015625 0.01953125
0 0.55078125 0.3890625 0.0140625 0.021875
0 0.40625 0.3640625 0.00625 0.01640625
0 0.5296875 0.39609375 0.01875 0.03046875
0 0.4203125 0.43359375 0.01875 0.04453125
0 0.5453125 0.35390625 0.0125 0.0140625
0 0.4453125 0.4625 0.028125 0.0359375
0 0.428125 0.5390625 0.03125 0.05
0 0.43125 0.51796875 0.03125 0.053125
0 0.38671875 0.44609375 0.0203125 0.03046875
0 0.52265625 0.36953125 0.0109375 0.01640625
0 0.45 0.3890625 0.009375 0.01640625
0 0.5640625 0.38203125 0.009375 0.0140625
0 0.46171875 0.4125 0.0203125 0.03046875
0 0.45390625 0.45390625 0.0171875 0.0359375
0 0.240625 0.559375 0.0125 0.04140625
0 0.63359375 0.4984375 0.0140625 0.025
0 0.56875 0.3859375 0.01875 0.021875