1 0.39453125 0.40390625 0.0421875 0.075
1 0.5703125 0.396875 0.03125 0.071875
1 0.4265625 0.38203125 0.01875 0.03046875
1 0.4609375 0.328125 0.015625 0.028125
1 0.43046875 0.4140625 0.0171875 0.03359375
0 0.09453125 0.75 0.1296875 0.15
0 0.29375 0.94140625 0.115625 0.1109375
0 0.23515625 0.6015625 0.0578125 0.06953125
0 0.365625 0.70703125 0.06875 0.103125
0 0.76640625 0.63203125 0.0671875 0.096875
0 0.63984375 0.546875 0.0421875 0.0609375
0 0.290625 0.671875 0.071875 0.1
0 0.32265625 0.596875 0.0578125 0.06640625
0 0.40546875 0.62109375 0.0484375 0.075
0 0.38203125 0.509375 0.0359375 0.046875
0 0.35 0.82890625 0.084375 0.1359375
0 0.3796875 0.44296875 0.025 0.03046875
0 0.40625 0.475 0.028125 0.0390625
0 0.528125 0.396875 0.015625 0.021875
0 0.41796875 0.559375 0.0453125 0.08046875
0 0.4078125 0.4515625 0.01875 0.01953125
0 0.50390625 0.35703125 0.0109375 0.01953125
0 0.44140625 0.49140625 0.0265625 0.0390625
0 0.43125 0.51796875 0.03125 0.053125
0 0.490625 0.346875 0.009375 0.021875
0 0.4578125 0.43203125 0.01875 0.03046875
0 0.44453125 0.4640625 0.0265625 0.03359375
0 0.525 0.37890625 0.015625 0.01953125
0 0.465625 0.41640625 0.01875 0.028125
0 0.45390625 0.45390625 0.0171875 0.03046875
0 0.5515625 0.390625 0.009375 0.01953125
0 0.4734375 0.3125 0.009375 0.0140625
0 0.446875 0.36640625 0.009375 0.01640625
0 0.48125 0.36796875 0.0125 0.01953125
0 0.46015625 0.390625 0.0140625 0.01953125
0 0.45390625 0.384375 0.0140625 0.01953125
0 0.52109375 0.3515625 0.0109375 0.01953125
0 0.4296875 0.5375 0.028125 0.046875
0 0.475 0.38203125 0.0125 0.01953125