1 0.559375 0.4 0.01875 0.0390625
1 0.58828125 0.4015625 0.0203125 0.046875
0 0.1546875 0.70859375 0.096875 0.1
0 0.34765625 0.77890625 0.0890625 0.125
0 0.27109375 0.72109375 0.0828125 0.10859375
0 0.3140625 0.5125 0.040625 0.053125
0 0.4328125 0.5140625 0.03125 0.04453125
0 0.60625 0.64296875 0.05625 0.10859375
0 0.39921875 0.41796875 0.0171875 0.025
0 0.4609375 0.428125 0.01875 0.028125
0 0.33828125 0.58203125 0.0484375 0.06953125
0 0.42734375 0.415625 0.0234375 0.04140625
0 0.446875 0.390625 0.015625 0.03046875
0 0.4296875 0.38359375 0.0125 0.021875
0 0.46875 0.4 0.0125 0.021875
0 0.5234375 0.365625 0.0125 0.01953125
0 0.4765625 0.378125 0.0125 0.01640625
0 0.40703125 0.3640625 0.0046875 0.01640625
0 0.54296875 0.40703125 0.0078125 0.01953125
0 0.54453125 0.34296875 0.0078125 0.0140625
0 0.52265625 0.353125 0.0109375 0.01640625
0 0.57109375 0.3890625 0.0109375 0.021875
0 0.534375 0.34609375 0.009375 0.0140625
0 0.4484375 0.36796875 0.009375 0.0140625
0 0.45859375 0.3765625 0.0109375 0.01953125
0 0.46796875 0.3640625 0.0109375 0.01640625
0 0.45703125 0.359375 0.0109375 0.0140625
0 0.53828125 0.359375 0.0078125 0.0140625
0 0.5890625 0.3875 0.01875 0.01953125
0 0.5234375 0.35703125 0.0125 0.0359375
0 0.53203125 0.35 0.0296875 0.05546875
0 0.58984375 0.4125 0.0171875 0.025