1 0.2328125 0.565625 0.134375 0.18046875
0 0.38984375 0.6765625 0.0609375 0.09140625
0 0.59296875 0.46953125 0.0265625 0.0390625
0 0.7109375 0.5625 0.046875 0.06953125
0 0.153125 0.87109375 0.1625 0.23046875
0 0.43046875 0.52890625 0.0390625 0.0640625
0 0.365625 0.4609375 0.028125 0.0390625
0 0.4515625 0.45859375 0.025 0.03359375
0 0.41484375 0.44296875 0.0203125 0.03046875
0 0.384375 0.496875 0.03125 0.0390625
0 0.38359375 0.4359375 0.0203125 0.028125
0 0.41328125 0.4 0.0140625 0.021875
0 0.465625 0.40703125 0.01875 0.025
0 0.43203125 0.38203125 0.0140625 0.01953125
0 0.4421875 0.40390625 0.015625 0.025
0 0.47421875 0.3859375 0.0140625 0.021875
0 0.53515625 0.35859375 0.0078125 0.0109375
0 0.1625 0.56953125 0.009375 0.021875
0 0.521875 0.359375 0.009375 0.0140625
0 0.4078125 0.3625 0.00625 0.0140625
0 0.53359375 0.3359375 0.0078125 0.0109375
0 0.45546875 0.38203125 0.0109375 0.0140625
0 0.465625 0.3640625 0.009375 0.01640625
0 0.49765625 0.34609375 0.0078125 0.0140625
0 0.4421875 0.3765625 0.00625 0.0140625
0 0.5046875 0.35703125 0.009375 0.0140625
0 0.54453125 0.346875 0.0046875 0.0109375
0 0.4828125 0.3765625 0.00625 0.0140625