1 0.5625 0.36796875 0.015625 0.0359375
0 0.3421875 0.8109375 0.0875 0.13359375
0 0.90859375 0.815625 0.1265625 0.15859375
0 0.109375 0.74609375 0.140625 0.13046875
0 0.72265625 0.7140625 0.0734375 0.11640625
0 0.41796875 0.540625 0.0390625 0.053125
0 0.2546875 0.5734375 0.0625 0.075
0 0.3734375 0.5140625 0.0375 0.05546875
0 0.3828125 0.4359375 0.01875 0.028125
0 0.35390625 0.47109375 0.0296875 0.0359375
0 0.44921875 0.45546875 0.0234375 0.03359375
0 0.57890625 0.3984375 0.0140625 0.025
0 0.459375 0.425 0.01875 0.028125
0 0.4703125 0.3984375 0.0125 0.01953125
0 0.09765625 0.96640625 0.1453125 0.0609375
0 0.5328125 0.40390625 0.015625 0.025
0 0.5515625 0.39296875 0.015625 0.025
0 0.42734375 0.425 0.0171875 0.028125
0 0.4484375 0.3875 0.015625 0.01953125
0 0.42578125 0.390625 0.0140625 0.01953125
0 0.43828125 0.3765625 0.0140625 0.01953125
0 0.4765625 0.3734375 0.009375 0.01953125
0 0.4890625 0.35546875 0.0125 0.01640625
0 0.4625 0.36640625 0.0125 0.01640625
0 0.40703125 0.365625 0.0046875 0.0140625
0 0.434375 0.40859375 0.015625 0.021875
0 0.5234375 0.371875 0.0125 0.01640625
0 0.54296875 0.35 0.0078125 0.01640625
0 0.56171875 0.35703125 0.0140625 0.0140625
0 0.48046875 0.346875 0.0078125 0.01640625