0 0.13515625 0.728125 0.1015625 0.1
0 0.34765625 0.546875 0.0421875 0.05546875
0 0.17890625 0.853125 0.1234375 0.1609375
0 0.27578125 0.5609375 0.0515625 0.05546875
0 0.35 0.4765625 0.028125 0.0359375
0 0.65625 0.496875 0.034375 0.04453125
0 0.4296875 0.53359375 0.034375 0.05
0 0.57265625 0.390625 0.0140625 0.01953125
0 0.39140625 0.48046875 0.0265625 0.0390625
0 0.4015625 0.59609375 0.04375 0.06953125
0 0.671875 0.6015625 0.0625 0.1140625
0 0.4390625 0.4765625 0.028125 0.04140625
0 0.40625 0.4109375 0.015625 0.021875
0 0.41484375 0.440625 0.0234375 0.0359375
0 0.45703125 0.4390625 0.0171875 0.028125
0 0.546875 0.3875 0.0125 0.01953125
0 0.4265625 0.390625 0.0125 0.01953125
0 0.43671875 0.4109375 0.0171875 0.021875
0 0.4515625 0.384375 0.0125 0.01953125
0 0.52421875 0.38046875 0.0140625 0.021875
0 0.44140625 0.375 0.0109375 0.01640625
0 0.40625 0.365625 0.00625 0.0140625
0 0.4671875 0.40859375 0.015625 0.021875
0 0.540625 0.371875 0.009375 0.01640625
0 0.4734375 0.390625 0.0125 0.01953125
0 0.48046875 0.375 0.0109375 0.01640625
0 0.54453125 0.3484375 0.0078125 0.0140625
0 0.49453125 0.33359375 0.0078125 0.01640625
0 0.4859375 0.3625 0.009375 0.0140625
0 0.521875 0.346875 0.009375 0.01640625
0 0.4828125 0.34609375 0.009375 0.0140625
0 0.4625 0.36953125 0.009375 0.01640625
0 0.46171875 0.35859375 0.0078125 0.0109375
0 0.4703125 0.3625 0.009375 0.0140625
0 0.49375 0.3484375 0.009375 0.0140625
0 0.53125 0.3765625 0.00625 0.0140625