1 0.134375 0.6484375 0.26875 0.353125
1 0.3625 0.43046875 0.059375 0.1
1 0.24296875 0.6984375 0.1109375 0.175
1 0.4296875 0.39296875 0.03125 0.05859375
0 0.296875 0.93203125 0.121875 0.13046875
0 0.4078125 0.5859375 0.053125 0.078125
0 0.6203125 0.51796875 0.034375 0.053125
0 0.346875 0.55703125 0.04375 0.05859375
0 0.54609375 0.4609375 0.0234375 0.0390625
0 0.39140625 0.4890625 0.0296875 0.0390625
0 0.63671875 0.47890625 0.0265625 0.04140625
0 0.4375 0.48046875 0.028125 0.0390625
0 0.73984375 0.95859375 0.1109375 0.078125
0 0.53046875 0.4 0.0140625 0.021875
0 0.45546875 0.43359375 0.0171875 0.028125
0 0.55703125 0.4 0.0140625 0.021875
0 0.40625 0.3640625 0.00625 0.01640625
0 0.4640625 0.40546875 0.015625 0.021875
0 0.425 0.4265625 0.028125 0.025
0 0.44921875 0.3890625 0.0109375 0.021875
0 0.47265625 0.384375 0.0109375 0.01953125
0 0.36953125 0.3265625 0.0140625 0.0140625
0 0.503125 0.3359375 0.00625 0.0109375
0 0.56484375 0.375 0.0078125 0.0109375
0 0.29140625 0.43203125 0.0109375 0.025
0 0.50546875 0.35546875 0.0078125 0.01640625
0 0.53671875 0.3625 0.0078125 0.0140625
0 0.546875 0.35546875 0.00625 0.0109375
0 0.47109375 0.3484375 0.0078125 0.0140625
0 0.54375 0.375 0.0125 0.01640625
0 0.55390625 0.365625 0.0078125 0.0140625
0 0.5625 0.375 0.0125 0.01640625
0 0.41640625 0.43046875 0.0109375 0.01640625
0 0.4640625 0.37109375 0.0125 0.01953125
0 0.43125 0.425 0.015625 0.021875
0 0.4171875 0.39609375 0.00625 0.01953125
0 0.00234375 0.66796875 0.0046875 0.08046875