1 0.15625 0.8375 0.14375 0.23046875
1 0.415625 0.415625 0.04375 0.103125
0 0.828125 0.709375 0.0875 0.10859375
0 0.3046875 0.95390625 0.109375 0.0859375
0 0.3859375 0.6734375 0.053125 0.09140625
0 0.23203125 0.61796875 0.0640625 0.075
0 0.33828125 0.4890625 0.0296875 0.0390625
0 0.37734375 0.50703125 0.0328125 0.046875
0 0.43359375 0.49453125 0.0296875 0.04453125
0 0.09453125 0.7765625 0.1234375 0.153125
0 0.5703125 0.3875 0.009375 0.01953125
0 0.4625 0.41640625 0.01875 0.028125
0 0.38046875 0.4359375 0.0171875 0.028125
0 0.29375 0.428125 0.015625 0.03359375
0 0.40703125 0.44609375 0.0265625 0.04140625
0 0.44296875 0.396875 0.0109375 0.021875
0 0.52109375 0.35390625 0.0078125 0.0140625
0 0.55 0.3890625 0.0125 0.01640625
0 0.5390625 0.33359375 0.00625 0.01640625
0 0.14921875 0.58046875 0.0140625 0.03359375
0 0.07265625 0.42109375 0.0203125 0.03046875
0 0.4171875 0.36796875 0.01875 0.01953125
0 0.4828125 0.36640625 0.0125 0.01640625
0 0.4765625 0.384375 0.0125 0.01953125
0 0.4703125 0.3984375 0.0125 0.01953125
0 0.5421875 0.37109375 0.0125 0.0140625
0 0.5453125 0.35390625 0.00625 0.0140625
0 0.39296875 0.43203125 0.0109375 0.03046875
0 0.4734375 0.35390625 0.009375 0.0140625