1 0.3921875 0.425 0.025 0.03359375
1 0.6921875 0.521875 0.03125 0.071875
0 0.30078125 0.6375 0.0671875 0.075
0 0.4203125 0.5625 0.0375 0.05859375
0 0.125 0.93203125 0.15 0.13046875
0 0.64140625 0.484375 0.0328125 0.04140625
0 0.64921875 0.5625 0.0390625 0.05859375
0 0.31171875 0.896875 0.1296875 0.2
0 0.36640625 0.459375 0.0296875 0.04140625
0 0.4046875 0.46796875 0.028125 0.0359375
0 0.58359375 0.45703125 0.0234375 0.0359375
0 0.5953125 0.421875 0.01875 0.028125
0 0.44609375 0.47109375 0.0234375 0.0359375
0 0.0625 0.8375 0.125 0.16953125
0 0.7140625 0.5515625 0.053125 0.08046875
0 0.5578125 0.396875 0.01875 0.0390625
0 0.43125 0.4140625 0.01875 0.028125
0 0.5296875 0.3875 0.0125 0.01953125
0 0.4546875 0.44453125 0.01875 0.028125
0 0.5703125 0.3875 0.009375 0.01953125
0 0.4734375 0.390625 0.0125 0.01953125
0 0.446875 0.39140625 0.015625 0.021875
0 0.40625 0.365625 0.00625 0.0140625
0 0.4203125 0.4 0.0125 0.01640625
0 0.4734375 0.3125 0.009375 0.01953125
0 0.459375 0.378125 0.009375 0.01640625
0 0.76875 0.34140625 0.00625 0.0109375
0 0.55546875 0.36796875 0.0140625 0.01953125
0 0.434375 0.3859375 0.015625 0.021875
0 0.43671875 0.38046875 0.0109375 0.0109375
0 0.2078125 0.36640625 0.009375 0.01640625
0 0.47109375 0.359375 0.0140625 0.025
0 0.48125 0.36796875 0.0125 0.01953125
0 0.4609375 0.41640625 0.01875 0.028125