1 0.44140625 0.35390625 0.0171875 0.04140625
0 0.1515625 0.68359375 0.084375 0.09453125
0 0.38203125 0.69296875 0.0640625 0.09140625
0 0.25078125 0.71796875 0.0828125 0.103125
0 0.7484375 0.73046875 0.08125 0.121875
0 0.67109375 0.8484375 0.0984375 0.203125
0 0.39453125 0.415625 0.0203125 0.03046875
0 0.32421875 0.5015625 0.0328125 0.04140625
0 0.44296875 0.4640625 0.0265625 0.04453125
0 0.4578125 0.42890625 0.01875 0.025
0 0.353125 0.553125 0.04375 0.05546875
0 0.42734375 0.390625 0.0109375 0.01953125
0 0.4375 0.4 0.015625 0.021875
0 0.271875 0.99140625 0.08125 0.0109375
0 0.42578125 0.4234375 0.0171875 0.025
0 0.50546875 0.35703125 0.0109375 0.01953125
0 0.465625 0.403125 0.015625 0.021875
0 0.4578125 0.3765625 0.009375 0.0140625
0 0.4734375 0.38203125 0.0125 0.01953125
0 0.47421875 0.3125 0.0109375 0.01953125
0 0.703125 0.290625 0.0125 0.0140625
0 0.5234375 0.34609375 0.00625 0.0140625
0 0.55390625 0.325 0.0078125 0.01640625
0 0.46953125 0.3625 0.0109375 0.0140625
0 0.49453125 0.3375 0.0109375 0.0140625
0 0.40703125 0.365625 0.0046875 0.0140625
0 0.48125 0.36953125 0.0125 0.01640625
0 0.44765625 0.39296875 0.0109375 0.01953125