1 0.103125 0.8859375 0.20625 0.221875
0 0.36953125 0.70859375 0.0640625 0.1
0 0.159375 0.69296875 0.084375 0.096875
0 0.68984375 0.53046875 0.0390625 0.05546875
0 0.2734375 0.671875 0.065625 0.09453125
0 0.64296875 0.5640625 0.0484375 0.06640625
0 0.59375 0.41953125 0.01875 0.028125
0 0.43046875 0.5140625 0.0296875 0.04453125
0 0.3078125 0.53203125 0.040625 0.053125
0 0.5609375 0.5 0.0375 0.071875
0 0.4546875 0.44296875 0.021875 0.03046875
0 0.375 0.446875 0.021875 0.03359375
0 0.39140625 0.4734375 0.0265625 0.04140625
0 0.41796875 0.43203125 0.0203125 0.03046875
0 0.403125 0.41640625 0.015625 0.028125
0 0.43984375 0.375 0.0109375 0.01640625
0 0.43828125 0.40546875 0.0140625 0.021875
0 0.55234375 0.384375 0.0046875 0.01953125
0 0.4515625 0.3890625 0.0125 0.01640625
0 0.47421875 0.39140625 0.0140625 0.01640625
0 0.40625 0.3640625 0.00625 0.01640625
0 0.525 0.371875 0.0125 0.01640625
0 0.53359375 0.34296875 0.0078125 0.0140625
0 0.47890625 0.3734375 0.0109375 0.0140625
0 0.55 0.35546875 0.009375 0.01640625
0 0.49765625 0.334375 0.0109375 0.01953125
0 0.4609375 0.37109375 0.0125 0.0140625
0 0.4734375 0.3109375 0.009375 0.01640625
0 0.459375 0.35859375 0.009375 0.0109375
0 0.3203125 0.5265625 0.015625 0.0359375