1 0.05703125 0.79453125 0.1140625 0.371875
1 0.59140625 0.39609375 0.0421875 0.075
0 0.3765625 0.6875 0.0625 0.09140625
0 0.2 0.665625 0.075 0.0859375
0 0.37421875 0.49140625 0.0359375 0.04453125
0 0.27109375 0.6984375 0.0765625 0.096875
0 0.43359375 0.496875 0.0328125 0.04453125
0 0.4453125 0.44453125 0.021875 0.03359375
0 0.40703125 0.40859375 0.0171875 0.021875
0 0.6234375 0.509375 0.0375 0.0640625
0 0.5484375 0.384375 0.0125 0.01953125
0 0.440625 0.375 0.0125 0.01640625
0 0.52265625 0.378125 0.0109375 0.01640625
0 0.44140625 0.403125 0.0140625 0.01640625
0 0.56171875 0.3765625 0.0140625 0.0140625
0 0.4640625 0.40703125 0.01875 0.03046875
0 0.5359375 0.35390625 0.009375 0.0140625
0 0.45234375 0.359375 0.0078125 0.0140625
0 0.521875 0.35859375 0.009375 0.01640625
0 0.4515625 0.38203125 0.0125 0.01953125
0 0.57109375 0.39296875 0.0078125 0.01953125
0 0.47421875 0.390625 0.0109375 0.01953125
0 0.503125 0.35859375 0.009375 0.01640625
0 0.40625 0.3625 0.00625 0.0140625
0 0.49140625 0.353125 0.0078125 0.0109375
0 0.4609375 0.375 0.009375 0.0109375
0 0.48359375 0.3625 0.0109375 0.0140625
0 0.47890625 0.3734375 0.0109375 0.0140625
0 0.4703125 0.3640625 0.009375 0.01640625