1 0.3875 0.43359375 0.05 0.11640625
1 0.45390625 0.3640625 0.0265625 0.04453125
0 0.24921875 0.721875 0.0765625 0.1
0 0.36953125 0.71953125 0.0734375 0.1109375
0 0.60390625 0.684375 0.0609375 0.103125
0 0.80546875 0.671875 0.0765625 0.1
0 0.41015625 0.578125 0.0421875 0.06640625
0 0.7 0.665625 0.065625 0.096875
0 0.54609375 0.45390625 0.0265625 0.04140625
0 0.36328125 0.52109375 0.0390625 0.053125
0 0.59921875 0.478125 0.0265625 0.0390625
0 0.578125 0.3984375 0.015625 0.025
0 0.43125 0.52109375 0.03125 0.046875
0 0.22109375 0.5984375 0.0953125 0.1359375
0 0.42421875 0.43046875 0.0203125 0.028125
0 0.4390625 0.4734375 0.025 0.0359375
0 0.521875 0.36796875 0.0125 0.01953125
0 0.55 0.3984375 0.015625 0.025
0 0.4375 0.403125 0.015625 0.021875
0 0.4578125 0.43203125 0.01875 0.03046875
0 0.43203125 0.38046875 0.0109375 0.01640625
0 0.46484375 0.4109375 0.0171875 0.021875
0 0.4484375 0.390625 0.0125 0.01953125
0 0.46953125 0.39296875 0.0140625 0.01953125
0 0.553125 0.36640625 0.009375 0.01640625
0 0.47734375 0.38046875 0.0109375 0.01640625
0 0.53359375 0.34453125 0.0046875 0.01640625
0 0.56484375 0.37890625 0.0078125 0.0140625
0 0.5453125 0.3515625 0.00625 0.0140625
0 0.484375 0.3734375 0.00625 0.0140625