1 0.60078125 0.40546875 0.0359375 0.071875
1 0.41171875 0.4015625 0.0203125 0.0359375
0 0.20234375 0.7984375 0.1015625 0.1359375
0 0.36875 0.696875 0.06875 0.1
0 0.43359375 0.51640625 0.0359375 0.05
0 0.96015625 0.9125 0.0765625 0.15859375
0 0.63203125 0.49296875 0.0359375 0.046875
0 0.45 0.446875 0.03125 0.028125
0 0.384375 0.48203125 0.03125 0.04140625
0 0.734375 0.975 0.071875 0.04453125
0 0.43984375 0.40703125 0.0171875 0.025
0 0.3578125 0.46796875 0.025 0.0359375
0 0.52421875 0.38046875 0.0140625 0.028125
0 0.46640625 0.3984375 0.0171875 0.025
0 0.45546875 0.37890625 0.0140625 0.01953125
0 0.47578125 0.38046875 0.0109375 0.01640625
0 0.53671875 0.3609375 0.0109375 0.01640625
0 0.575 0.390625 0.015625 0.01953125
0 0.44765625 0.36953125 0.0078125 0.0109375
0 0.54765625 0.384375 0.0109375 0.01953125
0 0.40703125 0.3625 0.0046875 0.0140625
0 0.56484375 0.3765625 0.0140625 0.025
0 0.48828125 0.35390625 0.0140625 0.01953125
0 0.4640625 0.36953125 0.009375 0.01640625
0 0.60390625 0.41953125 0.0296875 0.04453125
0 0.50703125 0.35546875 0.0078125 0.01640625
0 0.51796875 0.3234375 0.0140625 0.0140625
0 0.5640625 0.3515625 0.015625 0.01953125
0 0.5625 0.38046875 0.009375 0.01640625
0 0.52265625 0.36796875 0.0109375 0.0140625
0 0.7390625 0.965625 0.115625 0.0640625