1 0.4015625 0.3890625 0.040625 0.078125
0 0.2015625 0.790625 0.1 0.14140625
0 0.72578125 0.7125 0.0765625 0.11953125
0 0.24453125 0.59453125 0.0609375 0.071875
0 0.640625 0.48046875 0.03125 0.0390625
0 0.43125 0.5140625 0.028125 0.05
0 0.31328125 0.63359375 0.0578125 0.078125
0 0.3859375 0.4875 0.034375 0.04140625
0 0.32265625 0.50546875 0.0328125 0.04453125
0 0.4171875 0.4359375 0.01875 0.028125
0 0.5828125 0.44296875 0.021875 0.0359375
0 0.35234375 0.546875 0.0453125 0.0609375
0 0.5828125 0.403125 0.015625 0.021875
0 0.42734375 0.3859375 0.0109375 0.021875
0 0.45703125 0.434375 0.0203125 0.0359375
0 0.46484375 0.40703125 0.0171875 0.025
0 0.4734375 0.384375 0.015625 0.01953125
0 0.43984375 0.4 0.0140625 0.021875
0 0.44921875 0.3875 0.0140625 0.01953125
0 0.5375 0.359375 0.0125 0.01953125
0 0.52421875 0.371875 0.0140625 0.01640625
0 0.5546875 0.359375 0.0125 0.01953125
0 0.565625 0.378125 0.009375 0.01640625
0 0.5671875 0.38359375 0.0125 0.01640625
0 0.4453125 0.36796875 0.0125 0.01953125
0 0.49921875 0.334375 0.0078125 0.01953125
0 0.48515625 0.36640625 0.0109375 0.01640625
0 0.55546875 0.34296875 0.0140625 0.0140625