1 0.34609375 0.54296875 0.0578125 0.103125
1 0.5625 0.365625 0.015625 0.0359375
1 0.421875 0.42109375 0.01875 0.0359375
0 0.2671875 0.69140625 0.071875 0.09453125
0 0.403125 0.6265625 0.05 0.075
0 0.71796875 0.68046875 0.0640625 0.09453125
0 0.27890625 0.5640625 0.0515625 0.0609375
0 0.70546875 0.55 0.0484375 0.06640625
0 0.4328125 0.5140625 0.034375 0.04453125
0 0.58671875 0.5890625 0.0453125 0.078125
0 0.59609375 0.425 0.0203125 0.028125
0 0.3890625 0.48203125 0.028125 0.0359375
0 0.3328125 0.4875 0.03125 0.04140625
0 0.58125 0.440625 0.021875 0.03046875
0 0.44765625 0.4390625 0.0203125 0.028125
0 0.38046875 0.44140625 0.0203125 0.028125
0 0.54453125 0.37890625 0.0109375 0.01953125
0 0.4625 0.40859375 0.015625 0.021875
0 0.5421875 0.44609375 0.021875 0.03046875
0 0.4015625 0.41796875 0.015625 0.025
0 0.4859375 0.3640625 0.009375 0.01640625
0 0.40625 0.3640625 0.00625 0.01640625
0 0.4734375 0.38046875 0.0125 0.01640625
0 0.0875 0.990625 0.065625 0.0140625
0 0.41015625 0.4015625 0.0109375 0.01953125
0 0.71171875 0.3140625 0.0109375 0.0109375
0 0.44140625 0.40390625 0.0140625 0.025
0 0.43671875 0.38046875 0.0140625 0.021875
0 0.5 0.3390625 0.009375 0.01640625
0 0.4734375 0.35703125 0.009375 0.0140625
0 0.4640625 0.36640625 0.009375 0.01640625
0 0.49296875 0.34140625 0.0234375 0.028125
0 0.4390625 0.3859375 0.0125 0.01640625
0 0.44609375 0.36796875 0.0078125 0.0140625
0 0.4546875 0.3625 0.009375 0.0140625
0 0.50546875 0.35703125 0.0078125 0.0140625
0 0.484375 0.34140625 0.00625 0.01640625
0 0.49296875 0.3484375 0.0078125 0.0140625
0 0.46484375 0.353125 0.0078125 0.0109375