1 0.29921875 0.58203125 0.1453125 0.2640625
1 0.4578125 0.3640625 0.021875 0.04453125
1 0.434375 0.36796875 0.021875 0.046875
0 0.634375 0.53203125 0.0375 0.05859375
0 0.0765625 0.77890625 0.125 0.1359375
0 0.3953125 0.628125 0.053125 0.071875
0 0.61484375 0.646875 0.0578125 0.0890625
0 0.60546875 0.4375 0.0203125 0.03046875
0 0.39140625 0.428125 0.0203125 0.028125
0 0.4359375 0.5015625 0.028125 0.04140625
0 0.54140625 0.41796875 0.0203125 0.0359375
0 0.43828125 0.403125 0.0171875 0.028125
0 0.42421875 0.43046875 0.0171875 0.028125
0 0.45078125 0.4359375 0.0203125 0.03359375
0 0.38046875 0.49609375 0.0265625 0.046875
0 0.5640625 0.375 0.0125 0.021875
0 0.528125 0.3890625 0.015625 0.028125
0 0.46171875 0.415625 0.0203125 0.0359375
0 0.4796875 0.3734375 0.009375 0.0140625
0 0.471875 0.3890625 0.0125 0.01640625
0 0.52109375 0.35546875 0.0078125 0.021875
0 0.340625 0.48046875 0.053125 0.0609375
0 0.4875 0.35859375 0.009375 0.01640625
0 0.54765625 0.35703125 0.0109375 0.0140625
0 0.4984375 0.34609375 0.0125 0.01953125
0 0.47421875 0.309375 0.0109375 0.0140625
0 0.540625 0.3375 0.009375 0.01953125
0 0.4765625 0.3484375 0.009375 0.0140625
0 0.4625 0.40703125 0.015625 0.01953125
0 0.4953125 0.346875 0.009375 0.01640625