0 0.17734375 0.66796875 0.0796875 0.0859375
0 0.37109375 0.75859375 0.0734375 0.11640625
0 0.6421875 0.81640625 0.0875 0.171875
0 0.66953125 0.5109375 0.0359375 0.05
0 0.33046875 0.50390625 0.0359375 0.04140625
0 0.41484375 0.44296875 0.0234375 0.0359375
0 0.36484375 0.45703125 0.0265625 0.0359375
0 0.59765625 0.421875 0.0234375 0.028125
0 0.52890625 0.4125 0.0171875 0.025
0 0.55 0.3765625 0.0125 0.025
0 0.40546875 0.40703125 0.0171875 0.025
0 0.57109375 0.4265625 0.0203125 0.03046875
0 0.43671875 0.40390625 0.0140625 0.025
0 0.45703125 0.4265625 0.0203125 0.03046875
0 0.459375 0.371875 0.0125 0.01640625
0 0.090625 0.3234375 0.009375 0.0140625
0 0.40703125 0.3625 0.0046875 0.0140625
0 0.465625 0.40546875 0.015625 0.021875
0 0.48203125 0.36640625 0.0109375 0.01640625
0 0.51796875 0.3234375 0.0109375 0.0140625
0 0.50390625 0.35859375 0.0109375 0.01640625
0 0.475 0.38359375 0.0125 0.021875
0 0.47421875 0.35546875 0.0109375 0.0109375
0 0.53359375 0.3484375 0.0078125 0.0140625
0 0.47578125 0.3140625 0.0109375 0.01640625
0 0.49140625 0.353125 0.0109375 0.01640625
0 0.52109375 0.35 0.0078125 0.01640625
0 0.45703125 0.359375 0.0078125 0.0140625
0 0.703125 0.2890625 0.0125 0.0109375
0 0.5328125 0.33203125 0.009375 0.0140625