1 0.41328125 0.39609375 0.0203125 0.0359375
0 0.61796875 0.6484375 0.0578125 0.103125
0 0.39453125 0.64296875 0.0578125 0.0859375
0 0.3078125 0.6125 0.0625 0.0859375
0 0.98359375 0.94140625 0.0296875 0.1109375
0 0.31015625 0.52109375 0.0390625 0.046875
0 0.6421875 0.475 0.034375 0.0609375
0 0.3765625 0.4484375 0.025 0.03046875
0 0.3984375 0.471875 0.028125 0.0390625
0 0.58359375 0.45703125 0.0265625 0.046875
0 0.44921875 0.45859375 0.0203125 0.03359375
0 0.46328125 0.41640625 0.0171875 0.028125
0 0.52578125 0.38359375 0.0140625 0.021875
0 0.5828125 0.40390625 0.015625 0.01953125
0 0.54921875 0.39140625 0.0140625 0.021875
0 0.5609375 0.3734375 0.0125 0.025
0 0.475 0.3875 0.0125 0.01953125
0 0.459375 0.3734375 0.0125 0.01953125
0 0.43671875 0.37890625 0.0109375 0.01953125
0 0.440625 0.403125 0.015625 0.021875
0 0.40625 0.3640625 0.00625 0.01640625
0 0.50546875 0.35546875 0.0078125 0.01640625
0 0.446875 0.390625 0.0125 0.01953125
0 0.4453125 0.36953125 0.009375 0.01640625
0 0.4640625 0.35546875 0.0125 0.0109375
0 0.53125 0.34453125 0.009375 0.01640625
0 0.49765625 0.33359375 0.0078125 0.0109375
0 0.54609375 0.3515625 0.0078125 0.0140625
0 0.521875 0.3515625 0.009375 0.0140625
0 0.48203125 0.371875 0.0109375 0.01640625
0 0.55859375 0.38046875 0.0109375 0.01640625