0 0.18828125 0.65859375 0.0734375 0.08359375
0 0.3078125 0.94453125 0.109375 0.10546875
0 0.28828125 0.5484375 0.0453125 0.05859375
0 0.975 0.896875 0.046875 0.13359375
0 0.653125 0.49296875 0.03125 0.04140625
0 0.4375 0.49609375 0.028125 0.04140625
0 0.58828125 0.4625 0.0234375 0.0359375
0 0.35859375 0.465625 0.0265625 0.0359375
0 0.565625 0.50390625 0.03125 0.046875
0 0.57734375 0.396875 0.0140625 0.021875
0 0.72734375 0.68046875 0.0734375 0.1109375
0 0.40078125 0.4609375 0.0234375 0.03359375
0 0.3984375 0.41953125 0.01875 0.028125
0 0.459375 0.43203125 0.01875 0.03046875
0 0.42421875 0.4234375 0.0171875 0.025
0 0.4390625 0.40546875 0.015625 0.021875
0 0.4203125 0.39609375 0.0125 0.01953125
0 0.4515625 0.38359375 0.0125 0.01640625
0 0.40625 0.365625 0.00625 0.0140625
0 0.43984375 0.3765625 0.0109375 0.01953125
0 0.4671875 0.40859375 0.015625 0.021875
0 0.5234375 0.35390625 0.009375 0.0140625
0 0.4765625 0.3859375 0.0125 0.01640625
0 0.47421875 0.3109375 0.0078125 0.0109375
0 0.50546875 0.35703125 0.0078125 0.0140625
0 0.46875 0.3609375 0.009375 0.01640625
0 0.4578125 0.359375 0.009375 0.0140625
0 0.69921875 0.29140625 0.0203125 0.01640625
0 0.534375 0.3484375 0.009375 0.0140625
0 0.646875 0.340625 0.00625 0.0140625
0 0.5515625 0.3234375 0.0125 0.0140625
0 0.4859375 0.3640625 0.009375 0.01640625
0 0.4515625 0.36640625 0.009375 0.01640625