1 0.3265625 0.4859375 0.04375 0.071875
1 0.45859375 0.3734375 0.0171875 0.025
0 0.3671875 0.759375 0.08125 0.11953125
0 0.4171875 0.5765625 0.04375 0.05859375
0 0.61796875 0.66796875 0.0640625 0.10859375
0 0.2609375 0.715625 0.075 0.103125
0 0.68984375 0.5375 0.0421875 0.05859375
0 0.5375 0.4140625 0.01875 0.028125
0 0.38671875 0.42890625 0.0203125 0.025
0 0.58203125 0.40546875 0.0171875 0.021875
0 0.44375 0.478125 0.025 0.0390625
0 0.4203125 0.43046875 0.01875 0.028125
0 0.45625 0.43046875 0.015625 0.028125
0 0.52265625 0.36796875 0.0109375 0.0140625
0 0.440625 0.396875 0.015625 0.021875
0 0.48515625 0.3625 0.0109375 0.0140625
0 0.54296875 0.36796875 0.0109375 0.01953125
0 0.42890625 0.384375 0.0140625 0.025
0 0.54296875 0.340625 0.0109375 0.0140625
0 0.44609375 0.36796875 0.0078125 0.0140625
0 0.46484375 0.359375 0.0171875 0.01953125
0 0.40625 0.3625 0.00625 0.0140625
0 0.46953125 0.3625 0.0078125 0.0140625
0 0.51796875 0.3234375 0.0109375 0.0140625
0 0.47578125 0.34453125 0.0078125 0.0109375
0 0.42578125 0.3890625 0.0109375 0.01640625
0 0.50546875 0.35703125 0.0078125 0.0140625
0 0.4609375 0.35546875 0.009375 0.0109375