1 0.284375 0.60546875 0.115625 0.2
1 0.4796875 0.34296875 0.0125 0.025
0 0.3 0.9484375 0.115625 0.096875
0 0.60703125 0.528125 0.0390625 0.05546875
0 0.4296875 0.5140625 0.034375 0.05546875
0 0.36171875 0.45703125 0.0265625 0.0359375
0 0.3265625 0.49453125 0.034375 0.03359375
0 0.390625 0.425 0.01875 0.028125
0 0.4265625 0.45859375 0.025 0.03359375
0 0.5359375 0.4 0.015625 0.021875
0 0.46953125 0.39453125 0.0140625 0.021875
0 0.42421875 0.428125 0.0171875 0.028125
0 0.42421875 0.39296875 0.0140625 0.01953125
0 0.4421875 0.4 0.015625 0.021875
0 0.5625 0.37890625 0.009375 0.0140625
0 0.5234375 0.3765625 0.0125 0.01953125
0 0.5234375 0.35703125 0.0125 0.01953125
0 0.49453125 0.3515625 0.0140625 0.01953125
0 0.45625 0.375 0.0125 0.01640625
0 0.53984375 0.36640625 0.0109375 0.01640625
0 0.48203125 0.36640625 0.0109375 0.01640625
0 0.55 0.384375 0.0125 0.01953125
0 0.4484375 0.36796875 0.009375 0.0140625
0 0.0109375 0.878125 0.021875 0.15
0 0.40625 0.3625 0.00625 0.0140625
0 0.45703125 0.359375 0.0078125 0.0140625
0 0.53828125 0.32890625 0.0109375 0.0140625
0 0.46875 0.3625 0.0125 0.01953125
0 0.0078125 0.7640625 0.015625 0.08359375