1 0.56796875 0.375 0.0234375 0.04453125
1 0.34453125 0.5015625 0.0828125 0.1359375
1 0.33046875 0.534375 0.1140625 0.203125
0 0.36953125 0.7484375 0.0765625 0.1140625
0 0.159375 0.684375 0.090625 0.103125
0 0.41484375 0.56953125 0.0421875 0.06640625
0 0.4375 0.49296875 0.03125 0.046875
0 0.5671875 0.50546875 0.028125 0.05
0 0.53359375 0.40390625 0.0171875 0.025
0 0.40234375 0.415625 0.0171875 0.025
0 0.59140625 0.4609375 0.0234375 0.03359375
0 0.89765625 0.9515625 0.1109375 0.09140625
0 0.45078125 0.4359375 0.0203125 0.028125
0 0.5703125 0.43203125 0.015625 0.03046875
0 0.53984375 0.3640625 0.0109375 0.01640625
0 0.43203125 0.4109375 0.0171875 0.021875
0 0.4640625 0.40859375 0.015625 0.021875
0 0.42890625 0.3875 0.0109375 0.01953125
0 0.5234375 0.378125 0.0125 0.01640625
0 0.40625 0.45703125 0.021875 0.0359375
0 0.475 0.38359375 0.0125 0.01640625
0 0.446875 0.390625 0.0125 0.01953125
0 0.40625 0.3625 0.00625 0.0140625
0 0.4484375 0.36640625 0.009375 0.0109375
0 0.47421875 0.3140625 0.0078125 0.01640625
0 0.384375 0.475 0.009375 0.021875
0 0.52109375 0.3484375 0.0078125 0.01953125
0 0.3703125 0.4984375 0.01875 0.03046875
0 0.36953125 0.3265625 0.0109375 0.0140625
0 0.45703125 0.375 0.0109375 0.01640625
0 0.5703125 0.3859375 0.015625 0.021875
0 0.28359375 0.603125 0.0203125 0.04453125
0 0.5046875 0.35546875 0.009375 0.01640625
0 0.5609375 0.36796875 0.009375 0.03046875
0 0.36171875 0.459375 0.0546875 0.053125
0 0.4578125 0.359375 0.009375 0.0140625
0 0.46796875 0.365625 0.0078125 0.0140625
0 0.49609375 0.346875 0.0078125 0.0109375
0 0.4765625 0.35859375 0.009375 0.0109375
0 0.31796875 0.60859375 0.0546875 0.05546875
0 0.38203125 0.4484375 0.0078125 0.025