1 0.1359375 0.640625 0.265625 0.3359375
1 0.4328125 0.3890625 0.034375 0.078125
1 0.3953125 0.396875 0.040625 0.08359375
0 0.403125 0.6265625 0.046875 0.075
0 0.08046875 0.9484375 0.1609375 0.096875
0 0.3140625 0.503125 0.040625 0.04453125
0 0.3390625 0.559375 0.04375 0.05859375
0 0.425 0.48046875 0.028125 0.0390625
0 0.315625 0.90703125 0.115625 0.18046875
0 0.796875 0.6609375 0.065625 0.0890625
0 0.5375 0.43046875 0.01875 0.028125
0 0.45703125 0.434375 0.0171875 0.025
0 0.75546875 0.7265625 0.0828125 0.11953125
0 0.56328125 0.50546875 0.0359375 0.05
0 0.59453125 0.41640625 0.0171875 0.021875
0 0.40546875 0.45859375 0.0265625 0.03359375
0 0.5703125 0.3875 0.0125 0.01953125
0 0.58671875 0.44453125 0.0234375 0.03359375
0 0.5484375 0.38359375 0.015625 0.01640625
0 0.4671875 0.4109375 0.01875 0.021875
0 0.1 0.36640625 0.0125 0.021875
0 0.45390625 0.384375 0.0109375 0.01953125
0 0.47578125 0.38359375 0.0109375 0.01640625
0 0.54609375 0.34453125 0.0078125 0.021875
0 0.29140625 0.42890625 0.0109375 0.03046875
0 0.55546875 0.36640625 0.0109375 0.01640625
0 0.51640625 0.3234375 0.0078125 0.0140625
0 0.48359375 0.365625 0.0109375 0.01953125
0 0.50625 0.88359375 0.134375 0.228125
0 0.2296875 0.63359375 0.021875 0.05
0 0.259375 0.525 0.01875 0.05546875