1 0.5484375 0.34609375 0.015625 0.0359375
0 0.11796875 0.75 0.0984375 0.1109375
0 0.3546875 0.75859375 0.084375 0.128125
0 0.33671875 0.57890625 0.0515625 0.0640625
0 0.13046875 0.940625 0.1578125 0.1140625
0 0.60703125 0.4859375 0.0296875 0.04453125
0 0.4390625 0.47890625 0.028125 0.0359375
0 0.3234375 0.50859375 0.03125 0.04453125
0 0.38671875 0.49296875 0.0359375 0.04140625
0 0.5609375 0.40703125 0.015625 0.025
0 0.52734375 0.37890625 0.0140625 0.025
0 0.37890625 0.446875 0.0265625 0.03359375
0 0.4328125 0.415625 0.01875 0.025
0 0.46171875 0.4125 0.0171875 0.025
0 0.4234375 0.39296875 0.0125 0.01953125
0 0.4375 0.3765625 0.0125 0.01953125
0 0.47109375 0.384375 0.0140625 0.01953125
0 0.40625 0.3625 0.00625 0.0140625
0 0.503125 0.33203125 0.00625 0.01953125
0 0.45078125 0.365625 0.0109375 0.0140625
0 0.534375 0.359375 0.009375 0.0140625
0 0.53203125 0.340625 0.0078125 0.0140625
0 0.4734375 0.309375 0.009375 0.01953125
0 0.46171875 0.37109375 0.0109375 0.01953125
0 0.4890625 0.353125 0.009375 0.01640625
0 0.48359375 0.36796875 0.0109375 0.01953125