1 0.77421875 0.5890625 0.1328125 0.228125
1 0.30703125 0.590625 0.0890625 0.16953125
1 0.36875 0.421875 0.05625 0.09453125
1 0.42265625 0.375 0.0296875 0.05546875
1 0.4484375 0.3875 0.01875 0.03046875
0 0.3515625 0.84296875 0.084375 0.146875
0 0.58203125 0.4015625 0.0171875 0.025
0 0.40625 0.459375 0.021875 0.0359375
0 0.3640625 0.51953125 0.034375 0.05
0 0.5515625 0.39140625 0.0125 0.021875
0 0.4265625 0.41796875 0.01875 0.025
0 0.29375 0.42890625 0.015625 0.03046875
0 0.45546875 0.4375 0.0203125 0.03046875
0 0.5234375 0.38359375 0.0125 0.021875
0 0.459375 0.4125 0.015625 0.025
0 0.475 0.384375 0.0125 0.01953125
0 0.421875 0.54453125 0.015625 0.0609375
0 0.4828125 0.36796875 0.0125 0.01953125
0 0.68671875 0.3140625 0.0109375 0.0109375
0 0.42109375 0.39453125 0.0171875 0.01640625
0 0.47265625 0.35546875 0.0109375 0.01640625
0 0.52109375 0.35703125 0.0109375 0.01953125
0 0.5328125 0.35 0.009375 0.01640625
0 0.47578125 0.34140625 0.0078125 0.01640625
0 0.4171875 0.39609375 0.009375 0.0140625
0 0.45 0.36796875 0.015625 0.0140625
0 0.52265625 0.3640625 0.0109375 0.01640625
0 0.4203125 0.55859375 0.009375 0.03359375