1 0.43125 0.3765625 0.01875 0.0359375
1 0.4421875 0.35859375 0.021875 0.03359375
0 0.3796875 0.72890625 0.06875 0.10859375
0 0.228125 0.615625 0.0625 0.075
0 0.3390625 0.565625 0.05 0.05859375
0 0.3609375 0.4609375 0.025 0.03359375
0 0.3984375 0.46953125 0.025 0.03359375
0 0.4453125 0.4625 0.028125 0.04140625
0 0.54140625 0.36796875 0.0109375 0.01953125
0 0.40234375 0.415625 0.0140625 0.025
0 0.4671875 0.40703125 0.015625 0.01953125
0 0.425 0.421875 0.01875 0.028125
0 0.44921875 0.390625 0.0140625 0.01953125
0 0.47578125 0.38046875 0.0109375 0.01640625
0 0.459375 0.378125 0.0125 0.01640625
0 0.53359375 0.35390625 0.0078125 0.0140625
0 0.40703125 0.365625 0.0046875 0.0140625
0 0.503125 0.3375 0.009375 0.0140625
0 0.5046875 0.35546875 0.009375 0.01640625
0 0.5234375 0.340625 0.00625 0.00859375
0 0.48125 0.36796875 0.009375 0.0140625
0 0.4875 0.3609375 0.009375 0.0109375
0 0.43125 0.38359375 0.015625 0.021875