0 0.23515625 0.615625 0.0609375 0.075
0 0.66484375 0.60859375 0.0484375 0.078125
0 0.33671875 0.578125 0.0484375 0.0609375
0 0.759375 0.62109375 0.0625 0.09140625
0 0.39765625 0.61953125 0.0546875 0.0890625
0 0.55390625 0.465625 0.0234375 0.04140625
0 0.371875 0.5109375 0.0375 0.05
0 0.38515625 0.434375 0.0234375 0.0359375
0 0.43359375 0.4984375 0.0328125 0.046875
0 0.984375 0.93203125 0.028125 0.10859375
0 0.57890625 0.56796875 0.0421875 0.0640625
0 0.575 0.425 0.01875 0.028125
0 0.44609375 0.45546875 0.0234375 0.03359375
0 0.40390625 0.409375 0.0140625 0.025
0 0.4265625 0.42109375 0.021875 0.03046875
0 0.5765625 0.3984375 0.015625 0.025
0 0.4671875 0.40546875 0.015625 0.021875
0 0.5296875 0.39609375 0.015625 0.025
0 0.55703125 0.37109375 0.0109375 0.0140625
0 0.47890625 0.375 0.0109375 0.01640625
0 0.428125 0.3875 0.0125 0.01953125
0 0.43828125 0.375 0.0109375 0.01640625
0 0.40703125 0.365625 0.0046875 0.0140625
0 0.4484375 0.390625 0.0125 0.01953125
0 0.525 0.38359375 0.0125 0.01640625
0 0.43984375 0.40546875 0.0109375 0.021875
0 0.45625 0.378125 0.009375 0.01640625
0 0.5359375 0.3609375 0.009375 0.021875
0 0.4703125 0.3890625 0.0125 0.01640625
0 0.52109375 0.34296875 0.0078125 0.0140625
0 0.47109375 0.359375 0.0078125 0.0140625
0 0.53203125 0.340625 0.0078125 0.0140625