1 0.66015625 0.55546875 0.0671875 0.14453125
1 0.43984375 0.365625 0.0140625 0.03046875
0 0.28828125 0.6484375 0.0671875 0.08046875
0 0.3125 0.884375 0.109375 0.175
0 0.075 0.80390625 0.1375 0.146875
0 0.3359375 0.48359375 0.034375 0.04453125
0 0.4015625 0.61953125 0.05 0.08359375
0 0.6296875 0.4625 0.025 0.0359375
0 0.38203125 0.434375 0.0203125 0.03046875
0 0.3796875 0.5 0.03125 0.04453125
0 0.08203125 0.94296875 0.1640625 0.10859375
0 0.54609375 0.46953125 0.0234375 0.0390625
0 0.4109375 0.4484375 0.025 0.03046875
0 0.44296875 0.46796875 0.0265625 0.0359375
0 0.59296875 0.41953125 0.0171875 0.028125
0 0.42734375 0.384375 0.0109375 0.01953125
0 0.45546875 0.4234375 0.0203125 0.03046875
0 0.53515625 0.41640625 0.0171875 0.028125
0 0.44296875 0.4015625 0.0140625 0.01953125
0 0.40625 0.3625 0.00625 0.0140625
0 0.4578125 0.378125 0.0125 0.01640625
0 0.5234375 0.36640625 0.0125 0.01640625
0 0.5046875 0.35546875 0.009375 0.01640625
0 0.45078125 0.3640625 0.0078125 0.01640625
0 0.53515625 0.3640625 0.0078125 0.0109375
0 0.66875 0.5875 0.05 0.08046875
0 0.4640625 0.3625 0.0125 0.01953125
0 0.534375 0.33359375 0.009375 0.01640625
0 0.47734375 0.346875 0.0109375 0.01640625
0 0.4890625 0.35390625 0.009375 0.01953125