1 0.9140625 0.76796875 0.16875 0.425
1 0.659375 0.528125 0.1125 0.21640625
1 0.4203125 0.378125 0.03125 0.05546875
0 0.20078125 0.81953125 0.0984375 0.128125
0 0.34375 0.83203125 0.090625 0.1359375
0 0.4015625 0.6234375 0.05625 0.0859375
0 0.59140625 0.57109375 0.0453125 0.0859375
0 0.2765625 0.553125 0.059375 0.071875
0 0.4265625 0.54296875 0.0375 0.05859375
0 0.35 0.4734375 0.028125 0.03046875
0 0.43984375 0.4859375 0.0265625 0.0390625
0 0.5375 0.43046875 0.01875 0.028125
0 0.3578125 0.53203125 0.04375 0.0640625
0 0.3796875 0.509375 0.028125 0.046875
0 0.4109375 0.45390625 0.021875 0.03046875
0 0.6125 0.3984375 0.025 0.0359375
0 0.40234375 0.41953125 0.0171875 0.028125
0 0.453125 0.45703125 0.021875 0.03046875
0 0.39296875 0.428125 0.0171875 0.028125
0 0.39375 0.465625 0.021875 0.03046875
0 0.39609375 0.48359375 0.0265625 0.0390625
0 0.553125 0.39140625 0.015625 0.021875
0 0.4203125 0.4390625 0.021875 0.028125
0 0.43203125 0.4234375 0.0171875 0.025
0 0.54375 0.346875 0.009375 0.01640625
0 0.60234375 0.3890625 0.0171875 0.028125
0 0.52109375 0.3484375 0.0078125 0.01953125
0 0.52734375 0.3875 0.0140625 0.01953125
0 0.6859375 0.53046875 0.0625 0.0609375
0 0.5875 0.41796875 0.015625 0.0359375
0 0.5640625 0.38046875 0.0125 0.01640625
0 0.67890625 0.59296875 0.0578125 0.0859375
0 0.4453125 0.4015625 0.015625 0.025
0 0.46640625 0.4109375 0.0171875 0.028125
0 0.45625 0.4390625 0.021875 0.021875
0 0.4390625 0.375 0.00625 0.01640625
0 0.68046875 0.503125 0.0546875 0.06640625
0 0.45390625 0.4234375 0.0171875 0.025