0 0.33125 0.82109375 0.1 0.1640625
0 0.14296875 0.7234375 0.0921875 0.103125
0 0.18125 0.84296875 0.128125 0.15859375
0 0.353125 0.47109375 0.028125 0.0359375
0 0.5765625 0.396875 0.0125 0.021875
0 0.4515625 0.4609375 0.021875 0.03359375
0 0.3203125 0.5390625 0.040625 0.05546875
0 0.4 0.421875 0.01875 0.021875
0 0.60625 0.475 0.028125 0.0390625
0 0.45078125 0.384375 0.0140625 0.01953125
0 0.6015625 0.4515625 0.01875 0.01953125
0 0.4078125 0.5875 0.04375 0.0640625
0 0.41640625 0.403125 0.0140625 0.021875
0 0.52421875 0.37890625 0.0140625 0.01953125
0 0.54140625 0.378125 0.0109375 0.01640625
0 0.475 0.38046875 0.0125 0.021875
0 0.534375 0.34296875 0.009375 0.01953125
0 0.09140625 0.325 0.0109375 0.01640625
0 0.28359375 0.56953125 0.0046875 0.0109375
0 0.43515625 0.3765625 0.0109375 0.0140625
0 0.3859375 0.471875 0.00625 0.0109375
0 0.428125 0.46953125 0.00625 0.0109375
0 0.40703125 0.3625 0.0046875 0.0140625
0 0.4625 0.36953125 0.009375 0.01640625
0 0.5046875 0.35703125 0.009375 0.0140625
0 0.703125 0.2890625 0.0125 0.0109375
0 0.4875 0.35 0.009375 0.01640625
0 0.52265625 0.353125 0.0109375 0.021875
0 0.4765625 0.35390625 0.009375 0.0140625
0 0.440625 0.3734375 0.00625 0.0140625
0 0.48359375 0.3734375 0.0078125 0.0140625