1 0.12578125 0.8140625 0.2515625 0.36640625
1 0.47578125 0.34453125 0.0140625 0.028125
0 0.28515625 0.54296875 0.0484375 0.053125
0 0.33984375 0.48203125 0.0328125 0.04140625
0 0.4046875 0.58046875 0.046875 0.078125
0 0.56484375 0.453125 0.0234375 0.03359375
0 0.41015625 0.45 0.0234375 0.03359375
0 0.3953125 0.496875 0.034375 0.04453125
0 0.434375 0.4125 0.015625 0.025
0 0.3765625 0.4390625 0.021875 0.03359375
0 0.46484375 0.409375 0.0171875 0.025
0 0.4140625 0.40390625 0.015625 0.01953125
0 0.24453125 0.7375 0.0171875 0.125
0 0.4515625 0.38359375 0.0125 0.021875
0 0.53046875 0.38203125 0.0140625 0.01953125
0 0.47890625 0.37109375 0.0109375 0.01953125
0 0.44453125 0.371875 0.0109375 0.01640625
0 0.49453125 0.3515625 0.0109375 0.0140625
0 0.55625 0.37109375 0.009375 0.0140625
0 0.40625 0.3640625 0.00625 0.01640625
0 0.521875 0.36796875 0.0125 0.01953125
0 0.453125 0.3625 0.00625 0.0140625
0 0.46484375 0.3640625 0.0109375 0.01640625
0 0.53984375 0.36796875 0.0109375 0.01953125
0 0.4875 0.359375 0.009375 0.0140625
0 0.50546875 0.35703125 0.0078125 0.0140625
0 0.53984375 0.3734375 0.0078125 0.0140625