1 0.43515625 0.371875 0.0515625 0.0609375
1 0.44765625 0.3765625 0.0265625 0.046875
0 0.3953125 0.65 0.053125 0.08359375
0 0.6625 0.50546875 0.034375 0.04453125
0 0.37734375 0.5109375 0.0359375 0.05
0 0.58515625 0.40703125 0.0140625 0.01953125
0 0.33203125 0.5 0.0328125 0.04453125
0 0.4140625 0.44296875 0.021875 0.03046875
0 0.59921875 0.5609375 0.0515625 0.09453125
0 0.4015625 0.41640625 0.01875 0.021875
0 0.61640625 0.5125 0.0296875 0.046875
0 0.83984375 0.70703125 0.0890625 0.11953125
0 0.43203125 0.42109375 0.0171875 0.025
0 0.5640625 0.41796875 0.01875 0.025
0 0.53125 0.40703125 0.015625 0.025
0 0.36875 0.44296875 0.0125 0.03046875
0 0.46171875 0.43046875 0.0171875 0.028125
0 0.3328125 0.59140625 0.053125 0.06640625
0 0.46484375 0.40546875 0.0171875 0.021875
0 0.47578125 0.38046875 0.0109375 0.01640625
0 0.4828125 0.3640625 0.009375 0.01640625
0 0.46640625 0.36640625 0.0109375 0.028125
0 0.49375 0.3515625 0.0125 0.0140625
0 0.56640625 0.384375 0.0140625 0.0140625
0 0.46328125 0.371875 0.0046875 0.01640625
0 0.53671875 0.359375 0.0109375 0.0140625
0 0.52109375 0.3515625 0.0078125 0.0140625
0 0.36484375 0.39453125 0.0109375 0.01640625