1 0.378125 0.6609375 0.071875 0.128125
1 0.0609375 0.8015625 0.121875 0.20859375
1 0.6125 0.41796875 0.05 0.09140625
0 0.30703125 0.95859375 0.1171875 0.078125
0 0.6609375 0.79140625 0.1 0.2109375
0 0.6953125 0.54140625 0.040625 0.05546875
0 0.42734375 0.54140625 0.0359375 0.05
0 0.3 0.65390625 0.065625 0.0859375
0 0.3515625 0.4734375 0.03125 0.0359375
0 0.909375 0.95 0.13125 0.09453125
0 0.28515625 0.540625 0.0484375 0.0640625
0 0.575 0.44140625 0.021875 0.03359375
0 0.39453125 0.48046875 0.0265625 0.0390625
0 0.440625 0.4640625 0.028125 0.03359375
0 0.56015625 0.48359375 0.0296875 0.04453125
0 0.384375 0.4359375 0.01875 0.028125
0 0.41328125 0.40546875 0.0171875 0.021875
0 0.53515625 0.4125 0.0171875 0.025
0 0.45625 0.38203125 0.0125 0.01953125
0 0.4359375 0.40703125 0.015625 0.025
0 0.40625 0.3640625 0.00625 0.01640625
0 0.54375 0.375 0.0125 0.01640625
0 0.47578125 0.390625 0.0140625 0.01953125
0 0.50390625 0.35703125 0.0109375 0.01953125
0 0.521875 0.36796875 0.0125 0.01953125
0 0.42734375 0.390625 0.0140625 0.01953125
0 0.44453125 0.37109375 0.0109375 0.01953125
0 0.41875 0.49296875 0.00625 0.0140625
0 0.47890625 0.371875 0.0140625 0.01640625
0 0.5453125 0.35 0.00625 0.01640625
0 0.5328125 0.384375 0.0125 0.025