1 0.42578125 0.41640625 0.0234375 0.0390625
0 0.17734375 0.8625 0.1171875 0.153125
0 0.31328125 0.62109375 0.0609375 0.075
0 0.39609375 0.60390625 0.0546875 0.0859375
0 0.20078125 0.6359375 0.0734375 0.0890625
0 0.340625 0.4765625 0.025 0.0359375
0 0.67265625 0.8125 0.0921875 0.18046875
0 0.396875 0.471875 0.028125 0.0390625
0 0.440625 0.4875 0.021875 0.04140625
0 0.62421875 0.45703125 0.0234375 0.0359375
0 0.53359375 0.403125 0.0171875 0.028125
0 0.57734375 0.43359375 0.0203125 0.03359375
0 0.4078125 0.40390625 0.0125 0.025
0 0.45859375 0.4359375 0.0203125 0.028125
0 0.5609375 0.38203125 0.0125 0.01953125
0 0.465625 0.40703125 0.015625 0.025
0 0.58671875 0.40703125 0.0171875 0.03046875
0 0.44140625 0.3984375 0.0140625 0.01953125
0 0.4546875 0.38203125 0.0125 0.025
0 0.5390625 0.36640625 0.0125 0.01640625
0 0.50546875 0.35546875 0.0078125 0.01640625
0 0.54765625 0.3390625 0.0109375 0.01640625
0 0.4796875 0.375 0.0125 0.01640625
0 0.46953125 0.3890625 0.0140625 0.01640625
0 0.496875 0.346875 0.009375 0.01640625
0 0.40625 0.365625 0.00625 0.0140625
0 0.53203125 0.35 0.0078125 0.01640625