1 0.38046875 0.44609375 0.0515625 0.13046875
1 0.165625 0.65703125 0.121875 0.175
1 0.4546875 0.365625 0.025 0.046875
0 0.565625 0.553125 0.0375 0.0609375
0 0.33828125 0.825 0.0953125 0.15
0 0.1859375 0.83359375 0.10625 0.13359375
0 0.40078125 0.6125 0.0484375 0.075
0 0.7125 0.5609375 0.046875 0.0609375
0 0.425 0.540625 0.034375 0.053125
0 0.6390625 0.5609375 0.04375 0.0609375
0 0.5390625 0.42890625 0.021875 0.0359375
0 0.58359375 0.4484375 0.0234375 0.03046875
0 0.4359375 0.4859375 0.025 0.0390625
0 0.4203125 0.4375 0.01875 0.03046875
0 0.57109375 0.3890625 0.0140625 0.021875
0 0.34765625 0.546875 0.0453125 0.0609375
0 0.45390625 0.4375 0.0203125 0.03046875
0 0.5203125 0.3640625 0.009375 0.01640625
0 0.4359375 0.40546875 0.01875 0.021875
0 0.42890625 0.384375 0.0109375 0.0140625
0 0.54609375 0.3875 0.0140625 0.01953125
0 0.46328125 0.41796875 0.0171875 0.025
0 0.446875 0.39453125 0.0125 0.021875
0 0.46953125 0.39609375 0.0140625 0.01953125
0 0.55 0.3625 0.00625 0.0140625
0 0.48359375 0.3734375 0.0078125 0.0140625
0 0.55390625 0.36640625 0.0109375 0.01640625
0 0.54453125 0.33203125 0.0078125 0.01953125
0 0.47578125 0.38359375 0.0109375 0.01640625
0 0.55859375 0.37109375 0.0078125 0.0140625
0 0.53359375 0.34453125 0.0046875 0.01640625