1 0.23359375 0.5484375 0.1640625 0.24140625
1 0.41328125 0.3890625 0.0296875 0.05546875
0 0.4015625 0.60546875 0.04375 0.06640625
0 0.225 0.7859375 0.1 0.13359375
0 0.6234375 0.5515625 0.04375 0.06953125
0 0.4265625 0.509375 0.03125 0.046875
0 0.68359375 0.528125 0.0421875 0.05546875
0 0.26328125 0.97890625 0.1015625 0.0359375
0 0.57890625 0.440625 0.0234375 0.0359375
0 0.384375 0.43359375 0.01875 0.028125
0 0.396875 0.47890625 0.028125 0.0359375
0 0.53671875 0.4140625 0.0171875 0.028125
0 0.4578125 0.41640625 0.01875 0.03359375
0 0.55 0.390625 0.015625 0.01953125
0 0.440625 0.403125 0.015625 0.021875
0 0.52421875 0.378125 0.0140625 0.021875
0 0.43125 0.38046875 0.009375 0.021875
0 0.47421875 0.390625 0.0140625 0.01953125
0 0.45234375 0.384375 0.0109375 0.01953125
0 0.52109375 0.35 0.0078125 0.01640625
0 0.5390625 0.36953125 0.009375 0.01640625
0 0.5328125 0.334375 0.00625 0.0140625
0 0.47265625 0.3640625 0.0203125 0.028125
0 0.4859375 0.3609375 0.009375 0.01640625
0 0.50078125 0.334375 0.0078125 0.0140625
0 0.46640625 0.365625 0.0078125 0.01953125
0 0.3125 0.48046875 0.00625 0.028125
0 0.5421875 0.353125 0.0125 0.01640625
0 0.47734375 0.36796875 0.0109375 0.01953125
0 0.28984375 0.56640625 0.0171875 0.0390625
0 0.3109375 0.478125 0.0125 0.0390625
0 0.4203125 0.3734375 0.0125 0.01953125
0 0.27265625 0.5859375 0.0203125 0.04453125