1 0.4046875 0.4515625 0.028125 0.046875
1 0.4390625 0.3609375 0.021875 0.0390625
0 0.303125 0.903125 0.121875 0.178125
0 0.12421875 0.928125 0.1515625 0.1390625
0 0.41875 0.56640625 0.0375 0.0609375
0 0.71640625 0.6609375 0.0671875 0.10546875
0 0.68671875 0.53203125 0.0390625 0.053125
0 0.35625 0.5390625 0.04375 0.05546875
0 0.28203125 0.54296875 0.0453125 0.053125
0 0.5609375 0.4765625 0.025 0.04140625
0 0.446875 0.4734375 0.025 0.0359375
0 0.3859375 0.428125 0.015625 0.03359375
0 0.52421875 0.3734375 0.0140625 0.01953125
0 0.58203125 0.40546875 0.0140625 0.021875
0 0.4578125 0.43046875 0.01875 0.028125
0 0.5671875 0.37890625 0.015625 0.01953125
0 0.42578125 0.42109375 0.0171875 0.025
0 0.5515625 0.39140625 0.0125 0.021875
0 0.4421875 0.39296875 0.015625 0.03046875
0 0.4625 0.40390625 0.015625 0.025
0 0.54609375 0.36640625 0.0109375 0.01640625
0 0.47578125 0.38203125 0.0140625 0.025
0 0.43984375 0.4 0.0140625 0.021875
0 0.49453125 0.34609375 0.0078125 0.0140625
0 0.40625 0.3640625 0.00625 0.0109375
0 0.50546875 0.35546875 0.0078125 0.01640625
0 0.46171875 0.371875 0.0109375 0.01640625
0 0.534375 0.35546875 0.009375 0.0109375
0 0.484375 0.3375 0.00625 0.0140625
0 0.47265625 0.35703125 0.0109375 0.0140625
0 0.48359375 0.3640625 0.0109375 0.01640625