1 0.2171875 0.63046875 0.11875 0.15
1 0.596875 0.465625 0.034375 0.075
0 0.16953125 0.8515625 0.1171875 0.14140625
0 0.77265625 0.79453125 0.1046875 0.16640625
0 0.9046875 0.7984375 0.125 0.1640625
0 0.6703125 0.5125 0.0375 0.046875
0 0.40625 0.59296875 0.053125 0.09140625
0 0.321875 0.60703125 0.05 0.075
0 0.37109375 0.51796875 0.0359375 0.046875
0 0.5421875 0.44140625 0.01875 0.03359375
0 0.44609375 0.4734375 0.0234375 0.0359375
0 0.30078125 0.984375 0.1015625 0.025
0 0.42421875 0.43203125 0.0203125 0.03046875
0 0.3921875 0.428125 0.021875 0.028125
0 0.52265625 0.35 0.0109375 0.021875
0 0.52734375 0.384375 0.0140625 0.01953125
0 0.4578125 0.43046875 0.01875 0.021875
0 0.5953125 0.41796875 0.01875 0.025
0 0.35234375 0.52109375 0.0140625 0.03046875
0 0.43125 0.384375 0.0125 0.01953125
0 0.44296875 0.3984375 0.0140625 0.01953125
0 0.2078125 0.36796875 0.009375 0.01953125
0 0.2578125 0.603125 0.0375 0.08359375
0 0.44453125 0.371875 0.0109375 0.01640625
0 0.55859375 0.396875 0.0140625 0.021875
0 0.4546875 0.37890625 0.0125 0.01953125
0 0.46171875 0.415625 0.0140625 0.01953125
0 0.47734375 0.37890625 0.0109375 0.01953125
0 0.26953125 0.596875 0.0140625 0.04453125
0 0.40625 0.36640625 0.00625 0.01640625
0 0.46875 0.3984375 0.0125 0.01953125
0 0.4734375 0.3125 0.009375 0.01953125
0 0.47578125 0.3515625 0.0109375 0.01953125
0 0.52109375 0.371875 0.0109375 0.01640625
0 0.48515625 0.3609375 0.0109375 0.01640625