1 0.93359375 0.775 0.1296875 0.38359375
1 0.3796875 0.4140625 0.046875 0.0890625
1 0.49140625 0.33203125 0.0109375 0.025
0 0.04921875 0.8390625 0.0984375 0.1390625
0 0.38828125 0.6515625 0.0578125 0.08046875
0 0.1859375 0.85859375 0.125 0.15546875
0 0.3046875 0.9484375 0.115625 0.096875
0 0.2953125 0.53203125 0.04375 0.053125
0 0.6703125 0.603125 0.053125 0.078125
0 0.43828125 0.50703125 0.0296875 0.04140625
0 0.34921875 0.5484375 0.0421875 0.05859375
0 0.38203125 0.4984375 0.0328125 0.046875
0 0.58984375 0.4859375 0.0296875 0.04453125
0 0.403125 0.459375 0.028125 0.0359375
0 0.45859375 0.440625 0.0203125 0.03046875
0 0.6109375 0.4375 0.021875 0.03046875
0 0.56875 0.4265625 0.01875 0.03046875
0 0.45859375 0.4140625 0.0171875 0.021875
0 0.54921875 0.39453125 0.0140625 0.021875
0 0.42265625 0.428125 0.0203125 0.028125
0 0.4375 0.409375 0.015625 0.025
0 0.440625 0.3765625 0.009375 0.01953125
0 0.5671875 0.384375 0.0125 0.0140625
0 0.59453125 0.41796875 0.0171875 0.025
0 0.4765625 0.384375 0.0125 0.01953125
0 0.45703125 0.38046875 0.0109375 0.01640625
0 0.5359375 0.365625 0.009375 0.0140625
0 0.4078125 0.40859375 0.0125 0.021875
0 0.54609375 0.35390625 0.0109375 0.01953125
0 0.50546875 0.35546875 0.0078125 0.01640625
0 0.4234375 0.39453125 0.015625 0.021875
0 0.29140625 0.4265625 0.0109375 0.025
0 0.53125 0.340625 0.00625 0.0140625
0 0.59765625 0.42109375 0.0140625 0.01953125
0 0.58984375 0.415625 0.0109375 0.01953125
0 0.453125 0.3625 0.009375 0.0140625
0 0.5546875 0.3640625 0.009375 0.01640625
0 0.40625 0.3625 0.00625 0.0140625
0 0.490625 0.3375 0.009375 0.0140625
0 0.39765625 0.43046875 0.0109375 0.01640625
0 0.4734375 0.3109375 0.009375 0.01640625
0 0.375 0.44609375 0.03125 0.025
0 0.4828125 0.36640625 0.0125 0.01640625
0 0.421875 0.4109375 0.015625 0.01640625
0 0.95234375 0.91640625 0.0921875 0.1609375