0 0.1890625 0.678125 0.084375 0.09453125
0 0.39921875 0.6375 0.0515625 0.075
0 0.31640625 0.509375 0.0390625 0.046875
0 0.79140625 0.6609375 0.0734375 0.0890625
0 0.62578125 0.6859375 0.0609375 0.1109375
0 0.3328125 0.58359375 0.05 0.06640625
0 0.57421875 0.428125 0.0203125 0.028125
0 0.365625 0.459375 0.025 0.0359375
0 0.553125 0.4765625 0.028125 0.053125
0 0.528125 0.39453125 0.015625 0.021875
0 0.41875 0.4359375 0.025 0.0390625
0 0.578125 0.396875 0.0125 0.021875
0 0.52265625 0.365625 0.0109375 0.0140625
0 0.553125 0.39453125 0.0125 0.021875
0 0.40234375 0.4140625 0.0171875 0.028125
0 0.54140625 0.37890625 0.0078125 0.0140625
0 0.45078125 0.3890625 0.0140625 0.021875
0 0.55859375 0.371875 0.0078125 0.01640625
0 0.4890625 0.35546875 0.009375 0.01640625
0 0.40625 0.3640625 0.00625 0.01640625
0 0.46953125 0.4015625 0.0140625 0.01953125
0 0.42578125 0.3875 0.0109375 0.01953125
0 0.46640625 0.3609375 0.0109375 0.01640625
0 0.540625 0.328125 0.00625 0.01640625
0 0.50390625 0.35859375 0.0109375 0.01640625
0 0.47734375 0.3734375 0.0109375 0.0140625
0 0.4734375 0.3890625 0.0125 0.01640625
0 0.459375 0.375 0.009375 0.01640625
0 0.41953125 0.39609375 0.0171875 0.025
0 0.4625 0.38203125 0.040625 0.0640625