1 0.0640625 0.75859375 0.128125 0.4109375
1 0.88359375 0.73203125 0.2296875 0.49140625
1 0.39296875 0.40390625 0.0328125 0.0640625
0 0.3609375 0.74609375 0.078125 0.11953125
0 0.6453125 0.48046875 0.025 0.0390625
0 0.60625 0.43359375 0.021875 0.028125
0 0.4140625 0.55546875 0.034375 0.05546875
0 0.4359375 0.4890625 0.03125 0.05
0 0.34609375 0.47890625 0.0359375 0.053125
0 0.27421875 0.5625 0.0484375 0.05859375
0 0.4015625 0.4609375 0.021875 0.03359375
0 0.4578125 0.43359375 0.01875 0.028125
0 0.36953125 0.4515625 0.0234375 0.0359375
0 0.525 0.384375 0.015625 0.01953125
0 0.428125 0.4234375 0.015625 0.025
0 0.890625 0.95859375 0.13125 0.078125
0 0.54140625 0.3734375 0.0109375 0.01953125
0 0.46484375 0.40546875 0.0171875 0.028125
0 0.553125 0.36640625 0.009375 0.01640625
0 0.4390625 0.403125 0.015625 0.028125
0 0.4234375 0.3875 0.0125 0.01953125
0 0.1140625 0.984375 0.08125 0.025
0 0.41484375 0.403125 0.0109375 0.021875
0 0.4609375 0.36796875 0.0125 0.01953125
0 0.97421875 0.925 0.0484375 0.10546875
0 0.49765625 0.325 0.0109375 0.0109375
0 0.52109375 0.35 0.0078125 0.01640625
0 0.38828125 0.428125 0.0140625 0.01640625
0 0.54140625 0.34296875 0.0078125 0.0140625
0 0.50546875 0.35546875 0.0078125 0.01640625
0 0.546875 0.3484375 0.00625 0.0140625
0 0.47890625 0.3765625 0.0109375 0.0140625
0 0.7796875 0.6515625 0.021875 0.046875
0 0.40625 0.3640625 0.00625 0.01640625
0 0.48203125 0.365625 0.0109375 0.01953125
0 0.47578125 0.3890625 0.0109375 0.021875
0 0.49140625 0.35390625 0.0109375 0.01953125
0 0.43828125 0.38046875 0.0109375 0.01640625
0 0.45 0.37890625 0.015625 0.01953125
0 0.37578125 0.4515625 0.0109375 0.03046875