1 0.27734375 0.89140625 0.1828125 0.2109375
1 0.72421875 0.87109375 0.1421875 0.253125
0 0.76328125 0.621875 0.0671875 0.1
0 0.38359375 0.703125 0.0609375 0.09453125
0 0.44921875 0.48203125 0.0265625 0.0359375
0 0.259375 0.5875 0.059375 0.0640625
0 0.34140625 0.48359375 0.0390625 0.05546875
0 0.2921875 0.66796875 0.06875 0.096875
0 0.38515625 0.48359375 0.0265625 0.0390625
0 0.46171875 0.41640625 0.0203125 0.03359375
0 0.59609375 0.4234375 0.0140625 0.025
0 0.390625 0.4265625 0.015625 0.025
0 0.41171875 0.453125 0.0234375 0.03359375
0 0.434375 0.37890625 0.0125 0.01953125
0 0.4171875 0.43203125 0.01875 0.03046875
0 0.440625 0.40546875 0.015625 0.021875
0 0.54296875 0.35546875 0.0078125 0.01640625
0 0.40625 0.3640625 0.00625 0.01640625
0 0.5046875 0.35703125 0.009375 0.01953125
0 0.4484375 0.3875 0.0125 0.01953125
0 0.521875 0.35390625 0.009375 0.0140625
0 0.5421875 0.34609375 0.009375 0.0140625
0 0.48671875 0.3609375 0.0109375 0.0109375
0 0.5171875 0.3234375 0.009375 0.0140625
0 0.47109375 0.3609375 0.0078125 0.0109375
0 0.55625 0.3265625 0.00625 0.0140625
0 0.4609375 0.35703125 0.00625 0.0140625
0 0.7390625 0.81640625 0.053125 0.1109375