1 0.39453125 0.4 0.0421875 0.071875
1 0.4296875 0.36796875 0.028125 0.053125
0 0.0578125 0.8359375 0.115625 0.1390625
0 0.29140625 0.95859375 0.1140625 0.078125
0 0.759375 0.76640625 0.09375 0.1390625
0 0.2265625 0.60546875 0.05625 0.06640625
0 0.3890625 0.65703125 0.05625 0.0859375
0 0.23671875 0.746875 0.0921875 0.13359375
0 0.76640625 0.6390625 0.0671875 0.0890625
0 0.59921875 0.421875 0.0203125 0.028125
0 0.43515625 0.48046875 0.0234375 0.0390625
0 0.45234375 0.4484375 0.0234375 0.03046875
0 0.54921875 0.46953125 0.0265625 0.0390625
0 0.40625 0.4625 0.025 0.0359375
0 0.5921875 0.471875 0.025 0.0390625
0 0.32109375 0.5 0.0421875 0.0609375
0 0.365625 0.459375 0.025 0.03046875
0 0.5625 0.41953125 0.01875 0.028125
0 0.371875 0.5125 0.04375 0.0640625
0 0.4234375 0.43203125 0.021875 0.025
0 0.44375 0.4 0.015625 0.021875
0 0.53046875 0.40703125 0.0171875 0.025
0 0.4203125 0.396875 0.009375 0.021875
0 0.52578125 0.38203125 0.0140625 0.01953125
0 0.58046875 0.4 0.0171875 0.021875
0 0.56953125 0.53203125 0.0328125 0.05859375
0 0.46953125 0.4015625 0.0140625 0.01953125
0 0.565625 0.51796875 0.025 0.025
0 0.56328125 0.38046875 0.0109375 0.01640625
0 0.45234375 0.384375 0.0171875 0.03046875
0 0.3203125 0.48359375 0.0375 0.028125
0 0.4828125 0.375 0.009375 0.01640625
0 0.5609375 0.33046875 0.009375 0.01640625
0 0.47421875 0.309375 0.0109375 0.01953125
0 0.3359375 0.496875 0.015625 0.04453125
0 0.55703125 0.375 0.0078125 0.01640625
0 0.48828125 0.35703125 0.0109375 0.01953125
0 0.34609375 0.484375 0.0171875 0.04140625
0 0.53984375 0.3734375 0.0109375 0.0140625
0 0.43828125 0.4484375 0.0109375 0.025
0 0.57578125 0.54296875 0.0234375 0.0359375
0 0.4734375 0.3859375 0.0125 0.01640625