1 0.25234375 0.55390625 0.1296875 0.18046875
1 0.62421875 0.44296875 0.0328125 0.05859375
0 0.175 0.8875 0.115625 0.15859375
0 0.846875 0.88046875 0.128125 0.2
0 0.72421875 0.67890625 0.0796875 0.10859375
0 0.34453125 0.4859375 0.0328125 0.0390625
0 0.44609375 0.46953125 0.0234375 0.03359375
0 0.6796875 0.51796875 0.0375 0.053125
0 0.4171875 0.440625 0.01875 0.03046875
0 0.62109375 0.5125 0.0359375 0.05859375
0 0.30078125 0.9875 0.0796875 0.01953125
0 0.46640625 0.409375 0.0171875 0.025
0 0.59765625 0.471875 0.0265625 0.0390625
0 0.440625 0.40859375 0.015625 0.021875
0 0.58984375 0.40546875 0.0171875 0.021875
0 0.4109375 0.40703125 0.015625 0.025
0 0.54296875 0.4375 0.0234375 0.04140625
0 0.5640625 0.40859375 0.015625 0.021875
0 0.45078125 0.384375 0.0140625 0.01953125
0 0.56328125 0.378125 0.0109375 0.01640625
0 0.4234375 0.390625 0.0125 0.025
0 0.546875 0.3859375 0.0125 0.01640625
0 0.53203125 0.40703125 0.0171875 0.025
0 0.40625 0.3625 0.00625 0.0140625
0 0.52578125 0.3859375 0.0140625 0.021875
0 0.465625 0.36640625 0.0125 0.01640625
0 0.546875 0.35546875 0.009375 0.0109375
0 0.5453125 0.346875 0.009375 0.01640625
0 0.48359375 0.365625 0.0109375 0.0140625
0 0.70390625 0.290625 0.0140625 0.0140625
0 0.4875 0.3359375 0.00625 0.0109375
0 0.15703125 0.99453125 0.0796875 0.00546875
0 0.52421875 0.36796875 0.0109375 0.0140625
0 0.46875 0.3859375 0.009375 0.01640625
0 0.5046875 0.35703125 0.009375 0.0140625
0 0.47421875 0.35546875 0.0109375 0.01640625
0 0.490625 0.35546875 0.009375 0.01640625
0 0.5421875 0.425 0.01875 0.01640625