1 0.803125 0.6234375 0.1875 0.2859375
0 0.1015625 0.7625 0.10625 0.1140625
0 0.6671875 0.8140625 0.090625 0.178125
0 0.29453125 0.534375 0.0421875 0.053125
0 0.32734375 0.5875 0.0546875 0.0640625
0 0.37578125 0.503125 0.0359375 0.04453125
0 0.5703125 0.540625 0.034375 0.05859375
0 0.43046875 0.5234375 0.0328125 0.046875
0 0.346875 0.825 0.0875 0.1390625
0 0.63046875 0.46640625 0.0234375 0.0390625
0 0.43984375 0.4625 0.0265625 0.0359375
0 0.36875 0.4515625 0.021875 0.03046875
0 0.65625 0.5859375 0.05 0.071875
0 0.97109375 0.884375 0.0546875 0.1859375
0 0.546875 0.45546875 0.028125 0.0390625
0 0.4140625 0.44296875 0.021875 0.03046875
0 0.434375 0.4125 0.015625 0.025
0 0.396875 0.421875 0.01875 0.028125
0 0.60625 0.4359375 0.01875 0.028125
0 0.4625 0.42109375 0.01875 0.03046875
0 0.56484375 0.38359375 0.0109375 0.021875
0 0.4296875 0.3859375 0.0125 0.01640625
0 0.57890625 0.4 0.0140625 0.021875
0 0.40625 0.3640625 0.00625 0.01640625
0 0.46796875 0.40703125 0.0140625 0.01953125
0 0.44921875 0.390625 0.0109375 0.01953125
0 0.58984375 0.4140625 0.0171875 0.021875
0 0.41328125 0.40390625 0.0171875 0.01953125
0 0.48125 0.3734375 0.0125 0.01953125
0 0.525 0.3859375 0.015625 0.028125
0 0.459375 0.371875 0.0125 0.021875
0 0.53828125 0.36953125 0.0109375 0.021875
0 0.465625 0.35859375 0.009375 0.01640625
0 0.446875 0.371875 0.009375 0.01640625
0 0.52265625 0.36796875 0.0140625 0.01953125