1 0.37890625 0.40859375 0.0546875 0.09453125
1 0.45703125 0.3640625 0.0234375 0.05
0 0.38828125 0.653125 0.0515625 0.0890625
0 0.74296875 0.7140625 0.0859375 0.15
0 0.35234375 0.54609375 0.0421875 0.053125
0 0.24375 0.59296875 0.053125 0.0640625
0 0.04140625 0.8765625 0.0828125 0.1640625
0 0.5890625 0.4125 0.01875 0.025
0 0.396875 0.47109375 0.028125 0.0359375
0 0.59453125 0.475 0.0234375 0.0390625
0 0.28828125 0.6625 0.0734375 0.103125
0 0.17734375 0.89140625 0.1171875 0.1609375
0 0.45625 0.428125 0.021875 0.028125
0 0.44609375 0.46796875 0.0296875 0.046875
0 0.46953125 0.4 0.0140625 0.021875
0 0.55625 0.396875 0.015625 0.021875
0 0.41171875 0.4 0.0140625 0.021875
0 0.4359375 0.378125 0.0125 0.0109375
0 0.43984375 0.403125 0.0140625 0.021875
0 0.56328125 0.378125 0.0109375 0.01640625
0 0.428125 0.41796875 0.015625 0.025
0 0.55234375 0.36953125 0.0140625 0.01640625
0 0.29140625 0.43046875 0.0109375 0.028125
0 0.53359375 0.35 0.0078125 0.01640625
0 0.4828125 0.371875 0.0125 0.01640625
0 0.40625 0.365625 0.00625 0.0140625
0 0.52265625 0.35546875 0.0109375 0.01640625
0 0.4921875 0.35 0.0125 0.01640625
0 0.421875 0.39609375 0.009375 0.01953125