1 0.71875 0.40546875 0.04375 0.0390625
1 0.4609375 0.328125 0.015625 0.03359375
0 0.06015625 0.8125 0.1203125 0.14140625
0 0.29453125 0.95546875 0.1109375 0.08359375
0 0.7140625 0.57109375 0.046875 0.053125
0 0.3265625 0.596875 0.059375 0.078125
0 0.65078125 0.490625 0.0328125 0.04140625
0 0.41953125 0.5609375 0.0390625 0.05546875
0 0.81328125 0.8734375 0.1171875 0.1640625
0 0.26015625 0.58203125 0.0515625 0.0640625
0 0.61328125 0.44453125 0.0203125 0.03359375
0 0.365625 0.459375 0.028125 0.0359375
0 0.39140625 0.48359375 0.0328125 0.04453125
0 0.43203125 0.49140625 0.0296875 0.0390625
0 0.55390625 0.47890625 0.0296875 0.04140625
0 0.57109375 0.43046875 0.0203125 0.028125
0 0.525 0.39140625 0.015625 0.021875
0 0.46171875 0.4125 0.0203125 0.025
0 0.425 0.425 0.01875 0.028125
0 0.521875 0.35390625 0.009375 0.01953125
0 0.47265625 0.39140625 0.0109375 0.01640625
0 0.40625 0.3625 0.00625 0.0140625
0 0.58046875 0.4015625 0.0171875 0.025
0 0.446875 0.39296875 0.015625 0.01953125
0 0.42734375 0.3875 0.0140625 0.01953125
0 0.48046875 0.371875 0.0109375 0.01640625
0 0.5546875 0.39609375 0.015625 0.025
0 0.43203125 0.40859375 0.0171875 0.021875
0 0.45859375 0.375 0.0109375 0.01640625
0 0.41953125 0.49453125 0.0109375 0.028125
0 0.45859375 0.35859375 0.0078125 0.0109375
0 0.5359375 0.3640625 0.009375 0.01640625
0 0.44140625 0.3765625 0.0109375 0.0140625
0 0.5640625 0.328125 0.009375 0.01640625
0 0.56640625 0.3875 0.0140625 0.01953125
0 0.05625 0.9375 0.1125 0.11953125
0 0.4734375 0.35703125 0.009375 0.0140625
0 0.56640625 0.471875 0.0140625 0.028125