0 0.128125 0.9265625 0.153125 0.14140625
0 0.7953125 0.7265625 0.09375 0.125
0 0.62421875 0.50546875 0.0359375 0.05546875
0 0.4234375 0.54609375 0.040625 0.053125
0 0.22578125 0.6015625 0.0640625 0.08046875
0 0.125 0.75390625 0.096875 0.10859375
0 0.3125 0.615625 0.059375 0.08046875
0 0.365625 0.459375 0.025 0.0359375
0 0.38671875 0.42890625 0.0171875 0.025
0 0.56484375 0.38046875 0.0109375 0.01640625
0 0.4578125 0.428125 0.01875 0.028125
0 0.41484375 0.44140625 0.0203125 0.03359375
0 0.3796875 0.5 0.034375 0.04453125
0 0.44140625 0.45703125 0.0234375 0.03046875
0 0.53984375 0.37109375 0.0109375 0.0140625
0 0.43125 0.41796875 0.01875 0.025
0 0.4421875 0.3984375 0.015625 0.025
0 0.52109375 0.353125 0.0078125 0.0109375
0 0.42734375 0.390625 0.0140625 0.01953125
0 0.4765625 0.38046875 0.009375 0.021875
0 0.4390625 0.38359375 0.0125 0.01640625
0 0.5484375 0.3515625 0.009375 0.0140625
0 0.46640625 0.39140625 0.0140625 0.028125
0 0.70234375 0.2890625 0.0109375 0.0109375
0 0.40703125 0.3640625 0.0046875 0.0109375
0 0.46484375 0.36953125 0.0109375 0.01640625
0 0.50546875 0.35703125 0.0078125 0.0140625