1 0.39375 0.4 0.040625 0.071875
1 0.459375 0.35859375 0.01875 0.05
0 0.70625 0.64296875 0.065625 0.09140625
0 0.67734375 0.521875 0.0390625 0.05546875
0 0.365625 0.7 0.065625 0.1
0 0.1859375 0.82109375 0.115625 0.153125
0 0.41875 0.53203125 0.0375 0.053125
0 0.42890625 0.4890625 0.0328125 0.04453125
0 0.40703125 0.45703125 0.0265625 0.0359375
0 0.45234375 0.4390625 0.0234375 0.03359375
0 0.56953125 0.4515625 0.0265625 0.0359375
0 0.60859375 0.4375 0.0203125 0.03046875
0 0.43046875 0.4140625 0.0171875 0.028125
0 0.46640625 0.4125 0.0140625 0.025
0 0.590625 0.409375 0.01875 0.025
0 0.55234375 0.35703125 0.0109375 0.025
0 0.44765625 0.39140625 0.0171875 0.028125
0 0.53515625 0.415625 0.0171875 0.03046875
0 0.09609375 0.365625 0.0109375 0.01953125
0 0.4796875 0.3734375 0.015625 0.025
0 0.415625 0.4015625 0.00625 0.01953125
0 0.559375 0.371875 0.0125 0.01640625
0 0.52734375 0.375 0.0171875 0.021875
0 0.5640625 0.409375 0.01875 0.03046875
0 0.52265625 0.3484375 0.0109375 0.01953125
0 0.55234375 0.39453125 0.0109375 0.021875