0 0.07734375 0.9359375 0.1546875 0.121875
0 0.36328125 0.53203125 0.0390625 0.053125
0 0.734375 0.59453125 0.05 0.071875
0 0.77578125 0.846875 0.1171875 0.19453125
0 0.31640625 0.5125 0.0359375 0.046875
0 0.53984375 0.446875 0.0203125 0.03359375
0 0.59765625 0.4625 0.0328125 0.0640625
0 0.38359375 0.434375 0.0203125 0.03046875
0 0.45 0.44296875 0.021875 0.03046875
0 0.425 0.3875 0.0125 0.01953125
0 0.409375 0.40546875 0.015625 0.021875
0 0.459375 0.415625 0.01875 0.025
0 0.5296875 0.384375 0.0125 0.025
0 0.56015625 0.371875 0.0109375 0.01640625
0 0.5859375 0.4140625 0.015625 0.021875
0 0.540625 0.36953125 0.009375 0.01640625
0 0.525 0.353125 0.009375 0.01640625
0 0.50390625 0.35703125 0.0109375 0.01953125
0 0.4546875 0.378125 0.0125 0.01640625
0 0.40703125 0.3640625 0.0046875 0.0109375
0 0.459375 0.35703125 0.009375 0.0140625
0 0.4890625 0.35703125 0.009375 0.0140625
0 0.5328125 0.34296875 0.00625 0.0140625
0 0.46953125 0.35859375 0.0109375 0.01640625