0 0.203125 0.8109375 0.1 0.1390625
0 0.33515625 0.49453125 0.0328125 0.04453125
0 0.1734375 0.68203125 0.084375 0.09140625
0 0.6296875 0.703125 0.06875 0.11640625
0 0.621875 0.4515625 0.021875 0.03046875
0 0.56015625 0.45703125 0.0234375 0.0359375
0 0.37578125 0.44296875 0.0234375 0.03046875
0 0.43203125 0.5125 0.0328125 0.046875
0 0.40234375 0.4140625 0.0171875 0.028125
0 0.5609375 0.3984375 0.01875 0.0359375
0 0.525 0.390625 0.0125 0.025
0 0.446875 0.45859375 0.021875 0.03359375
0 0.4421875 0.39453125 0.0125 0.021875
0 0.52421875 0.3625 0.0109375 0.0140625
0 0.46796875 0.39140625 0.0140625 0.021875
0 0.4515625 0.37890625 0.0125 0.01953125
0 0.40703125 0.3640625 0.0046875 0.0109375
0 0.528125 0.34296875 0.009375 0.0140625
0 0.5359375 0.35546875 0.00625 0.0109375
0 0.4484375 0.365625 0.009375 0.0140625
0 0.484375 0.3609375 0.009375 0.01640625
0 0.52890625 0.340625 0.0109375 0.01953125
0 0.50625 0.35703125 0.00625 0.0140625
0 0.48203125 0.35 0.0109375 0.01640625
0 0.4671875 0.3625 0.009375 0.0140625
0 0.4609375 0.3734375 0.009375 0.0140625