1 0.34375 0.5109375 0.103125 0.1890625
1 0.453125 0.3640625 0.025 0.0609375
1 0.4109375 0.3890625 0.028125 0.05546875
1 0.228125 0.54140625 0.146875 0.21640625
0 0.43046875 0.525 0.0359375 0.05546875
0 0.62578125 0.44453125 0.0234375 0.04453125
0 0.234375 0.7484375 0.090625 0.125
0 0.40078125 0.4359375 0.0234375 0.03359375
0 0.42890625 0.415625 0.0203125 0.03046875
0 0.546875 0.38046875 0.0125 0.01640625
0 0.3609375 0.73203125 0.075 0.13046875
0 0.46484375 0.4140625 0.0171875 0.021875
0 0.44609375 0.39609375 0.0140625 0.01953125
0 0.46875 0.39453125 0.0125 0.01640625
0 0.5046875 0.35703125 0.009375 0.0140625
0 0.70234375 0.315625 0.0078125 0.00859375
0 0.41171875 0.36953125 0.0234375 0.021875
0 0.3375 0.36640625 0.025 0.01640625
0 0.54375 0.346875 0.009375 0.01640625
0 0.521875 0.35 0.009375 0.0109375
0 0.53984375 0.3625 0.0078125 0.0140625
0 0.48046875 0.3734375 0.0140625 0.01953125
0 0.471875 0.359375 0.009375 0.0140625
0 0.009375 0.92890625 0.01875 0.0859375