1 0.33203125 0.4515625 0.0796875 0.14140625
1 0.4421875 0.38046875 0.028125 0.0609375
0 0.234375 0.7515625 0.090625 0.1140625
0 0.34921875 0.553125 0.0421875 0.0609375
0 0.4171875 0.55546875 0.04375 0.078125
0 0.43984375 0.471875 0.0328125 0.0390625
0 0.58125 0.44453125 0.021875 0.0390625
0 0.46171875 0.4234375 0.0203125 0.025
0 0.38671875 0.428125 0.0203125 0.028125
0 0.4234375 0.428125 0.01875 0.028125
0 0.4078125 0.453125 0.025 0.03359375
0 0.71796875 0.965625 0.0640625 0.0640625
0 0.56171875 0.3765625 0.0140625 0.01953125
0 0.2765625 0.49453125 0.01875 0.028125
0 0.55390625 0.4 0.0140625 0.021875
0 0.421875 0.39140625 0.015625 0.021875
0 0.4765625 0.3859375 0.0125 0.01640625
0 0.3859375 0.471875 0.009375 0.01640625
0 0.5421875 0.36640625 0.009375 0.01640625
0 0.4578125 0.38046875 0.00625 0.021875
0 0.40625 0.365625 0.00625 0.0140625
0 0.50390625 0.35859375 0.0109375 0.01640625
0 0.42734375 0.3890625 0.0078125 0.01640625
0 0.4828125 0.37109375 0.0125 0.01953125
0 0.55 0.3625 0.009375 0.0140625