1 0.6765625 0.49453125 0.084375 0.128125
1 0.42890625 0.36953125 0.0265625 0.05
1 0.9109375 0.82890625 0.175 0.3359375
0 0.27421875 0.690625 0.0671875 0.09140625
0 0.07578125 0.79296875 0.1296875 0.14140625
0 0.37265625 0.73359375 0.0703125 0.10546875
0 0.20546875 0.853125 0.1171875 0.15
0 0.78671875 0.65703125 0.0703125 0.09140625
0 0.5828125 0.578125 0.040625 0.06640625
0 0.415625 0.5734375 0.046875 0.075
0 0.30859375 0.51640625 0.0484375 0.05546875
0 0.365625 0.45546875 0.021875 0.028125
0 0.43359375 0.5125 0.0328125 0.046875
0 0.29296875 0.953125 0.1234375 0.0890625
0 0.571875 0.4265625 0.01875 0.03046875
0 0.36171875 0.525 0.0421875 0.0609375
0 0.5390625 0.434375 0.021875 0.03046875
0 0.52109375 0.35703125 0.0109375 0.01953125
0 0.4453125 0.4734375 0.021875 0.0359375
0 0.38359375 0.50859375 0.0296875 0.04453125
0 0.4109375 0.409375 0.015625 0.025
0 0.4109375 0.45390625 0.021875 0.03046875
0 0.396875 0.48359375 0.025 0.0390625
0 0.5296875 0.39140625 0.01875 0.028125
0 0.4 0.42109375 0.021875 0.025
0 0.54921875 0.35390625 0.0109375 0.01953125
0 0.553125 0.39296875 0.0125 0.01953125
0 0.421875 0.43359375 0.01875 0.028125
0 0.45703125 0.446875 0.0203125 0.03359375
0 0.57890625 0.403125 0.0140625 0.01640625
0 0.3953125 0.459375 0.01875 0.01953125
0 0.40859375 0.35859375 0.0140625 0.028125
0 0.434375 0.41953125 0.015625 0.028125
0 0.55625 0.37109375 0.0125 0.0140625
0 0.65 0.46953125 0.021875 0.04453125
0 0.4453125 0.4015625 0.015625 0.025
0 0.4578125 0.425 0.01875 0.028125
0 0.46875 0.40859375 0.015625 0.028125
0 0.575 0.403125 0.00625 0.01640625
0 0.6875 0.515625 0.05 0.0859375
0 0.5359375 0.3625 0.009375 0.01953125
0 0.43046875 0.46796875 0.0109375 0.01953125
0 0.4734375 0.3859375 0.015625 0.021875
0 0.39453125 0.46796875 0.0203125 0.0359375