1 0.8015625 0.64609375 0.1125 0.18046875
1 0.38671875 0.428125 0.0515625 0.078125
0 0.35859375 0.753125 0.0765625 0.11640625
0 0.38046875 0.50703125 0.0265625 0.046875
0 0.4359375 0.515625 0.028125 0.046875
0 0.58515625 0.58203125 0.0453125 0.06953125
0 0.6375 0.534375 0.0375 0.05859375
0 0.65078125 0.471875 0.0328125 0.05
0 0.55 0.4640625 0.028125 0.04453125
0 0.5875 0.40859375 0.015625 0.021875
0 0.58125 0.446875 0.021875 0.03359375
0 0.5328125 0.396875 0.015625 0.021875
0 0.44453125 0.396875 0.0140625 0.021875
0 0.5578125 0.36796875 0.009375 0.01953125
0 0.46640625 0.40546875 0.0140625 0.021875
0 0.478125 0.37890625 0.0125 0.01953125
0 0.14921875 0.58203125 0.0140625 0.03046875
0 0.43515625 0.38046875 0.0109375 0.01640625
0 0.29140625 0.42890625 0.0109375 0.03046875
0 0.45625 0.38046875 0.0125 0.01640625
0 0.40703125 0.3625 0.0046875 0.0140625
0 0.55 0.35703125 0.009375 0.01953125
0 0.70390625 0.290625 0.0140625 0.0140625
0 0.4546875 0.35703125 0.009375 0.01953125
0 0.3703125 0.3265625 0.0125 0.0140625
0 0.44375 0.37109375 0.009375 0.01953125
0 0.5390625 0.36640625 0.009375 0.01640625
0 0.5234375 0.36953125 0.0125 0.01640625
0 0.4640625 0.36796875 0.009375 0.0140625
0 0.45859375 0.38203125 0.0546875 0.075