1 0.02109375 0.8234375 0.0421875 0.303125
0 0.34375 0.78359375 0.084375 0.128125
0 0.31015625 0.5125 0.0390625 0.046875
0 0.59296875 0.5859375 0.0484375 0.08359375
0 0.4171875 0.56953125 0.040625 0.0609375
0 0.82578125 0.8265625 0.1109375 0.203125
0 0.6640625 0.49296875 0.046875 0.075
0 0.3421875 0.5625 0.04375 0.05859375
0 0.61328125 0.4484375 0.0234375 0.03046875
0 0.4421875 0.4640625 0.028125 0.0390625
0 0.59296875 0.46953125 0.0265625 0.0390625
0 0.36875 0.51953125 0.0375 0.04453125
0 0.24921875 0.58359375 0.0671875 0.0890625
0 0.528125 0.39453125 0.015625 0.021875
0 0.3953125 0.471875 0.021875 0.0390625
0 0.0203125 0.9015625 0.040625 0.146875
0 0.3875 0.43203125 0.01875 0.025
0 0.58828125 0.4125 0.0140625 0.025
0 0.24609375 0.5359375 0.0484375 0.0390625
0 0.37109375 0.465625 0.0265625 0.0359375
0 0.43671875 0.378125 0.0109375 0.01640625
0 0.459375 0.428125 0.01875 0.028125
0 0.41640625 0.44296875 0.0203125 0.03046875
0 0.4078125 0.4109375 0.015625 0.021875
0 0.4203125 0.39296875 0.0125 0.01953125
0 0.56015625 0.378125 0.0109375 0.021875
0 0.40625 0.3640625 0.00625 0.01640625
0 0.43671875 0.40859375 0.0109375 0.021875
0 0.42734375 0.4234375 0.0171875 0.025
0 0.5234375 0.3734375 0.0125 0.0140625
0 0.45234375 0.38359375 0.0109375 0.01640625
0 0.48828125 0.359375 0.0078125 0.0140625
0 0.52109375 0.3515625 0.0109375 0.01953125
0 0.5046875 0.35703125 0.009375 0.01953125
0 0.4703125 0.39453125 0.009375 0.01640625
0 0.55 0.3625 0.009375 0.01953125
0 0.47890625 0.3765625 0.0109375 0.0140625
0 0.54765625 0.3234375 0.0171875 0.0140625
0 0.46328125 0.371875 0.0109375 0.01640625
0 0.46484375 0.40859375 0.0171875 0.021875
0 0.45703125 0.3609375 0.0078125 0.01640625
0 0.46875 0.3609375 0.009375 0.01640625
0 0.5359375 0.359375 0.009375 0.0140625
0 0.02109375 0.734375 0.0421875 0.11953125
0 0.57109375 0.3890625 0.0140625 0.01640625