1 0.44375 0.37890625 0.028125 0.046875
0 0.11171875 0.7609375 0.1046875 0.11640625
0 0.31171875 0.5234375 0.0421875 0.053125
0 0.415625 0.5875 0.046875 0.0640625
0 0.1015625 0.95 0.14375 0.09453125
0 0.6796875 0.5234375 0.040625 0.053125
0 0.584375 0.5375 0.034375 0.05859375
0 0.384375 0.503125 0.034375 0.04453125
0 0.44140625 0.45859375 0.0234375 0.03359375
0 0.4640625 0.41640625 0.01875 0.028125
0 0.5875 0.40546875 0.015625 0.028125
0 0.4328125 0.415625 0.015625 0.025
0 0.54140625 0.43046875 0.0203125 0.028125
0 0.55859375 0.40703125 0.0171875 0.025
0 0.56796875 0.38203125 0.0140625 0.01953125
0 0.428125 0.3875 0.00625 0.01953125
0 0.46171875 0.371875 0.0109375 0.01640625
0 0.4796875 0.375 0.009375 0.01640625
0 0.52890625 0.40703125 0.0171875 0.025
0 0.54921875 0.38359375 0.0140625 0.01640625
0 0.40703125 0.3625 0.0046875 0.0140625
0 0.54140625 0.37109375 0.0109375 0.0140625
0 0.54140625 0.32890625 0.0109375 0.01953125
0 0.521875 0.3609375 0.009375 0.01640625
0 0.525 0.38359375 0.015625 0.01640625
0 0.503125 0.34140625 0.00625 0.01640625
0 0.46875 0.34609375 0.009375 0.0140625
0 0.4859375 0.3625 0.009375 0.0140625
0 0.46875 0.3625 0.009375 0.0140625