1 0.22578125 0.73203125 0.1265625 0.203125
0 0.7890625 0.64453125 0.065625 0.09453125
0 0.396875 0.61796875 0.05 0.075
0 0.31875 0.596875 0.05 0.06640625
0 0.78203125 0.8125 0.1109375 0.15859375
0 0.2234375 0.6109375 0.0625 0.06640625
0 0.43828125 0.4859375 0.0265625 0.0390625
0 0.609375 0.44140625 0.028125 0.03359375
0 0.60390625 0.63046875 0.0609375 0.128125
0 0.3328125 0.503125 0.034375 0.04453125
0 0.459375 0.428125 0.01875 0.028125
0 0.38515625 0.434375 0.0203125 0.03046875
0 0.4046875 0.45390625 0.025 0.0359375
0 0.41015625 0.409375 0.0140625 0.025
0 0.52734375 0.38359375 0.0140625 0.021875
0 0.425 0.42109375 0.01875 0.03046875
0 0.56015625 0.396875 0.0078125 0.021875
0 0.55234375 0.359375 0.0078125 0.0140625
0 0.40625 0.3625 0.00625 0.0140625
0 0.4765625 0.3859375 0.0125 0.01640625
0 0.44375 0.3984375 0.0125 0.01953125
0 0.44453125 0.36953125 0.0109375 0.01640625
0 0.45546875 0.38359375 0.0109375 0.01640625
0 0.56015625 0.39140625 0.0046875 0.0109375
0 0.5234375 0.37109375 0.009375 0.0140625
0 0.46328125 0.36953125 0.0109375 0.01640625
0 0.496875 0.32890625 0.00625 0.0140625
0 0.53359375 0.346875 0.0078125 0.0109375
0 0.50390625 0.35703125 0.0109375 0.01953125
0 0.4625 0.35546875 0.009375 0.0109375
0 0.5421875 0.346875 0.009375 0.0109375