1 0.1984375 0.584375 0.196875 0.25859375
1 0.2671875 0.5359375 0.059375 0.1609375
0 0.4015625 0.60859375 0.05 0.071875
0 0.5703125 0.425 0.01875 0.028125
0 0.3625 0.53203125 0.040625 0.05859375
0 0.32265625 0.50546875 0.0359375 0.04453125
0 0.44765625 0.47109375 0.0234375 0.0359375
0 0.40859375 0.4625 0.0234375 0.0359375
0 0.4046875 0.40859375 0.015625 0.028125
0 0.55234375 0.3890625 0.0140625 0.021875
0 0.56953125 0.3875 0.0109375 0.01953125
0 0.43046875 0.384375 0.0109375 0.01953125
0 0.45546875 0.4265625 0.0203125 0.025
0 0.43359375 0.4109375 0.0140625 0.021875
0 0.4640625 0.40390625 0.015625 0.025
0 0.44765625 0.39140625 0.0140625 0.021875
0 0.53984375 0.36953125 0.0109375 0.01640625
0 0.54140625 0.3390625 0.0078125 0.01640625
0 0.40625 0.365625 0.00625 0.0140625
0 0.54375 0.3515625 0.009375 0.0140625
0 0.48046875 0.36953125 0.0109375 0.01640625
0 0.46640625 0.3640625 0.0109375 0.01640625
0 0.521875 0.353125 0.00625 0.0109375
0 0.45703125 0.359375 0.0078125 0.0140625
0 0.26640625 0.596875 0.0171875 0.04453125
0 0.290625 0.509375 0.015625 0.04140625
0 0.475 0.353125 0.009375 0.01640625
0 0.50546875 0.35703125 0.0078125 0.0140625
0 0.334375 0.503125 0.0125 0.03359375
0 0.25703125 0.60546875 0.0359375 0.0609375