1 0.36015625 0.4265625 0.0578125 0.096875
1 0.19375 0.6375 0.090625 0.1140625
1 0.6171875 0.4984375 0.0375 0.08046875
0 0.10390625 0.94609375 0.1359375 0.103125
0 0.3640625 0.734375 0.071875 0.10859375
0 0.421875 0.55859375 0.040625 0.05546875
0 0.31484375 0.61953125 0.0578125 0.078125
0 0.140625 0.721875 0.10625 0.11640625
0 0.38203125 0.496875 0.0359375 0.05
0 0.3265625 0.50859375 0.034375 0.04453125
0 0.5484375 0.475 0.025 0.04453125
0 0.44375 0.471875 0.03125 0.0390625
0 0.60078125 0.4234375 0.0203125 0.025
0 0.40625 0.4125 0.015625 0.025
0 0.528125 0.403125 0.015625 0.028125
0 0.56875 0.43203125 0.01875 0.0359375
0 0.55546875 0.39453125 0.0140625 0.021875
0 0.43203125 0.41796875 0.0171875 0.025
0 0.5828125 0.403125 0.015625 0.021875
0 0.40625 0.365625 0.00625 0.0140625
0 0.4640625 0.4140625 0.015625 0.021875
0 0.52265625 0.37109375 0.0109375 0.01953125
0 0.55859375 0.3765625 0.0109375 0.0140625
0 0.42265625 0.3859375 0.0140625 0.021875
0 0.459375 0.35703125 0.009375 0.0140625
0 0.45234375 0.38359375 0.0109375 0.01640625
0 0.38359375 0.44296875 0.0140625 0.025
0 0.55078125 0.3234375 0.0109375 0.00859375
0 0.44375 0.37109375 0.009375 0.0140625
0 0.38984375 0.41640625 0.0078125 0.021875
0 0.4421875 0.39453125 0.015625 0.021875
0 0.4734375 0.309375 0.009375 0.0140625
0 0.5796875 0.403125 0.009375 0.01640625
0 0.4625 0.3734375 0.009375 0.0140625
0 0.5375 0.365625 0.009375 0.0140625
0 0.33671875 0.484375 0.0140625 0.01953125
0 0.47265625 0.35703125 0.0109375 0.0140625
0 0.6125 0.47109375 0.028125 0.03046875
0 0.43359375 0.384375 0.0078125 0.01953125
0 0.47109375 0.396875 0.0140625 0.021875
0 0.55 0.3625 0.009375 0.01953125