1 0.325 0.465625 0.0875 0.1359375
1 0.4078125 0.390625 0.034375 0.0640625
1 0.36875 0.4984375 0.046875 0.075
1 0.45234375 0.3734375 0.0234375 0.046875
0 0.22265625 0.790625 0.1046875 0.14140625
0 0.65078125 0.78046875 0.0828125 0.14453125
0 0.4234375 0.54296875 0.0375 0.053125
0 0.68984375 0.634375 0.0578125 0.09140625
0 0.38984375 0.6359375 0.0546875 0.078125
0 0.2328125 0.6234375 0.06875 0.075
0 0.31875 0.61796875 0.05625 0.075
0 0.58125 0.45 0.021875 0.03359375
0 0.4078125 0.453125 0.025 0.03359375
0 0.44765625 0.45859375 0.0265625 0.0390625
0 0.6046875 0.43046875 0.01875 0.028125
0 0.4296875 0.4234375 0.01875 0.025
0 0.459375 0.415625 0.01875 0.025
0 0.56171875 0.378125 0.0109375 0.0109375
0 0.45 0.3875 0.015625 0.025
0 0.55 0.38359375 0.0125 0.01640625
0 0.55859375 0.40703125 0.0140625 0.025
0 0.53046875 0.34296875 0.0078125 0.0140625
0 0.57734375 0.40546875 0.0078125 0.01640625
0 0.471875 0.3890625 0.0125 0.021875
0 0.5484375 0.321875 0.009375 0.0109375
0 0.49765625 0.340625 0.0078125 0.01953125
0 0.5046875 0.35703125 0.009375 0.01953125
0 0.58046875 0.40390625 0.0140625 0.01953125
0 0.346875 0.50390625 0.009375 0.0359375
0 0.703125 0.290625 0.0125 0.0140625
0 0.440625 0.375 0.00625 0.01640625
0 0.5421875 0.34140625 0.00625 0.0109375
0 0.40234375 0.40390625 0.0203125 0.0359375
0 0.48125 0.365625 0.009375 0.0140625
0 0.490625 0.303125 0.009375 0.0109375
0 0.5390625 0.3265625 0.00625 0.0140625