1 0.43125 0.38359375 0.034375 0.09453125
1 0.4078125 0.434375 0.03125 0.0640625
0 0.38125 0.70390625 0.059375 0.096875
0 0.23046875 0.60390625 0.0578125 0.06953125
0 0.10703125 0.9390625 0.1421875 0.11640625
0 0.41796875 0.55 0.0390625 0.0609375
0 0.63515625 0.528125 0.0453125 0.071875
0 0.38203125 0.49609375 0.0296875 0.04140625
0 0.3671875 0.4484375 0.025 0.0359375
0 0.4421875 0.475 0.028125 0.0390625
0 0.3171875 0.50390625 0.028125 0.04140625
0 0.528125 0.4015625 0.015625 0.025
0 0.553125 0.47890625 0.025 0.04140625
0 0.575 0.43203125 0.021875 0.0359375
0 0.38828125 0.4234375 0.0140625 0.025
0 0.01171875 0.87890625 0.0234375 0.1640625
0 0.60546875 0.43046875 0.0203125 0.028125
0 0.340625 0.5484375 0.05625 0.0859375
0 0.94609375 0.98359375 0.0953125 0.028125
0 0.459375 0.4140625 0.015625 0.028125
0 0.4515625 0.440625 0.021875 0.03046875
0 0.52109375 0.35859375 0.0078125 0.01640625
0 0.4125 0.359375 0.021875 0.025
0 0.4671875 0.39453125 0.0125 0.021875
0 0.9453125 0.96640625 0.096875 0.0609375
0 0.45703125 0.375 0.0109375 0.01640625
0 0.546875 0.38359375 0.0125 0.01640625
0 0.703125 0.29140625 0.0125 0.0109375
0 0.53359375 0.3515625 0.0078125 0.0140625
0 0.48046875 0.3734375 0.0109375 0.0140625
0 0.5625 0.37890625 0.0125 0.0140625
0 0.5875 0.4109375 0.015625 0.021875
0 0.425 0.415625 0.025 0.0359375
0 0.37109375 0.3265625 0.0140625 0.0140625
0 0.7078125 0.31796875 0.009375 0.00859375
0 0.47578125 0.35546875 0.0109375 0.01640625
0 0.5453125 0.35390625 0.00625 0.0140625
0 0.6921875 0.29140625 0.00625 0.0109375
0 0.403125 0.3640625 0.0125 0.01640625
0 0.4859375 0.3625 0.009375 0.0140625
0 0.009375 0.75703125 0.01875 0.103125
0 0.46640625 0.3640625 0.0078125 0.0109375