1 0.41640625 0.38046875 0.0296875 0.0609375
0 0.16875 0.859375 0.109375 0.1359375
0 0.7828125 0.6390625 0.06875 0.1
0 0.05859375 0.8125 0.1171875 0.14140625
0 0.41015625 0.6015625 0.0453125 0.0640625
0 0.6375 0.47109375 0.028125 0.0359375
0 0.6046875 0.6390625 0.059375 0.10546875
0 0.559375 0.4875 0.025 0.04140625
0 0.35546875 0.540625 0.0390625 0.053125
0 0.3234375 0.60703125 0.053125 0.075
0 0.43359375 0.490625 0.0359375 0.046875
0 0.35078125 0.47109375 0.0265625 0.0359375
0 0.38828125 0.4875 0.0265625 0.0359375
0 0.45546875 0.41953125 0.0171875 0.028125
0 0.4046875 0.453125 0.028125 0.03359375
0 0.39375 0.4234375 0.021875 0.025
0 0.43203125 0.409375 0.0171875 0.025
0 0.57421875 0.390625 0.0140625 0.01953125
0 0.46953125 0.39296875 0.0140625 0.01953125
0 0.459375 0.3734375 0.0125 0.0140625
0 0.5609375 0.375 0.015625 0.01640625
0 0.53984375 0.3625 0.0109375 0.01953125
0 0.47578125 0.37890625 0.0109375 0.01953125
0 0.44609375 0.36796875 0.0078125 0.0140625
0 0.4859375 0.35859375 0.009375 0.01640625
0 0.48203125 0.35546875 0.0171875 0.021875
0 0.53359375 0.35390625 0.0078125 0.0140625
0 0.5671875 0.3765625 0.00625 0.0140625
0 0.4765625 0.35703125 0.00625 0.0140625
0 0.50546875 0.35546875 0.0078125 0.01640625
0 0.521875 0.353125 0.009375 0.0109375
0 0.41328125 0.403125 0.0171875 0.01640625
0 0.41953125 0.4875 0.0109375 0.03046875
0 0.5578125 0.3734375 0.009375 0.0140625