1 0.2890625 0.64609375 0.08125 0.11953125
0 0.3953125 0.6609375 0.059375 0.08359375
0 0.95234375 0.86953125 0.0921875 0.171875
0 0.64609375 0.565625 0.0390625 0.0640625
0 0.37109375 0.45 0.0234375 0.03359375
0 0.23125 0.61640625 0.0625 0.071875
0 0.3703125 0.5125 0.0375 0.046875
0 0.4265625 0.5375 0.034375 0.053125
0 0.3203125 0.5140625 0.028125 0.04453125
0 0.65546875 0.4890625 0.0296875 0.04453125
0 0.453125 0.4515625 0.021875 0.03046875
0 0.58203125 0.571875 0.0421875 0.071875
0 0.4390625 0.49296875 0.028125 0.04140625
0 0.41171875 0.453125 0.0234375 0.03359375
0 0.5875 0.4640625 0.025 0.04453125
0 0.54375 0.4484375 0.021875 0.03046875
0 0.6109375 0.44453125 0.021875 0.028125
0 0.409375 0.40703125 0.015625 0.025
0 0.465625 0.4109375 0.01875 0.03359375
0 0.421875 0.3875 0.0125 0.01953125
0 0.40625 0.3640625 0.00625 0.01640625
0 0.428125 0.41796875 0.015625 0.025
0 0.43671875 0.37890625 0.0109375 0.01953125
0 0.5703125 0.390625 0.0125 0.01953125
0 0.53359375 0.415625 0.0140625 0.01953125
0 0.4484375 0.3875 0.0125 0.01953125
0 0.44140625 0.403125 0.0140625 0.021875
0 0.5921875 0.41953125 0.01875 0.028125
0 0.5515625 0.39453125 0.0125 0.01640625
0 0.51796875 0.36796875 0.0078125 0.01953125
0 0.553125 0.346875 0.0125 0.01640625
0 0.52734375 0.39609375 0.0171875 0.025
0 0.46328125 0.36953125 0.0109375 0.01640625
0 0.4828125 0.36953125 0.0125 0.01640625
0 0.521875 0.34140625 0.00625 0.0109375
0 0.475 0.3875 0.0125 0.025
0 0.5453125 0.43046875 0.015625 0.01640625
0 0.528125 0.371875 0.0125 0.01640625