1 0.4609375 0.3265625 0.015625 0.03046875
0 0.32265625 0.8359375 0.0984375 0.14453125
0 0.16171875 0.85703125 0.1390625 0.16953125
0 0.40625 0.60390625 0.046875 0.06953125
0 0.7703125 0.63359375 0.065625 0.0890625
0 0.58828125 0.45859375 0.0234375 0.03359375
0 0.35234375 0.4734375 0.0296875 0.0359375
0 0.55703125 0.48046875 0.0296875 0.05
0 0.4328125 0.4875 0.03125 0.046875
0 0.38984375 0.47890625 0.0328125 0.04140625
0 0.53046875 0.4 0.0140625 0.021875
0 0.446875 0.4484375 0.028125 0.03046875
0 0.46875 0.396875 0.0125 0.021875
0 0.39609375 0.43046875 0.0203125 0.028125
0 0.54140625 0.3625 0.0109375 0.025
0 0.409375 0.40859375 0.015625 0.021875
0 0.43203125 0.38359375 0.0109375 0.01640625
0 0.4421875 0.375 0.0125 0.01640625
0 0.52265625 0.36796875 0.0109375 0.01953125
0 0.45625 0.359375 0.00625 0.0140625
0 0.090625 0.3234375 0.009375 0.0140625
0 0.40625 0.3625 0.00625 0.0140625
0 0.48359375 0.35859375 0.0109375 0.01640625
0 0.46953125 0.3609375 0.0109375 0.01640625
0 0.50625 0.35703125 0.00625 0.0140625
0 0.42890625 0.40703125 0.0078125 0.0140625
0 0.534375 0.34453125 0.00625 0.0109375
0 0.46015625 0.4015625 0.0078125 0.01953125
0 0.54921875 0.35390625 0.0078125 0.0140625