1 0.4078125 0.41953125 0.046875 0.10546875
0 0.83046875 0.70859375 0.0859375 0.11640625
0 0.20390625 0.64140625 0.0796875 0.08359375
0 0.08984375 0.83359375 0.1046875 0.14453125
0 0.39375 0.65 0.05625 0.0890625
0 0.42890625 0.534375 0.0359375 0.046875
0 0.64140625 0.48203125 0.0328125 0.04140625
0 0.36484375 0.45703125 0.0265625 0.03046875
0 0.30859375 0.6140625 0.0578125 0.071875
0 0.58828125 0.4109375 0.0140625 0.021875
0 0.44296875 0.47109375 0.0265625 0.0359375
0 0.3234375 0.5109375 0.0375 0.04453125
0 0.46171875 0.4125 0.0171875 0.025
0 0.5515625 0.384375 0.015625 0.03046875
0 0.5890625 0.478125 0.028125 0.04453125
0 0.446875 0.39296875 0.015625 0.01953125
0 0.4734375 0.3859375 0.0125 0.01640625
0 0.46015625 0.38046875 0.0109375 0.01640625
0 0.434375 0.4125 0.00625 0.025
0 0.290625 0.43046875 0.0125 0.028125
0 0.48515625 0.3625 0.0109375 0.0140625
0 0.534375 0.359375 0.009375 0.0140625
0 0.45 0.359375 0.015625 0.01953125
0 0.44140625 0.3734375 0.0109375 0.01953125
0 0.703125 0.290625 0.0125 0.0140625
0 0.446875 0.35 0.0125 0.0109375
0 0.50546875 0.35703125 0.0078125 0.0140625
0 0.5234375 0.3359375 0.00625 0.0109375
0 0.36953125 0.3265625 0.0109375 0.0140625
0 0.5453125 0.35 0.00625 0.0109375
0 0.43359375 0.384375 0.0078125 0.01953125
0 0.69296875 0.29140625 0.0078125 0.0109375