1 0.87578125 0.72890625 0.2453125 0.4640625
0 0.39765625 0.6609375 0.0578125 0.08359375
0 0.63125 0.746875 0.071875 0.1390625
0 0.78359375 0.81640625 0.1078125 0.16640625
0 0.38359375 0.434375 0.0203125 0.03046875
0 0.425 0.52109375 0.034375 0.05859375
0 0.3 0.5265625 0.0375 0.053125
0 0.453125 0.434375 0.021875 0.03046875
0 0.6734375 0.51953125 0.0375 0.05
0 0.42421875 0.43203125 0.0234375 0.03046875
0 0.3265625 0.575 0.05 0.071875
0 0.61875 0.4484375 0.01875 0.03046875
0 0.5703125 0.43359375 0.01875 0.028125
0 0.5328125 0.4125 0.015625 0.025
0 0.57734375 0.396875 0.0140625 0.021875
0 0.42734375 0.3859375 0.0140625 0.021875
0 0.4765625 0.38046875 0.0125 0.01640625
0 0.5609375 0.3765625 0.0125 0.0140625
0 0.4421875 0.396875 0.015625 0.021875
0 0.52265625 0.37109375 0.0140625 0.025
0 0.40625 0.3640625 0.00625 0.0109375
0 0.54609375 0.325 0.0078125 0.0109375
0 0.44296875 0.371875 0.0109375 0.01640625
0 0.45546875 0.384375 0.0109375 0.01953125
0 0.53125 0.35 0.009375 0.01640625
0 0.46015625 0.35859375 0.0109375 0.0109375
0 0.765625 0.64453125 0.021875 0.05546875
0 0.55078125 0.359375 0.0109375 0.0140625
0 0.46171875 0.371875 0.0109375 0.01640625