1 0.1703125 0.653125 0.0875 0.121875
1 0.3 0.51796875 0.05 0.09140625
1 0.87421875 0.8609375 0.2171875 0.271875
0 0.109375 0.95390625 0.1375 0.0859375
0 0.615625 0.684375 0.05625 0.103125
0 0.40546875 0.634375 0.0515625 0.08046875
0 0.328125 0.58203125 0.046875 0.0640625
0 0.66328125 0.5 0.0359375 0.05
0 0.4375 0.49140625 0.034375 0.05546875
0 0.3828125 0.503125 0.03125 0.04453125
0 0.5390625 0.43359375 0.021875 0.03359375
0 0.4046875 0.4625 0.025 0.03046875
0 0.41171875 0.40703125 0.0203125 0.025
0 0.33203125 0.5109375 0.0171875 0.05
0 0.5296875 0.39609375 0.015625 0.025
0 0.4375 0.40859375 0.015625 0.021875
0 0.459375 0.43046875 0.01875 0.028125
0 0.59921875 0.446875 0.0234375 0.03359375
0 0.57265625 0.396875 0.0140625 0.021875
0 0.43984375 0.375 0.0109375 0.01640625
0 0.40546875 0.3640625 0.0078125 0.01640625
0 0.5578125 0.375 0.0125 0.01640625
0 0.59296875 0.41796875 0.0171875 0.025
0 0.5234375 0.3640625 0.0125 0.021875
0 0.46484375 0.40703125 0.0140625 0.01953125
0 0.45234375 0.38203125 0.0140625 0.01953125
0 0.596875 0.4375 0.015625 0.025
0 0.46015625 0.36953125 0.0109375 0.01640625
0 0.4765625 0.3859375 0.0125 0.01640625
0 0.48671875 0.35703125 0.0078125 0.0140625
0 0.56328125 0.33359375 0.0109375 0.01640625
0 0.6046875 0.45390625 0.015625 0.01953125
0 0.46875 0.4 0.0125 0.01640625
0 0.48125 0.36953125 0.009375 0.01640625
0 0.5328125 0.3609375 0.009375 0.01640625
0 0.00390625 0.884375 0.0078125 0.2140625
0 0.00390625 0.8109375 0.0078125 0.06640625
0 0.59765625 0.42890625 0.0140625 0.01953125
0 0.00390625 0.9515625 0.0078125 0.08046875