1 0.3265625 0.49296875 0.04375 0.0640625
1 0.45234375 0.434375 0.0234375 0.0359375
0 0.8203125 0.84453125 0.121875 0.178125
0 0.4265625 0.54453125 0.0375 0.05
0 0.5765625 0.546875 0.0375 0.0609375
0 0.0453125 0.87109375 0.090625 0.153125
0 0.334375 0.8640625 0.103125 0.171875
0 0.33125 0.603125 0.05625 0.078125
0 0.21953125 0.6234375 0.0703125 0.0859375
0 0.3703125 0.51640625 0.040625 0.05
0 0.36171875 0.4625 0.0265625 0.0359375
0 0.41875 0.4375 0.021875 0.03046875
0 0.6015625 0.43203125 0.01875 0.025
0 0.40390625 0.4125 0.0171875 0.025
0 0.44453125 0.46640625 0.0265625 0.03359375
0 0.6125 0.50390625 0.03125 0.0359375
0 0.5359375 0.4265625 0.01875 0.025
0 0.66796875 0.50703125 0.0359375 0.053125
0 0.5734375 0.39140625 0.015625 0.021875
0 0.465625 0.409375 0.015625 0.025
0 0.553125 0.39453125 0.015625 0.021875
0 0.47890625 0.38203125 0.0109375 0.0140625
0 0.44296875 0.3984375 0.0140625 0.01953125
0 0.4359375 0.38046875 0.0125 0.01640625
0 0.54375 0.37890625 0.009375 0.01953125
0 0.45546875 0.38046875 0.0109375 0.01640625
0 0.40625 0.3625 0.00625 0.0140625
0 0.5234375 0.371875 0.0125 0.021875
0 0.465625 0.36796875 0.0125 0.0140625
0 0.4953125 0.34609375 0.009375 0.01953125
0 0.4734375 0.3609375 0.009375 0.01640625
0 0.6640625 0.49140625 0.025 0.021875
0 0.5046875 0.35546875 0.009375 0.01640625
0 0.52421875 0.409375 0.0078125 0.01953125
0 0.4828125 0.36796875 0.0125 0.0140625
0 0.48828125 0.3625 0.0078125 0.0140625
0 0.4453125 0.3765625 0.009375 0.01953125