1 0.40546875 0.3890625 0.0359375 0.0609375
1 0.45625 0.3640625 0.025 0.05
1 0.43046875 0.43359375 0.0328125 0.0609375
0 0.35078125 0.753125 0.0796875 0.11640625
0 0.42265625 0.540625 0.0359375 0.053125
0 0.25234375 0.5875 0.0578125 0.0640625
0 0.67109375 0.5109375 0.0359375 0.05
0 0.63125 0.5484375 0.040625 0.05859375
0 0.34453125 0.48359375 0.0328125 0.0390625
0 0.58203125 0.5734375 0.0421875 0.06953125
0 0.86328125 0.725 0.1171875 0.178125
0 0.5859375 0.4484375 0.028125 0.053125
0 0.5734375 0.425 0.015625 0.028125
0 0.540625 0.4515625 0.021875 0.0359375
0 0.46953125 0.40390625 0.0140625 0.025
0 0.54765625 0.346875 0.0109375 0.021875
0 0.5484375 0.3875 0.0125 0.01953125
0 0.53671875 0.41640625 0.0171875 0.028125
0 0.56640625 0.378125 0.0109375 0.01640625
0 0.525 0.38203125 0.0125 0.01953125
0 0.47890625 0.36953125 0.0109375 0.01640625
0 0.75 0.31796875 0.0125 0.00859375
0 0.57265625 0.390625 0.0140625 0.0140625
0 0.53984375 0.37109375 0.0109375 0.01953125
0 0.4328125 0.40859375 0.015625 0.0109375
0 0.08671875 0.321875 0.0109375 0.01640625
0 0.50546875 0.35703125 0.0078125 0.0140625
0 0.4859375 0.359375 0.009375 0.0140625
0 0.45703125 0.40703125 0.0078125 0.01953125
0 0.3546875 0.48046875 0.0125 0.03359375
0 0.475 0.353125 0.00625 0.01640625
0 0.521875 0.3640625 0.009375 0.01640625
0 0.4546875 0.38046875 0.01875 0.01640625
0 0.446875 0.37890625 0.00625 0.0140625