1 0.56015625 0.39140625 0.0328125 0.06640625
0 0.259375 0.64296875 0.078125 0.0859375
0 0.3984375 0.6375 0.05625 0.08046875
0 0.60859375 0.6625 0.0578125 0.096875
0 0.62109375 0.47890625 0.0296875 0.04140625
0 0.3734375 0.51640625 0.0375 0.05
0 0.453125 0.43203125 0.021875 0.03046875
0 0.44375 0.4765625 0.028125 0.046875
0 0.59453125 0.421875 0.0171875 0.028125
0 0.4203125 0.43359375 0.01875 0.028125
0 0.41640625 0.39609375 0.0140625 0.01953125
0 0.39453125 0.41953125 0.0203125 0.03359375
0 0.3703125 0.4515625 0.028125 0.04140625
0 0.475 0.38203125 0.0125 0.01953125
0 0.45078125 0.3890625 0.0140625 0.01640625
0 0.2890625 0.54609375 0.046875 0.05859375
0 0.290625 0.9859375 0.084375 0.021875
0 0.53203125 0.4 0.0140625 0.021875
0 0.453125 0.371875 0.0125 0.01640625
0 0.40703125 0.3625 0.0046875 0.0140625
0 0.5515625 0.346875 0.01875 0.021875
0 0.5234375 0.37109375 0.0125 0.0140625
0 0.36875 0.3234375 0.0125 0.0140625
0 0.53828125 0.36796875 0.0109375 0.01953125
0 0.49453125 0.34609375 0.0109375 0.0140625
0 0.69921875 0.290625 0.0203125 0.0140625
0 0.703125 0.2890625 0.0125 0.0109375
0 0.46875 0.3609375 0.009375 0.021875
0 0.48359375 0.3625 0.0109375 0.01953125
0 0.50390625 0.35703125 0.0109375 0.01953125
0 0.53984375 0.3515625 0.0453125 0.053125
0 0.0046875 0.2484375 0.009375 0.03046875