0 0.284375 0.66640625 0.071875 0.0890625
0 0.39375 0.64609375 0.053125 0.08046875
0 0.28515625 0.55 0.0453125 0.05546875
0 0.61015625 0.64453125 0.0546875 0.10546875
0 0.3671875 0.4515625 0.025 0.03046875
0 0.45234375 0.45 0.0234375 0.03359375
0 0.60703125 0.490625 0.0296875 0.046875
0 0.3921875 0.48203125 0.03125 0.04140625
0 0.4140625 0.4375 0.021875 0.03046875
0 0.5484375 0.45859375 0.021875 0.03359375
0 0.57890625 0.396875 0.0140625 0.021875
0 0.465625 0.40546875 0.015625 0.021875
0 0.43359375 0.38046875 0.0109375 0.01640625
0 0.540625 0.375 0.0125 0.021875
0 0.56015625 0.3734375 0.0078125 0.0140625
0 0.40625 0.3640625 0.00625 0.01640625
0 0.47890625 0.378125 0.0109375 0.01640625
0 0.44375 0.39296875 0.0125 0.01953125
0 0.521875 0.35546875 0.009375 0.01640625
0 0.4390625 0.40390625 0.015625 0.025
0 0.46328125 0.36640625 0.0109375 0.01640625
0 0.47421875 0.309375 0.0109375 0.01953125
0 0.46796875 0.346875 0.0078125 0.01640625
0 0.703125 0.290625 0.0125 0.0140625
0 0.5484375 0.35546875 0.009375 0.01640625
0 0.48515625 0.365625 0.0078125 0.0140625
0 0.453125 0.3625 0.009375 0.0140625
0 0.521875 0.3609375 0.0125 0.028125