1 0.24609375 0.64453125 0.2015625 0.35
1 0.31015625 0.453125 0.0953125 0.121875
1 0.4546875 0.3609375 0.021875 0.0609375
1 0.440625 0.3890625 0.01875 0.0390625
0 0.11484375 0.721875 0.0734375 0.1
0 0.34609375 0.79140625 0.0828125 0.128125
0 0.61640625 0.6984375 0.0640625 0.1140625
0 0.76796875 0.63046875 0.0640625 0.0890625
0 0.59921875 0.475 0.0265625 0.04453125
0 0.3734375 0.44609375 0.025 0.03046875
0 0.440625 0.490625 0.028125 0.04140625
0 0.40859375 0.575 0.0421875 0.06640625
0 0.62109375 0.4515625 0.0234375 0.03046875
0 0.4609375 0.41796875 0.01875 0.025
0 0.53359375 0.40546875 0.0171875 0.028125
0 0.35546875 0.546875 0.0265625 0.05546875
0 0.56875 0.384375 0.0125 0.01953125
0 0.4484375 0.4484375 0.025 0.03046875
0 0.4109375 0.440625 0.025 0.04140625
0 0.428125 0.415625 0.015625 0.025
0 0.41875 0.39296875 0.0125 0.025
0 0.4 0.415625 0.0125 0.025
0 0.5484375 0.3890625 0.0125 0.01640625
0 0.38671875 0.47109375 0.0078125 0.0140625
0 0.46875 0.396875 0.0125 0.021875
0 0.42734375 0.3859375 0.0078125 0.01640625
0 0.521875 0.353125 0.009375 0.01640625
0 0.62421875 0.45859375 0.0171875 0.021875
0 0.40625 0.365625 0.00625 0.0140625
0 0.54140625 0.371875 0.0109375 0.01640625
0 0.47578125 0.38203125 0.0109375 0.01953125
0 0.36953125 0.3265625 0.0140625 0.0140625
0 0.55234375 0.3625 0.0109375 0.0140625
0 0.35390625 0.4625 0.0078125 0.03046875
0 0.52421875 0.371875 0.0109375 0.01640625
0 0.49453125 0.34609375 0.0109375 0.01953125
0 0.35703125 0.44453125 0.0078125 0.028125
0 0.4734375 0.35859375 0.009375 0.01640625
0 0.33828125 0.59296875 0.0171875 0.06953125
0 0.32421875 0.64609375 0.0140625 0.053125