0 0.390625 0.66796875 0.059375 0.0859375
0 0.57421875 0.5609375 0.0390625 0.06640625
0 0.68203125 0.825 0.0984375 0.18359375
0 0.303125 0.5265625 0.0375 0.046875
0 0.66484375 0.50390625 0.0390625 0.05859375
0 0.30234375 0.621875 0.0671875 0.078125
0 0.4453125 0.471875 0.028125 0.04453125
0 0.58203125 0.4375 0.0203125 0.03046875
0 0.3890625 0.48203125 0.028125 0.0359375
0 0.37734375 0.4390625 0.0234375 0.0390625
0 0.9859375 0.9234375 0.025 0.103125
0 0.42109375 0.440625 0.0203125 0.03046875
0 0.54921875 0.39140625 0.0140625 0.021875
0 0.43125 0.384375 0.0125 0.01953125
0 0.46484375 0.40859375 0.0140625 0.021875
0 0.446875 0.390625 0.0125 0.01953125
0 0.40625 0.3640625 0.00625 0.01640625
0 0.540625 0.36953125 0.009375 0.01640625
0 0.5265625 0.3734375 0.0125 0.0140625
0 0.4796875 0.3390625 0.009375 0.01640625
0 0.703125 0.29140625 0.0125 0.0109375
0 0.4734375 0.309375 0.00625 0.0140625
0 0.47109375 0.39296875 0.0140625 0.01953125
0 0.5359375 0.3265625 0.009375 0.0140625
0 0.475 0.38203125 0.009375 0.0140625
0 0.4703125 0.3625 0.009375 0.0140625