0 0.40234375 0.659375 0.0578125 0.08046875
0 0.22890625 0.6109375 0.0640625 0.06640625
0 0.653125 0.49453125 0.03125 0.04453125
0 0.3578125 0.546875 0.04375 0.05546875
0 0.4390625 0.49453125 0.03125 0.04453125
0 0.34296875 0.484375 0.0296875 0.04140625
0 0.1015625 0.940625 0.153125 0.1140625
0 0.734375 0.9515625 0.121875 0.09140625
0 0.3859375 0.4375 0.01875 0.03046875
0 0.61328125 0.5125 0.0296875 0.053125
0 0.57578125 0.43046875 0.0203125 0.03359375
0 0.46015625 0.4234375 0.0203125 0.03046875
0 0.428125 0.42109375 0.015625 0.025
0 0.5265625 0.3859375 0.015625 0.021875
0 0.4296875 0.384375 0.0125 0.01953125
0 0.55703125 0.40859375 0.0171875 0.028125
0 0.40625 0.3640625 0.00625 0.01640625
0 0.4359375 0.409375 0.0125 0.025
0 0.4703125 0.396875 0.015625 0.021875
0 0.484375 0.365625 0.009375 0.0140625
0 0.45390625 0.38046875 0.0140625 0.01640625
0 0.5046875 0.35703125 0.009375 0.01953125
0 0.52265625 0.36640625 0.0109375 0.01640625
0 0.36953125 0.3265625 0.0140625 0.0140625
0 0.47421875 0.38203125 0.0109375 0.0140625
0 0.453125 0.3640625 0.009375 0.01640625
0 0.703125 0.290625 0.0125 0.0140625
0 0.44296875 0.371875 0.0109375 0.01640625