1 0.69453125 0.79140625 0.1421875 0.3609375
1 0.5484375 0.3484375 0.0125 0.025
1 0.9546875 0.76953125 0.0875 0.321875
0 0.23828125 0.75390625 0.0859375 0.10859375
0 0.38984375 0.6484375 0.0546875 0.08046875
0 0.021875 0.890625 0.04375 0.10859375
0 0.74140625 0.60703125 0.0578125 0.08046875
0 0.4328125 0.50703125 0.03125 0.04140625
0 0.6171875 0.44453125 0.015625 0.028125
0 0.54921875 0.46953125 0.0265625 0.0390625
0 0.45546875 0.42890625 0.0203125 0.03046875
0 0.36953125 0.446875 0.0234375 0.03359375
0 0.27109375 0.5765625 0.0515625 0.0640625
0 0.571875 0.3890625 0.0125 0.021875
0 0.3453125 0.48046875 0.028125 0.0390625
0 0.74609375 0.7109375 0.0453125 0.11640625
0 0.40234375 0.465625 0.0265625 0.0359375
0 0.53046875 0.40859375 0.0140625 0.021875
0 0.359375 0.515625 0.040625 0.06953125
0 0.42109375 0.425 0.0203125 0.028125
0 0.5234375 0.3734375 0.0125 0.01953125
0 0.54609375 0.390625 0.0109375 0.0140625
0 0.5046875 0.35703125 0.009375 0.01953125
0 0.43515625 0.37890625 0.0109375 0.01953125
0 0.478125 0.38046875 0.0125 0.01640625
0 0.45625 0.375 0.0125 0.01640625
0 0.44765625 0.39140625 0.0140625 0.01640625
0 0.40703125 0.4109375 0.0140625 0.028125
0 0.4265625 0.390625 0.0125 0.01953125
0 0.53828125 0.365625 0.0109375 0.0140625
0 0.55546875 0.36953125 0.0109375 0.01640625
0 0.40625 0.365625 0.00625 0.0140625
0 0.75859375 0.73359375 0.0203125 0.071875
0 0.49296875 0.3515625 0.0109375 0.0140625
0 0.4703125 0.359375 0.009375 0.0140625
0 0.70390625 0.290625 0.0140625 0.0140625
0 0.35625 0.4734375 0.0125 0.025
0 0.4765625 0.34609375 0.009375 0.0140625
0 0.446875 0.365625 0.009375 0.0140625
0 0.4859375 0.3625 0.009375 0.0140625