1 0.4625 0.3984375 0.01875 0.0359375
0 0.2234375 0.62890625 0.0625 0.075
0 0.13671875 0.8984375 0.1296875 0.1640625
0 0.41796875 0.5734375 0.0453125 0.05859375
0 0.3109375 0.9375 0.121875 0.11953125
0 0.434375 0.48046875 0.028125 0.0390625
0 0.3609375 0.46640625 0.028125 0.0390625
0 0.60625 0.4390625 0.021875 0.028125
0 0.41484375 0.44609375 0.0203125 0.03046875
0 0.38515625 0.434375 0.0234375 0.03046875
0 0.584375 0.40390625 0.015625 0.025
0 0.428125 0.39453125 0.015625 0.021875
0 0.55 0.35859375 0.009375 0.01640625
0 0.54609375 0.4359375 0.0203125 0.03359375
0 0.56484375 0.38046875 0.0109375 0.01640625
0 0.53046875 0.4 0.0140625 0.021875
0 0.55 0.3890625 0.0125 0.021875
0 0.40625 0.3640625 0.00625 0.01640625
0 0.4890625 0.353125 0.009375 0.01640625
0 0.48046875 0.36640625 0.0109375 0.01640625
0 0.475 0.39140625 0.009375 0.021875
0 0.4359375 0.3765625 0.0125 0.01953125
0 0.50390625 0.35703125 0.0109375 0.01953125
0 0.47109375 0.3890625 0.0171875 0.028125
0 0.53359375 0.353125 0.0078125 0.01640625
0 0.36953125 0.3265625 0.0109375 0.0140625
0 0.52109375 0.353125 0.0078125 0.01640625
0 0.52578125 0.38203125 0.0140625 0.01953125
0 0.46953125 0.3609375 0.0109375 0.01640625
0 0.484375 0.34296875 0.00625 0.0140625
0 0.446875 0.37109375 0.009375 0.01953125
0 0.53359375 0.33046875 0.0078125 0.01640625
0 0.45625 0.3765625 0.009375 0.0140625