1 0.4546875 0.36640625 0.021875 0.0390625
0 0.28828125 0.66953125 0.0703125 0.0890625
0 0.32265625 0.88203125 0.1015625 0.1640625
0 0.1703125 0.6859375 0.0875 0.1
0 0.32109375 0.50859375 0.0359375 0.04453125
0 0.840625 0.87890625 0.115625 0.18046875
0 0.7 0.55 0.04375 0.0609375
0 0.54765625 0.37890625 0.0140625 0.01953125
0 0.39921875 0.46796875 0.0265625 0.0359375
0 0.45390625 0.440625 0.0203125 0.0359375
0 0.5921875 0.4109375 0.015625 0.021875
0 0.57890625 0.44296875 0.0234375 0.03046875
0 0.47109375 0.39296875 0.0140625 0.01953125
0 0.40390625 0.41796875 0.0171875 0.025
0 0.4390625 0.40703125 0.01875 0.025
0 0.521875 0.35390625 0.009375 0.01953125
0 0.42265625 0.390625 0.0109375 0.01953125
0 0.484375 0.365625 0.0125 0.0140625
0 0.53359375 0.34296875 0.0078125 0.0140625
0 0.5046875 0.35703125 0.009375 0.01953125
0 0.40625 0.3625 0.00625 0.0140625
0 0.6984375 0.290625 0.01875 0.0140625
0 0.478125 0.353125 0.00625 0.0109375
0 0.44140625 0.371875 0.0078125 0.01640625