1 0.57265625 0.3765625 0.0265625 0.053125
0 0.40234375 0.59609375 0.0421875 0.0640625
0 0.30234375 0.521875 0.0390625 0.05
0 0.19609375 0.81640625 0.1109375 0.13359375
0 0.3796875 0.49140625 0.034375 0.05
0 0.4015625 0.415625 0.015625 0.025
0 0.56953125 0.41640625 0.0171875 0.028125
0 0.53984375 0.425 0.0203125 0.028125
0 0.4390625 0.4765625 0.03125 0.053125
0 0.43046875 0.415625 0.0171875 0.025
0 0.4578125 0.42890625 0.01875 0.025
0 0.5265625 0.390625 0.015625 0.01953125
0 0.546875 0.38359375 0.0125 0.021875
0 0.43515625 0.378125 0.0109375 0.01640625
0 0.40625 0.3640625 0.00625 0.01640625
0 0.46953125 0.403125 0.0140625 0.021875
0 0.44375 0.4 0.0125 0.021875
0 0.5203125 0.35546875 0.009375 0.021875
0 0.5359375 0.3625 0.009375 0.0140625
0 0.578125 0.36796875 0.015625 0.01953125
0 0.45234375 0.38046875 0.0109375 0.01640625
0 0.4453125 0.36953125 0.009375 0.01640625
0 0.47734375 0.3765625 0.0109375 0.01953125
0 0.45234375 0.365625 0.0078125 0.0140625
0 0.5546875 0.365625 0.009375 0.0140625
0 0.48671875 0.3625 0.0078125 0.0140625
0 0.575 0.390625 0.01875 0.025