1 0.45078125 0.3484375 0.0171875 0.0359375
0 0.1390625 0.70859375 0.0875 0.1
0 0.2796875 0.54296875 0.04375 0.053125
0 0.09453125 0.9359375 0.1640625 0.121875
0 0.38984375 0.64609375 0.0578125 0.09140625
0 0.353125 0.546875 0.040625 0.05546875
0 0.42734375 0.53359375 0.0328125 0.05
0 0.3953125 0.48046875 0.03125 0.03359375
0 0.36875 0.453125 0.025 0.03359375
0 0.275 0.9875 0.0875 0.01953125
0 0.45546875 0.42890625 0.0203125 0.0359375
0 0.43828125 0.40546875 0.0140625 0.021875
0 0.41484375 0.39609375 0.0171875 0.025
0 0.43828125 0.37890625 0.0109375 0.01953125
0 0.40625 0.3640625 0.00625 0.01640625
0 0.465625 0.40859375 0.015625 0.01640625
0 0.446875 0.3875 0.0125 0.01953125
0 0.5359375 0.35703125 0.009375 0.0140625
0 0.47265625 0.3875 0.0140625 0.01953125
0 0.47890625 0.3734375 0.0109375 0.0140625
0 0.5515625 0.359375 0.00625 0.0140625
0 0.36953125 0.3265625 0.0109375 0.0140625
0 0.5203125 0.35390625 0.009375 0.0140625
0 0.703125 0.290625 0.0125 0.0140625
0 0.46640625 0.365625 0.0109375 0.0140625
0 0.4734375 0.3109375 0.00625 0.0109375
0 0.5046875 0.35703125 0.009375 0.01953125
0 0.4859375 0.3625 0.009375 0.0140625
0 0.45234375 0.37890625 0.0140625 0.025