0 0.1109375 0.7734375 0.10625 0.11953125
0 0.31015625 0.52109375 0.0390625 0.046875
0 0.29140625 0.6609375 0.0703125 0.0890625
0 0.365625 0.7234375 0.08125 0.13046875
0 0.36640625 0.53359375 0.0359375 0.05
0 0.415625 0.55390625 0.0375 0.05859375
0 0.44453125 0.48359375 0.0265625 0.0390625
0 0.60234375 0.43046875 0.0203125 0.028125
0 0.71875 0.5765625 0.053125 0.06953125
0 0.3921875 0.4234375 0.01875 0.025
0 0.96640625 0.884375 0.0640625 0.125
0 0.5859375 0.45859375 0.025 0.0390625
0 0.4125 0.44609375 0.01875 0.03046875
0 0.7046875 0.92890625 0.096875 0.1359375
0 0.45234375 0.440625 0.0203125 0.03046875
0 0.56328125 0.415625 0.0171875 0.025
0 0.43359375 0.42109375 0.0140625 0.01953125
0 0.4625 0.4109375 0.015625 0.021875
0 0.45 0.3859375 0.0125 0.01640625
0 0.54296875 0.375 0.0109375 0.01640625
0 0.94453125 0.8984375 0.0203125 0.04140625
0 0.43046875 0.384375 0.0140625 0.01953125
0 0.40625 0.365625 0.00625 0.0140625
0 0.5671875 0.38046875 0.009375 0.01640625
0 0.47109375 0.39609375 0.0140625 0.025
0 0.5234375 0.38046875 0.0125 0.01640625
0 0.4390625 0.38046875 0.009375 0.01640625
0 0.49765625 0.34609375 0.0078125 0.0140625
0 0.4859375 0.365625 0.0125 0.01953125
0 0.52109375 0.3625 0.0109375 0.0140625
0 0.56796875 0.4 0.0140625 0.01640625
0 0.44609375 0.36953125 0.0109375 0.01640625
0 0.478125 0.371875 0.009375 0.01640625
0 0.4859375 0.34140625 0.0125 0.01640625
0 0.9515625 0.909375 0.034375 0.0640625
0 0.5359375 0.3625 0.009375 0.0140625
0 0.98828125 0.884375 0.0203125 0.10859375