1 0.9390625 0.76796875 0.11875 0.45859375
1 0.46015625 0.33046875 0.0171875 0.0390625
0 0.02421875 0.896875 0.0484375 0.13359375
0 0.6953125 0.65390625 0.065625 0.0859375
0 0.67890625 0.5265625 0.0359375 0.04140625
0 0.30234375 0.64609375 0.0703125 0.0859375
0 0.234375 0.6140625 0.059375 0.071875
0 0.428125 0.509375 0.03125 0.046875
0 0.67734375 0.8890625 0.1265625 0.21640625
0 0.41171875 0.59140625 0.0453125 0.06640625
0 0.38125 0.5 0.0375 0.05
0 0.603125 0.42890625 0.01875 0.03046875
0 0.54453125 0.4484375 0.0265625 0.0359375
0 0.35625 0.46796875 0.028125 0.0359375
0 0.63359375 0.465625 0.0265625 0.0359375
0 0.56328125 0.41796875 0.0171875 0.025
0 0.421875 0.43046875 0.01875 0.028125
0 0.46015625 0.41796875 0.0203125 0.025
0 0.575 0.39453125 0.015625 0.021875
0 0.52421875 0.3859375 0.0140625 0.021875
0 0.42734375 0.4125 0.0203125 0.025
0 0.44453125 0.396875 0.0140625 0.021875
0 0.40625 0.3625 0.00625 0.0140625
0 0.47109375 0.39296875 0.0140625 0.01953125
0 0.42578125 0.390625 0.0140625 0.01953125
0 0.4796875 0.375 0.0125 0.01640625
0 0.52109375 0.353125 0.0078125 0.01640625
0 0.4390625 0.37890625 0.0125 0.0140625
0 0.45703125 0.378125 0.0109375 0.01640625
0 0.55 0.39296875 0.0125 0.01953125
0 0.45625 0.35859375 0.009375 0.01640625
0 0.52109375 0.3875 0.0078125 0.01953125
0 0.471875 0.359375 0.009375 0.0140625
0 0.5359375 0.3609375 0.009375 0.01640625