1 0.2984375 0.4890625 0.1 0.1609375
1 0.08125 0.77109375 0.1625 0.43046875
1 0.85390625 0.721875 0.2890625 0.478125
1 0.42109375 0.38046875 0.0296875 0.05546875
0 0.44375 0.49140625 0.028125 0.04453125
0 0.39765625 0.471875 0.0296875 0.0390625
0 0.565625 0.503125 0.034375 0.0609375
0 0.39609375 0.5875 0.0453125 0.075
0 0.4578125 0.43359375 0.021875 0.028125
0 0.63515625 0.53203125 0.0390625 0.05859375
0 0.3421875 0.5640625 0.040625 0.05546875
0 0.3859375 0.43046875 0.01875 0.028125
0 0.64453125 0.4765625 0.0296875 0.046875
0 0.5328125 0.4140625 0.01875 0.028125
0 0.58828125 0.40703125 0.0140625 0.01953125
0 0.44921875 0.39296875 0.0140625 0.01953125
0 0.571875 0.43203125 0.01875 0.03046875
0 0.47421875 0.3875 0.0140625 0.01953125
0 0.50390625 0.35703125 0.0109375 0.01953125
0 0.46015625 0.371875 0.0140625 0.021875
0 0.48671875 0.35546875 0.0140625 0.01640625
0 0.421875 0.396875 0.015625 0.021875
0 0.4734375 0.309375 0.009375 0.01953125
0 0.3375 0.50859375 0.01875 0.03359375
0 0.52265625 0.353125 0.0109375 0.01640625
0 0.703125 0.290625 0.0125 0.0140625
0 0.34921875 0.48046875 0.0078125 0.01640625
0 0.559375 0.3984375 0.00625 0.0140625
0 0.55234375 0.39140625 0.0109375 0.021875
0 0.5640625 0.371875 0.00625 0.01640625
0 0.34140625 0.50546875 0.0078125 0.021875
0 0.4328125 0.39296875 0.00625 0.0140625
0 0.54453125 0.38203125 0.0078125 0.0140625
0 0.0046875 0.25 0.009375 0.028125
0 0.47109375 0.34296875 0.0078125 0.0140625
0 0.009375 0.5765625 0.01875 0.03046875
0 0.5546875 0.396875 0.015625 0.021875