1 0.415625 0.38359375 0.03125 0.0609375
0 0.35390625 0.79609375 0.0859375 0.13046875
0 0.1421875 0.71953125 0.096875 0.1
0 0.83515625 0.7015625 0.0828125 0.1140625
0 0.40390625 0.61796875 0.0515625 0.075
0 0.0125 0.93203125 0.025 0.09140625
0 0.334375 0.4890625 0.0375 0.04453125
0 0.3109375 0.6265625 0.05625 0.075
0 0.65625 0.578125 0.05 0.071875
0 0.55625 0.4734375 0.028125 0.04140625
0 0.3953125 0.475 0.03125 0.0390625
0 0.4265625 0.428125 0.021875 0.028125
0 0.56328125 0.409375 0.0171875 0.025
0 0.43671875 0.49453125 0.0265625 0.04453125
0 0.5359375 0.421875 0.01875 0.028125
0 0.39140625 0.42890625 0.0171875 0.025
0 0.553125 0.3640625 0.009375 0.01640625
0 0.4625 0.40703125 0.01875 0.025
0 0.521875 0.36953125 0.0125 0.01640625
0 0.44921875 0.3890625 0.0140625 0.021875
0 0.46328125 0.353125 0.0109375 0.01640625
0 0.4734375 0.3859375 0.0125 0.01640625
0 0.46875 0.378125 0.05625 0.08359375
0 0.4546875 0.3625 0.009375 0.0140625
0 0.0046875 0.246875 0.009375 0.0390625