1 0.2296875 0.67109375 0.23125 0.403125
1 0.4328125 0.39296875 0.0375 0.0859375
0 0.57890625 0.54296875 0.0359375 0.05859375
0 0.37421875 0.74453125 0.0765625 0.10546875
0 0.440625 0.48359375 0.03125 0.0390625
0 0.690625 0.5359375 0.046875 0.078125
0 0.38359375 0.4984375 0.0328125 0.04140625
0 0.4109375 0.403125 0.009375 0.021875
0 0.36484375 0.459375 0.0234375 0.03046875
0 0.35703125 0.55703125 0.0296875 0.05859375
0 0.45078125 0.4375 0.0234375 0.03046875
0 0.46484375 0.40859375 0.0140625 0.021875
0 0.54375 0.375 0.0125 0.028125
0 0.52890625 0.3875 0.0140625 0.025
0 0.3359375 0.490625 0.034375 0.053125
0 0.478125 0.375 0.0125 0.01640625
0 0.428125 0.4234375 0.025 0.025
0 0.45234375 0.3859375 0.0078125 0.021875
0 0.52265625 0.3734375 0.0109375 0.0140625
0 0.703125 0.290625 0.0125 0.0140625
0 0.36640625 0.39609375 0.0140625 0.01953125
0 0.465625 0.36796875 0.009375 0.0140625
0 0.36953125 0.3265625 0.0109375 0.0140625
0 0.40625 0.3640625 0.00625 0.0109375
0 0.69296875 0.29140625 0.0078125 0.0109375
0 0.4203125 0.4234375 0.009375 0.01953125
0 0.36953125 0.39453125 0.0078125 0.01640625