0 0.29921875 0.53046875 0.0390625 0.05
0 0.2859375 0.646875 0.065625 0.08359375
0 0.83828125 0.88359375 0.1359375 0.21640625
0 0.2859375 0.940625 0.125 0.1140625
0 0.38046875 0.65390625 0.0671875 0.11953125
0 0.4296875 0.528125 0.0375 0.05
0 0.6203125 0.4484375 0.021875 0.03046875
0 0.62265625 0.525 0.0390625 0.06640625
0 0.384375 0.4890625 0.034375 0.04453125
0 0.3875 0.43359375 0.021875 0.028125
0 0.45078125 0.446875 0.0234375 0.03359375
0 0.5859375 0.40703125 0.015625 0.025
0 0.534375 0.4140625 0.015625 0.028125
0 0.4203125 0.434375 0.021875 0.03046875
0 0.4125 0.4 0.01875 0.028125
0 0.69140625 0.540625 0.0421875 0.05859375
0 0.4421875 0.40390625 0.015625 0.025
0 0.46484375 0.40859375 0.0171875 0.021875
0 0.475 0.384375 0.0125 0.01953125
0 0.453125 0.384375 0.0125 0.01953125
0 0.56171875 0.378125 0.0109375 0.01640625
0 0.55390625 0.4 0.0140625 0.021875
0 0.5234375 0.36953125 0.0125 0.021875
0 0.40703125 0.3625 0.0046875 0.0140625
0 0.540625 0.37109375 0.009375 0.0140625
0 0.503125 0.35703125 0.009375 0.01953125
0 0.45859375 0.35859375 0.0078125 0.0109375
0 0.49375 0.346875 0.009375 0.01640625
0 0.5453125 0.3875 0.00625 0.0140625
0 0.553125 0.3640625 0.009375 0.0109375
0 0.4671875 0.3640625 0.009375 0.01640625
0 0.54921875 0.3859375 0.0140625 0.01640625