1 0.6609375 0.45859375 0.078125 0.15546875
0 0.30546875 0.625 0.0578125 0.078125
0 0.15234375 0.69296875 0.0953125 0.1140625
0 0.31015625 0.525 0.0359375 0.05
0 0.35390625 0.46796875 0.0296875 0.0359375
0 0.38828125 0.425 0.0171875 0.028125
0 0.43515625 0.5 0.0328125 0.04453125
0 0.39140625 0.484375 0.0296875 0.04140625
0 0.58984375 0.4625 0.0234375 0.04140625
0 0.43125 0.41640625 0.015625 0.028125
0 0.55234375 0.39140625 0.0140625 0.021875
0 0.53203125 0.40390625 0.0140625 0.025
0 0.4453125 0.45390625 0.021875 0.03046875
0 0.075 0.978125 0.1 0.0390625
0 0.465625 0.40546875 0.015625 0.021875
0 0.090625 0.95 0.13125 0.09453125
0 0.5625 0.36796875 0.015625 0.025
0 0.1125 0.965625 0.0875 0.0640625
0 0.52265625 0.36640625 0.0109375 0.01640625
0 0.40625 0.3625 0.00625 0.0140625
0 0.2921875 0.43046875 0.0125 0.028125
0 0.47421875 0.38203125 0.0140625 0.01953125
0 0.67578125 0.48046875 0.0484375 0.10546875
0 0.4484375 0.39296875 0.0125 0.01953125
0 0.53515625 0.359375 0.0078125 0.0140625
0 0.44140625 0.375 0.0078125 0.01640625
0 0.44453125 0.371875 0.0109375 0.01640625
0 0.5484375 0.35859375 0.009375 0.01640625
0 0.45703125 0.375 0.0109375 0.01640625
0 0.48515625 0.34609375 0.0109375 0.0140625
0 0.47421875 0.35859375 0.0109375 0.01640625
0 0.50546875 0.35703125 0.0078125 0.0140625
0 0.48359375 0.3640625 0.0109375 0.01640625
0 0.00625 0.24609375 0.0125 0.04140625