1 0.41953125 0.37890625 0.0296875 0.053125
1 0.47890625 0.3359375 0.0203125 0.03359375
0 0.0890625 0.7859375 0.11875 0.13359375
0 0.39765625 0.6359375 0.0546875 0.078125
0 0.615625 0.653125 0.059375 0.09453125
0 0.28984375 0.65703125 0.0671875 0.0859375
0 0.69921875 0.653125 0.0609375 0.078125
0 0.7171875 0.56953125 0.05 0.06640625
0 0.42890625 0.5125 0.0296875 0.046875
0 0.3859375 0.4875 0.034375 0.04140625
0 0.2546875 0.5890625 0.053125 0.06640625
0 0.640625 0.4765625 0.03125 0.046875
0 0.57421875 0.4359375 0.0203125 0.028125
0 0.36171875 0.4625 0.0234375 0.0359375
0 0.5359375 0.41953125 0.01875 0.028125
0 0.39609375 0.42109375 0.0171875 0.025
0 0.4234375 0.4234375 0.01875 0.025
0 0.3484375 0.859375 0.096875 0.153125
0 0.46328125 0.409375 0.0171875 0.025
0 0.57109375 0.3875 0.0109375 0.01953125
0 0.43984375 0.3734375 0.0109375 0.01953125
0 0.4765625 0.38359375 0.0125 0.01640625
0 0.44921875 0.39140625 0.0140625 0.028125
0 0.4640625 0.3640625 0.009375 0.01640625
0 0.56015625 0.375 0.0109375 0.01640625
0 0.48515625 0.3640625 0.0140625 0.01640625
0 0.5203125 0.36953125 0.0125 0.01640625
0 0.44609375 0.3984375 0.0109375 0.01953125
0 0.47578125 0.3125 0.0109375 0.01953125
0 0.55390625 0.365625 0.0109375 0.0140625
0 0.50546875 0.884375 0.1359375 0.225
0 0.5421875 0.375 0.009375 0.01640625