1 0.34453125 0.47109375 0.0359375 0.05859375
1 0.44921875 0.44296875 0.0265625 0.04140625
0 0.3375 0.85859375 0.09375 0.1390625
0 0.11640625 0.94296875 0.1453125 0.10859375
0 0.659375 0.725 0.09375 0.1890625
0 0.39921875 0.6234375 0.0515625 0.075
0 0.15859375 0.67890625 0.1078125 0.13046875
0 0.44296875 0.49453125 0.0296875 0.04453125
0 0.62109375 0.509375 0.0328125 0.046875
0 0.3203125 0.60703125 0.05625 0.075
0 0.5515625 0.47109375 0.028125 0.04140625
0 0.3828125 0.43046875 0.021875 0.03359375
0 0.41484375 0.4484375 0.0203125 0.03046875
0 0.41015625 0.40390625 0.0171875 0.025
0 0.5625 0.375 0.009375 0.01640625
0 0.54453125 0.384375 0.0140625 0.01953125
0 0.42421875 0.390625 0.0140625 0.01953125
0 0.46796875 0.390625 0.0140625 0.01953125
0 0.5265625 0.396875 0.015625 0.021875
0 0.44296875 0.4 0.0140625 0.021875
0 0.52265625 0.375 0.0109375 0.01640625
0 0.44140625 0.3765625 0.0109375 0.0140625
0 0.46171875 0.415625 0.0171875 0.025
0 0.4609375 0.371875 0.009375 0.01640625
0 0.45078125 0.36640625 0.0109375 0.01640625
0 0.55546875 0.36796875 0.0078125 0.0140625
0 0.45859375 0.35859375 0.0109375 0.0109375
0 0.40625 0.3640625 0.00625 0.01640625
0 0.5359375 0.3609375 0.009375 0.0109375
0 0.47265625 0.35859375 0.0109375 0.01640625
0 0.48828125 0.359375 0.0109375 0.0140625