1 0.09296875 0.71796875 0.1859375 0.43046875
1 0.3890625 0.41640625 0.028125 0.05546875
1 0.575 0.38046875 0.03125 0.05546875
1 0.45859375 0.41640625 0.0203125 0.04453125
1 0.46484375 0.35546875 0.0109375 0.028125
0 0.384375 0.69296875 0.065625 0.096875
0 0.61953125 0.52109375 0.0359375 0.053125
0 0.3265625 0.60390625 0.05625 0.075
0 0.4375 0.4890625 0.028125 0.04453125
0 0.14453125 0.92109375 0.1421875 0.153125
0 0.4015625 0.46640625 0.025 0.03359375
0 0.45 0.3859375 0.0125 0.021875
0 0.425 0.39140625 0.0125 0.021875
0 0.43828125 0.3765625 0.0109375 0.0140625
0 0.46796875 0.39453125 0.0140625 0.03359375
0 0.5234375 0.3609375 0.015625 0.028125
0 0.40625 0.3625 0.00625 0.0140625
0 0.55546875 0.371875 0.0109375 0.01640625
0 0.478125 0.378125 0.0125 0.021875
0 0.446875 0.36796875 0.009375 0.0140625
0 0.48984375 0.35390625 0.0078125 0.00859375
0 0.459375 0.35390625 0.00625 0.0140625
0 0.53515625 0.35859375 0.0109375 0.01640625
0 0.56640625 0.37109375 0.0140625 0.0359375
0 0.46640625 0.3625 0.0078125 0.0140625
0 0.56015625 0.3765625 0.0078125 0.01953125
0 0.578125 0.396875 0.01875 0.021875