1 0.3546875 0.44296875 0.05625 0.09140625
1 0.57578125 0.3734375 0.0265625 0.0640625
1 0.41875 0.39140625 0.01875 0.03359375
0 0.6125 0.6890625 0.059375 0.10546875
0 0.2796875 0.55 0.046875 0.0609375
0 0.4390625 0.49296875 0.028125 0.04140625
0 0.74375 0.715625 0.0875 0.14140625
0 0.59609375 0.46640625 0.0234375 0.0390625
0 0.37421875 0.50390625 0.0328125 0.046875
0 0.41328125 0.45703125 0.0234375 0.0359375
0 0.55078125 0.465625 0.0265625 0.04140625
0 0.56484375 0.41796875 0.0171875 0.025
0 0.43515625 0.4125 0.0171875 0.025
0 0.4484375 0.3859375 0.0125 0.021875
0 0.53046875 0.40859375 0.0140625 0.021875
0 0.52578125 0.378125 0.0140625 0.021875
0 0.5515625 0.3890625 0.0125 0.021875
0 0.5046875 0.35546875 0.009375 0.01640625
0 0.4828125 0.365625 0.009375 0.0140625
0 0.55859375 0.378125 0.0078125 0.01640625
0 0.44140625 0.371875 0.0109375 0.01640625
0 0.40703125 0.3625 0.0078125 0.0140625
0 0.5421875 0.3765625 0.009375 0.0140625
0 0.49375 0.3484375 0.009375 0.0140625
0 0.46875 0.35859375 0.009375 0.021875
0 0.47421875 0.35859375 0.0109375 0.01640625
0 0.5328125 0.3515625 0.009375 0.0140625
0 0.57890625 0.39453125 0.0171875 0.021875