1 0.215625 0.5640625 0.184375 0.25
1 0.38671875 0.4515625 0.0640625 0.13046875
1 0.78359375 0.6234375 0.0953125 0.15859375
0 0.66953125 0.50703125 0.0328125 0.046875
0 0.6046875 0.665625 0.05625 0.09140625
0 0.396875 0.6390625 0.05625 0.0890625
0 0.1828125 0.83046875 0.115625 0.15
0 0.44765625 0.446875 0.0265625 0.03359375
0 0.84453125 0.871875 0.1203125 0.19453125
0 0.5546875 0.48203125 0.028125 0.046875
0 0.60859375 0.43359375 0.0203125 0.028125
0 0.46484375 0.4140625 0.0171875 0.021875
0 0.425 0.425 0.01875 0.028125
0 0.428125 0.3859375 0.0125 0.01640625
0 0.53046875 0.40390625 0.0140625 0.025
0 0.5578125 0.40390625 0.015625 0.025
0 0.45234375 0.3875 0.0140625 0.01953125
0 0.47578125 0.38046875 0.0109375 0.01640625
0 0.40625 0.3640625 0.00625 0.01640625
0 0.47421875 0.3125 0.0109375 0.0140625
0 0.56640625 0.38203125 0.0171875 0.025
0 0.4609375 0.371875 0.0125 0.021875
0 0.525 0.38203125 0.0125 0.01953125
0 0.096875 0.46796875 0.021875 0.025
0 0.54765625 0.38359375 0.0109375 0.01640625
0 0.4109375 0.3625 0.015625 0.01953125
0 0.53515625 0.35703125 0.0109375 0.01953125
0 0.58828125 0.4125 0.0171875 0.01953125
0 0.30078125 0.48046875 0.0140625 0.04453125
0 0.47734375 0.34609375 0.0078125 0.0140625
0 0.865625 0.9 0.078125 0.1390625
0 0.41484375 0.39609375 0.0078125 0.025