1 0.4234375 0.3765625 0.028125 0.053125
0 0.240625 0.75546875 0.090625 0.1
0 0.37578125 0.70703125 0.0671875 0.096875
0 0.04765625 0.85390625 0.0953125 0.14140625
0 0.4125 0.603125 0.05 0.071875
0 0.24921875 0.59140625 0.0578125 0.06640625
0 0.3484375 0.478125 0.028125 0.0390625
0 0.35546875 0.55390625 0.0484375 0.0640625
0 0.43828125 0.50546875 0.0265625 0.04453125
0 0.58671875 0.4125 0.0171875 0.025
0 0.45078125 0.4515625 0.0234375 0.0359375
0 0.396875 0.47109375 0.025 0.0359375
0 0.459375 0.409375 0.015625 0.025
0 0.4015625 0.41796875 0.015625 0.025
0 0.5515625 0.396875 0.015625 0.021875
0 0.56015625 0.3765625 0.0109375 0.0140625
0 0.4140625 0.446875 0.021875 0.03359375
0 0.421875 0.4265625 0.015625 0.025
0 0.44609375 0.384375 0.0171875 0.03046875
0 0.4703125 0.39140625 0.0125 0.021875
0 0.47734375 0.37109375 0.0140625 0.01953125
0 0.5046875 0.35703125 0.009375 0.01953125
0 0.534375 0.35703125 0.009375 0.0140625
0 0.53984375 0.3265625 0.0078125 0.0140625
0 0.55078125 0.328125 0.0140625 0.01640625
0 0.48515625 0.359375 0.0109375 0.0140625
0 0.46328125 0.36640625 0.0109375 0.01640625
0 0.54453125 0.353125 0.0109375 0.01640625
0 0.703125 0.29296875 0.0125 0.0140625
0 0.45703125 0.38046875 0.0109375 0.021875
0 0.45234375 0.359375 0.0140625 0.01953125