1 0.2703125 0.59296875 0.09375 0.153125
1 0.159375 0.75703125 0.31875 0.48046875
1 0.2125 0.6734375 0.2125 0.3140625
0 0.37109375 0.7140625 0.0671875 0.1109375
0 0.59609375 0.47109375 0.0265625 0.0359375
0 0.6125 0.609375 0.046875 0.08046875
0 0.41328125 0.559375 0.0453125 0.0640625
0 0.37578125 0.44453125 0.0234375 0.028125
0 0.334375 0.49140625 0.034375 0.0390625
0 0.74296875 0.603125 0.0609375 0.08359375
0 0.72578125 0.690625 0.0765625 0.1140625
0 0.38046875 0.50703125 0.0328125 0.046875
0 0.41328125 0.440625 0.0203125 0.03046875
0 0.440625 0.47109375 0.025 0.0359375
0 0.73359375 0.93046875 0.1265625 0.13359375
0 0.45546875 0.4375 0.0203125 0.03046875
0 0.4109375 0.40703125 0.015625 0.01953125
0 0.4328125 0.4109375 0.015625 0.021875
0 0.0640625 0.96640625 0.103125 0.0609375
0 0.465625 0.40390625 0.015625 0.025
0 0.5328125 0.40390625 0.015625 0.025
0 0.55703125 0.35 0.0140625 0.01640625
0 0.43828125 0.378125 0.0109375 0.01640625
0 0.55625 0.396875 0.015625 0.021875
0 0.40625 0.3640625 0.00625 0.01640625
0 0.47421875 0.3140625 0.0109375 0.01640625
0 0.47578125 0.3875 0.0109375 0.0140625
0 0.55625 0.37109375 0.015625 0.01953125
0 0.53515625 0.35 0.0078125 0.01640625
0 0.45 0.365625 0.009375 0.0140625
0 0.446875 0.39296875 0.015625 0.01953125
0 0.48125 0.371875 0.0125 0.01640625
0 0.528125 0.3734375 0.00625 0.0140625
0 0.4921875 0.35390625 0.009375 0.0140625
0 0.459375 0.378125 0.0125 0.01640625
0 0.2859375 0.721875 0.046875 0.1
0 0.45859375 0.35859375 0.0109375 0.0109375
0 0.4703125 0.3625 0.009375 0.0140625
0 0.54453125 0.384375 0.0078125 0.01953125
0 0.5203125 0.359375 0.00625 0.0140625
0 0.703125 0.29140625 0.0125 0.0109375