1 0.43125 0.39140625 0.034375 0.078125
1 0.46171875 0.3359375 0.0171875 0.04453125
1 0.56796875 0.3765625 0.0140625 0.03046875
0 0.21484375 0.7890625 0.1015625 0.1390625
0 0.19609375 0.653125 0.0734375 0.08359375
0 0.3765625 0.67109375 0.0625 0.096875
0 0.56484375 0.509375 0.0296875 0.053125
0 0.58046875 0.45 0.0203125 0.03359375
0 0.4234375 0.5609375 0.040625 0.0609375
0 0.36328125 0.52890625 0.0390625 0.046875
0 0.45625 0.4375 0.021875 0.03046875
0 0.36875 0.4484375 0.025 0.03046875
0 0.3390625 0.4875 0.03125 0.04140625
0 0.53671875 0.390625 0.0140625 0.01953125
0 0.396875 0.42109375 0.015625 0.025
0 0.46953125 0.3984375 0.0109375 0.01953125
0 0.453125 0.384375 0.0125 0.01953125
0 0.409375 0.36640625 0.009375 0.01640625
0 0.46171875 0.36953125 0.0109375 0.01640625
0 0.4015625 0.415625 0.028125 0.0359375
0 0.48359375 0.3359375 0.0078125 0.01640625
0 0.4265625 0.42109375 0.021875 0.025
0 0.54375 0.346875 0.009375 0.01640625
0 0.47578125 0.37890625 0.0109375 0.01953125
0 0.475 0.35859375 0.0125 0.01640625
0 0.4859375 0.35859375 0.009375 0.01640625
0 0.53671875 0.37109375 0.0078125 0.01953125
0 0.51953125 0.365625 0.0109375 0.01953125
0 0.5484375 0.38359375 0.0125 0.021875