1 0.40390625 0.4484375 0.0328125 0.05859375
1 0.4609375 0.328125 0.015625 0.028125
0 0.328125 0.884375 0.103125 0.153125
0 0.41328125 0.571875 0.0421875 0.0609375
0 0.0875 0.77109375 0.121875 0.13046875
0 0.27578125 0.6765625 0.0734375 0.103125
0 0.44375 0.49453125 0.03125 0.04453125
0 0.65546875 0.49296875 0.0328125 0.04140625
0 0.59140625 0.4515625 0.0203125 0.03046875
0 0.29453125 0.5359375 0.0421875 0.0609375
0 0.6203125 0.54296875 0.0375 0.05859375
0 0.53984375 0.428125 0.0234375 0.0390625
0 0.41328125 0.40546875 0.0140625 0.021875
0 0.44140625 0.40390625 0.0140625 0.025
0 0.4609375 0.38046875 0.0125 0.01640625
0 0.52421875 0.378125 0.0109375 0.01640625
0 0.4359375 0.38046875 0.0125 0.021875
0 0.47890625 0.371875 0.0109375 0.01640625
0 0.54609375 0.3484375 0.0078125 0.01953125
0 0.446875 0.36796875 0.009375 0.0140625
0 0.5359375 0.35859375 0.0125 0.01640625
0 0.4765625 0.35 0.009375 0.021875
0 0.4828125 0.353125 0.021875 0.03359375
0 0.48671875 0.3609375 0.0109375 0.01640625
0 0.47265625 0.3109375 0.0078125 0.01640625
0 0.2921875 0.42890625 0.009375 0.025
0 0.51796875 0.3265625 0.0109375 0.0140625
0 0.40703125 0.3640625 0.0046875 0.01640625
0 0.50546875 0.35703125 0.0078125 0.0140625
0 0.5375 0.4125 0.015625 0.025
0 0.50234375 0.3390625 0.0078125 0.01640625