1 0.7625 0.70546875 0.128125 0.271875
1 0.65390625 0.471875 0.0421875 0.078125
1 0.45703125 0.359375 0.0203125 0.046875
0 0.38828125 0.675 0.0578125 0.0890625
0 0.58359375 0.58046875 0.0421875 0.078125
0 0.3515625 0.540625 0.040625 0.053125
0 0.3078125 0.5109375 0.03125 0.04453125
0 0.43359375 0.5015625 0.0296875 0.04140625
0 0.38046875 0.4375 0.0234375 0.03046875
0 0.58671875 0.40546875 0.0171875 0.028125
0 0.59453125 0.4734375 0.0265625 0.04140625
0 0.415625 0.44296875 0.021875 0.03046875
0 0.44921875 0.44609375 0.0234375 0.03046875
0 0.47421875 0.384375 0.0140625 0.01953125
0 0.4625 0.4265625 0.015625 0.03046875
0 0.43828125 0.40859375 0.0171875 0.021875
0 0.4078125 0.40859375 0.015625 0.021875
0 0.53984375 0.440625 0.0203125 0.03046875
0 0.43203125 0.38203125 0.0109375 0.01953125
0 0.5515625 0.390625 0.0125 0.01953125
0 0.41796875 0.39609375 0.0140625 0.01953125
0 0.40625 0.365625 0.00625 0.0140625
0 0.45625 0.375 0.015625 0.01640625
0 0.55703125 0.36796875 0.0109375 0.01953125
0 0.53046875 0.39453125 0.0140625 0.021875
0 0.525 0.375 0.0125 0.01640625
0 0.36875 0.325 0.0125 0.01640625
0 0.52109375 0.35546875 0.0078125 0.01640625
0 0.50546875 0.35546875 0.0078125 0.01640625
0 0.48359375 0.36640625 0.0109375 0.01640625
0 0.53671875 0.3625 0.0109375 0.0140625