1 0.875 0.728125 0.246875 0.48359375
1 0.4453125 0.378125 0.025 0.0609375
1 0.41640625 0.39140625 0.0203125 0.03359375
0 0.0703125 0.815625 0.13125 0.1359375
0 0.24453125 0.75 0.0953125 0.1109375
0 0.4015625 0.6125 0.046875 0.06953125
0 0.5671875 0.546875 0.040625 0.06640625
0 0.2375 0.6 0.059375 0.078125
0 0.32265625 0.509375 0.0359375 0.046875
0 0.37578125 0.503125 0.0328125 0.04453125
0 0.2796875 0.95390625 0.1125 0.0859375
0 0.43828125 0.49296875 0.0296875 0.04140625
0 0.64296875 0.56953125 0.0421875 0.06640625
0 0.69140625 0.54609375 0.0421875 0.05859375
0 0.41015625 0.4515625 0.0265625 0.0359375
0 0.4546875 0.44296875 0.021875 0.03046875
0 0.615625 0.44609375 0.025 0.0359375
0 0.65390625 0.49296875 0.0328125 0.046875
0 0.40234375 0.41640625 0.0171875 0.028125
0 0.4328125 0.415625 0.015625 0.025
0 0.5265625 0.38359375 0.015625 0.01640625
0 0.55234375 0.39140625 0.0140625 0.021875
0 0.56953125 0.428125 0.0203125 0.028125
0 0.47421875 0.39140625 0.0140625 0.021875
0 0.5921875 0.41640625 0.015625 0.021875
0 0.43125 0.34453125 0.0125 0.01640625
0 0.584375 0.40546875 0.0125 0.021875
0 0.49609375 0.3375 0.0078125 0.0140625
0 0.57265625 0.396875 0.0078125 0.021875
0 0.4328125 0.39296875 0.0125 0.025
0 0.4609375 0.38046875 0.00625 0.01640625
0 0.5625 0.378125 0.015625 0.021875
0 0.5359375 0.3625 0.015625 0.01953125
0 0.478125 0.37890625 0.0125 0.0140625
0 0.546875 0.35390625 0.00625 0.0140625
0 0.5203125 0.365625 0.009375 0.0140625