1 0.41875 0.40546875 0.04375 0.08359375
1 0.4484375 0.371875 0.021875 0.05546875
1 0.43359375 0.371875 0.0515625 0.05546875
0 0.68828125 0.540625 0.0421875 0.05859375
0 0.4109375 0.584375 0.04375 0.0640625
0 0.27890625 0.678125 0.0828125 0.10546875
0 0.821875 0.89140625 0.1375 0.2109375
0 0.37265625 0.51796875 0.0359375 0.046875
0 0.96875 0.8984375 0.059375 0.13046875
0 0.328125 0.5015625 0.034375 0.04140625
0 0.459375 0.42890625 0.021875 0.03046875
0 0.4390625 0.475 0.03125 0.04453125
0 0.55546875 0.39140625 0.0140625 0.021875
0 0.38125 0.4375 0.021875 0.03046875
0 0.53359375 0.4 0.0171875 0.028125
0 0.46875 0.39453125 0.01875 0.028125
0 0.5265625 0.3765625 0.0125 0.025
0 0.48515625 0.36640625 0.0109375 0.01640625
0 0.54453125 0.34609375 0.0109375 0.0140625
0 0.3984375 0.415625 0.009375 0.025
0 0.47421875 0.390625 0.0078125 0.01953125
0 0.5046875 0.35859375 0.009375 0.01640625
0 0.4640625 0.35546875 0.009375 0.0109375
0 0.415625 0.43203125 0.025 0.03046875
0 0.53671875 0.3609375 0.0109375 0.01640625
0 0.4078125 0.4125 0.0125 0.01953125
0 0.4046875 0.4140625 0.01875 0.028125
0 0.53671875 0.36953125 0.0328125 0.09453125