1 0.38984375 0.4109375 0.0390625 0.0609375
1 0.3046875 0.5140625 0.05 0.078125
1 0.4171875 0.4375 0.025 0.04140625
0 0.38046875 0.690625 0.0640625 0.09140625
0 0.1859375 0.8640625 0.121875 0.15
0 0.6453125 0.5484375 0.0375 0.05859375
0 0.3671875 0.525 0.040625 0.05
0 0.42578125 0.55 0.0359375 0.05546875
0 0.31640625 0.62109375 0.0640625 0.075
0 0.20546875 0.6484375 0.0703125 0.08046875
0 0.44765625 0.471875 0.0234375 0.0390625
0 0.0421875 0.90703125 0.084375 0.15859375
0 0.69921875 0.909375 0.1109375 0.175
0 0.5890625 0.4140625 0.015625 0.021875
0 0.56953125 0.384375 0.0109375 0.01953125
0 0.46015625 0.4265625 0.0203125 0.025
0 0.43046875 0.3859375 0.0140625 0.021875
0 0.4453125 0.39296875 0.0125 0.01953125
0 0.4671875 0.4015625 0.015625 0.025
0 0.53828125 0.3625 0.0109375 0.0140625
0 0.478125 0.378125 0.0125 0.01640625
0 0.43984375 0.3765625 0.0109375 0.0140625
0 0.54140625 0.35859375 0.0171875 0.021875
0 0.4578125 0.378125 0.0125 0.01640625
0 0.40625 0.3625 0.00625 0.0140625
0 0.5046875 0.35703125 0.009375 0.0140625
0 0.546875 0.35390625 0.00625 0.0140625
0 0.4515625 0.3625 0.009375 0.0140625
0 0.51796875 0.325 0.0109375 0.0109375
0 0.50546875 0.88046875 0.1359375 0.23359375
0 0.44453125 0.43203125 0.0109375 0.01953125