0 0.1796875 0.671875 0.078125 0.0890625
0 0.70234375 0.65 0.0609375 0.09453125
0 0.41640625 0.56640625 0.0453125 0.0609375
0 0.15859375 0.89609375 0.1234375 0.15859375
0 0.8921875 0.778125 0.115625 0.15546875
0 0.32265625 0.6 0.0546875 0.071875
0 0.66640625 0.509375 0.0328125 0.046875
0 0.6296875 0.453125 0.025 0.03359375
0 0.4484375 0.4515625 0.025 0.0359375
0 0.5703125 0.41640625 0.01875 0.028125
0 0.38046875 0.440625 0.0203125 0.03046875
0 0.39765625 0.47109375 0.0265625 0.0359375
0 0.42109375 0.4359375 0.0234375 0.028125
0 0.53828125 0.415625 0.0171875 0.025
0 0.41484375 0.3984375 0.0140625 0.025
0 0.5296875 0.3890625 0.015625 0.021875
0 0.4671875 0.4 0.015625 0.021875
0 0.09375 0.36796875 0.01875 0.01953125
0 0.440625 0.3984375 0.0125 0.01953125
0 0.5453125 0.403125 0.009375 0.01640625
0 0.44375 0.371875 0.009375 0.01640625
0 0.40703125 0.3640625 0.0046875 0.0109375
0 0.4765625 0.3765625 0.0125 0.01953125
0 0.50546875 0.35546875 0.0078125 0.01640625
0 0.14921875 0.984375 0.1078125 0.025