1 0.29765625 0.48046875 0.1015625 0.178125
1 0.6578125 0.47890625 0.04375 0.08046875
1 0.3765625 0.4375 0.025 0.053125
1 0.490625 0.334375 0.01875 0.03046875
0 0.77421875 0.64296875 0.0640625 0.09140625
0 0.0984375 0.9484375 0.15 0.096875
0 0.30078125 0.93203125 0.1140625 0.13046875
0 0.62890625 0.67890625 0.0640625 0.10859375
0 0.41484375 0.578125 0.0421875 0.06640625
0 0.16953125 0.68359375 0.0828125 0.1109375
0 0.346875 0.55546875 0.046875 0.0609375
0 0.384375 0.49609375 0.034375 0.04140625
0 0.4375 0.46953125 0.028125 0.0390625
0 0.6171875 0.45546875 0.025 0.03359375
0 0.6 0.421875 0.01875 0.028125
0 0.45859375 0.428125 0.0171875 0.028125
0 0.56484375 0.41640625 0.0171875 0.028125
0 0.403125 0.4125 0.015625 0.025
0 0.4109375 0.44609375 0.021875 0.03046875
0 0.53984375 0.4234375 0.0234375 0.04140625
0 0.46875 0.39453125 0.0125 0.021875
0 0.56953125 0.390625 0.0171875 0.025
0 0.42421875 0.43046875 0.0140625 0.021875
0 0.40625 0.365625 0.00625 0.0140625
0 0.3453125 0.49140625 0.0125 0.0390625
0 0.428125 0.3890625 0.0125 0.021875
0 0.478125 0.38046875 0.0125 0.021875
0 0.5046875 0.35703125 0.009375 0.01953125
0 0.346875 0.4859375 0.009375 0.028125
0 0.4296875 0.415625 0.015625 0.025
0 0.525 0.371875 0.0125 0.01640625
0 0.54921875 0.39609375 0.0140625 0.01953125
0 0.7 0.290625 0.021875 0.0140625
0 0.446875 0.36953125 0.009375 0.01640625
0 0.36953125 0.3265625 0.0109375 0.0140625
0 0.43984375 0.378125 0.0109375 0.01640625
0 0.54296875 0.34140625 0.0109375 0.01640625
0 0.45625 0.38203125 0.0125 0.01953125
0 0.4890625 0.35546875 0.009375 0.0109375
0 0.45859375 0.3609375 0.0109375 0.01640625
0 0.5609375 0.371875 0.0125 0.01640625
0 0.478125 0.353125 0.009375 0.01640625
0 0.43515625 0.403125 0.0140625 0.021875
0 0.4484375 0.39296875 0.0125 0.01953125