1 0.76015625 0.5984375 0.0765625 0.14140625
1 0.6375 0.44453125 0.059375 0.09453125
1 0.58203125 0.39609375 0.0296875 0.05859375
0 0.29921875 0.9015625 0.1203125 0.175
0 0.62890625 0.52890625 0.0359375 0.053125
0 0.31328125 0.6109375 0.0609375 0.09453125
0 0.4296875 0.525 0.034375 0.05546875
0 0.5875 0.59296875 0.04375 0.075
0 0.37890625 0.49296875 0.0328125 0.046875
0 0.55625 0.4765625 0.028125 0.04140625
0 0.41015625 0.403125 0.0140625 0.021875
0 0.35859375 0.4625 0.0234375 0.0359375
0 0.421875 0.434375 0.01875 0.03046875
0 0.45859375 0.41953125 0.0171875 0.028125
0 0.6015625 0.43046875 0.015625 0.028125
0 0.54765625 0.37890625 0.0140625 0.01953125
0 0.5375 0.43359375 0.021875 0.03359375
0 0.47421875 0.3875 0.0109375 0.01953125
0 0.44296875 0.39296875 0.0140625 0.025
0 0.43125 0.38046875 0.0125 0.01640625
0 0.58125 0.37890625 0.025 0.025
0 0.40625 0.3640625 0.00625 0.01640625
0 0.48203125 0.36640625 0.0109375 0.01640625
0 0.52578125 0.38359375 0.0140625 0.021875
0 0.53359375 0.40703125 0.0171875 0.025
0 0.44765625 0.36796875 0.0078125 0.0140625
0 0.0109375 0.925 0.021875 0.078125
0 0.45703125 0.378125 0.0109375 0.01640625
0 0.36953125 0.3265625 0.0109375 0.0140625
0 0.4625 0.36796875 0.009375 0.01953125
0 0.5046875 0.35703125 0.009375 0.01953125
0 0.53359375 0.35703125 0.0078125 0.0140625
0 0.62890625 0.40859375 0.0359375 0.021875