1 0.38515625 0.40390625 0.0453125 0.09140625
0 0.24296875 0.75 0.0953125 0.11640625
0 0.37265625 0.7375 0.0703125 0.1140625
0 0.1296875 0.74140625 0.109375 0.1109375
0 0.846875 0.70703125 0.090625 0.125
0 0.328125 0.59296875 0.053125 0.0640625
0 0.5578125 0.48046875 0.028125 0.04453125
0 0.2890625 0.54453125 0.04375 0.05546875
0 0.68203125 0.6359375 0.0578125 0.0890625
0 0.4328125 0.5140625 0.03125 0.04453125
0 0.36875 0.5140625 0.034375 0.05
0 0.6109375 0.4390625 0.021875 0.028125
0 0.35078125 0.471875 0.0296875 0.04453125
0 0.453125 0.4390625 0.021875 0.03359375
0 0.0515625 0.903125 0.103125 0.1890625
0 0.4140625 0.44453125 0.021875 0.03359375
0 0.64375 0.48046875 0.025 0.0390625
0 0.58515625 0.40703125 0.0140625 0.025
0 0.5359375 0.40859375 0.01875 0.03359375
0 0.46328125 0.40546875 0.0171875 0.021875
0 0.2953125 0.42890625 0.01875 0.03046875
0 0.41953125 0.390625 0.0171875 0.03046875
0 0.0578125 0.946875 0.0875 0.1
0 0.42890625 0.4234375 0.0140625 0.025
0 0.5515625 0.3515625 0.009375 0.0140625
0 0.57578125 0.39296875 0.0078125 0.0140625
0 0.7 0.290625 0.021875 0.0140625
0 0.571875 0.3890625 0.0125 0.01640625
0 0.48046875 0.37109375 0.0109375 0.0140625
0 0.4359375 0.38046875 0.0125 0.01640625
0 0.4359375 0.40390625 0.015625 0.025
0 0.5546875 0.371875 0.009375 0.01640625
0 0.4734375 0.3890625 0.009375 0.01640625
0 0.525 0.3765625 0.0125 0.01953125
0 0.503125 0.35546875 0.00625 0.021875
0 0.44765625 0.3875 0.0140625 0.025
0 0.6046875 0.471875 0.01875 0.03359375