1 0.578125 0.41953125 0.04375 0.09453125
0 0.11640625 0.946875 0.1359375 0.1
0 0.384375 0.678125 0.05625 0.078125
0 0.79453125 0.69140625 0.0828125 0.1109375
0 0.43125 0.521875 0.034375 0.05
0 0.353125 0.521875 0.04375 0.05
0 0.625 0.459375 0.021875 0.0359375
0 0.40703125 0.45859375 0.0265625 0.03359375
0 0.34375 0.48359375 0.03125 0.0390625
0 0.54453125 0.44140625 0.0203125 0.03359375
0 0.45625 0.4390625 0.01875 0.03359375
0 0.43671875 0.40859375 0.0171875 0.021875
0 0.3953125 0.42109375 0.021875 0.0359375
0 0.46328125 0.40859375 0.0171875 0.021875
0 0.48046875 0.371875 0.0109375 0.01640625
0 0.41015625 0.4 0.0171875 0.028125
0 0.54375 0.38046875 0.0125 0.01640625
0 0.4578125 0.3765625 0.0125 0.01953125
0 0.47421875 0.3125 0.0078125 0.0140625
0 0.52734375 0.38359375 0.0140625 0.01640625
0 0.5578125 0.3625 0.009375 0.01953125
0 0.40625 0.365625 0.00625 0.0140625
0 0.36875 0.3234375 0.0125 0.0140625
0 0.48828125 0.35546875 0.0109375 0.01640625
0 0.14921875 0.58359375 0.0171875 0.03359375
0 0.496875 0.34453125 0.009375 0.0109375
0 0.69921875 0.290625 0.0203125 0.0140625
0 0.5484375 0.35703125 0.009375 0.01953125
0 0.4296875 0.38359375 0.0125 0.01640625
0 0.703125 0.2890625 0.0125 0.0109375
0 0.540625 0.35859375 0.046875 0.071875
0 0.0046875 0.246875 0.009375 0.03359375