1 0.32734375 0.49453125 0.0390625 0.0609375
0 0.20234375 0.6484375 0.0734375 0.08046875
0 0.6609375 0.59140625 0.046875 0.06640625
0 0.43359375 0.53046875 0.0328125 0.05
0 0.7390625 0.5859375 0.05625 0.08359375
0 0.58203125 0.55859375 0.0390625 0.06640625
0 0.36328125 0.4640625 0.0265625 0.0390625
0 0.45625 0.4375 0.01875 0.03046875
0 0.3859375 0.50390625 0.028125 0.04140625
0 0.4140625 0.45 0.021875 0.03359375
0 0.54140625 0.4390625 0.0234375 0.03359375
0 0.646875 0.4875 0.03125 0.04140625
0 0.39375 0.421875 0.01875 0.028125
0 0.528125 0.403125 0.015625 0.028125
0 0.56171875 0.40859375 0.0171875 0.021875
0 0.434375 0.41796875 0.015625 0.025
0 0.4125 0.3984375 0.015625 0.025
0 0.56875 0.3875 0.0125 0.01953125
0 0.56015625 0.371875 0.0109375 0.01640625
0 0.42734375 0.3890625 0.0140625 0.021875
0 0.46953125 0.39296875 0.0140625 0.01953125
0 0.40703125 0.3640625 0.0046875 0.0109375
0 0.47421875 0.309375 0.0109375 0.01953125
0 0.5390625 0.36796875 0.009375 0.0140625
0 0.4875 0.35859375 0.0125 0.01640625
0 0.52265625 0.371875 0.0109375 0.01640625
0 0.47734375 0.378125 0.0140625 0.021875
0 0.4515625 0.38203125 0.009375 0.01953125