1 0.0578125 0.7875 0.115625 0.3640625
1 0.2734375 0.54609375 0.06875 0.103125
1 0.58984375 0.39453125 0.0328125 0.06640625
1 0.3859375 0.4875 0.034375 0.053125
1 0.3484375 0.46953125 0.03125 0.05
0 0.28359375 0.67109375 0.0703125 0.0859375
0 0.20625 0.79296875 0.1125 0.14140625
0 0.371875 0.74296875 0.075 0.1140625
0 0.27109375 0.971875 0.1140625 0.05
0 0.1 0.96640625 0.15 0.0609375
0 0.66484375 0.5 0.0328125 0.04453125
0 0.628125 0.45859375 0.021875 0.03359375
0 0.5953125 0.4734375 0.03125 0.04140625
0 0.34296875 0.584375 0.0484375 0.0640625
0 0.54296875 0.453125 0.0234375 0.03359375
0 0.5609375 0.4125 0.015625 0.025
0 0.41484375 0.57109375 0.0453125 0.08046875
0 0.38125 0.4359375 0.021875 0.03359375
0 0.53203125 0.403125 0.0171875 0.021875
0 0.4078125 0.45859375 0.021875 0.03359375
0 0.35703125 0.54453125 0.0359375 0.05546875
0 0.52578125 0.37890625 0.0140625 0.01953125
0 0.43203125 0.41640625 0.0171875 0.021875
0 0.44140625 0.49453125 0.0265625 0.0390625
0 0.40625 0.40703125 0.015625 0.03046875
0 0.44375 0.37109375 0.009375 0.0140625
0 0.43125 0.515625 0.03125 0.046875
0 0.56328125 0.38203125 0.0140625 0.01953125
0 0.428125 0.5390625 0.03125 0.05
0 0.55859375 0.45390625 0.0109375 0.025
0 0.45625 0.38046875 0.0125 0.01640625
0 0.44453125 0.4640625 0.0265625 0.0390625
0 0.41796875 0.4390625 0.0203125 0.0390625
0 0.55546875 0.36640625 0.0109375 0.01640625
0 0.4390625 0.403125 0.015625 0.021875
0 0.43671875 0.38359375 0.0109375 0.01640625
0 0.49453125 0.34609375 0.0109375 0.025
0 0.5046875 0.35546875 0.009375 0.01640625
0 0.40625 0.3640625 0.00625 0.01640625
0 0.453125 0.446875 0.021875 0.0390625
0 0.5375 0.353125 0.015625 0.028125
0 0.46171875 0.4140625 0.0203125 0.028125
0 0.5203125 0.35859375 0.009375 0.021875
0 0.59296875 0.4125 0.0234375 0.03046875