1 0.1140625 0.715625 0.228125 0.46953125
1 0.41171875 0.41953125 0.0453125 0.09453125
0 0.375 0.69140625 0.06875 0.1
0 0.63515625 0.46953125 0.0296875 0.0390625
0 0.8421875 0.7125 0.09375 0.1140625
0 0.4390625 0.50859375 0.034375 0.04453125
0 0.6671875 0.59296875 0.053125 0.08046875
0 0.31328125 0.5125 0.0421875 0.053125
0 0.38203125 0.43359375 0.0171875 0.028125
0 0.3421875 0.56640625 0.046875 0.0609375
0 0.54765625 0.4375 0.0203125 0.03046875
0 0.53203125 0.4015625 0.0140625 0.025
0 0.46328125 0.41796875 0.0171875 0.025
0 0.378125 0.50390625 0.034375 0.04140625
0 0.54140625 0.375 0.0109375 0.01640625
0 0.44765625 0.3875 0.0140625 0.01953125
0 0.4640625 0.365625 0.009375 0.01953125
0 0.43828125 0.4125 0.0109375 0.03046875
0 0.471875 0.39140625 0.015625 0.028125
0 0.5046875 0.35859375 0.009375 0.01640625
0 0.48046875 0.37109375 0.0109375 0.01953125
0 0.53515625 0.359375 0.0078125 0.01953125
0 0.45 0.35703125 0.009375 0.01953125
0 0.54609375 0.3515625 0.0078125 0.0140625
0 0.4875 0.34140625 0.009375 0.01640625