0 0.37890625 0.69609375 0.0671875 0.096875
0 0.0484375 0.871875 0.096875 0.16640625
0 0.325 0.5984375 0.053125 0.06953125
0 0.5984375 0.61796875 0.05 0.0859375
0 0.31328125 0.5234375 0.0421875 0.046875
0 0.690625 0.53046875 0.04375 0.0609375
0 0.63046875 0.540625 0.0421875 0.0640625
0 0.37734375 0.44609375 0.0234375 0.03046875
0 0.62578125 0.45390625 0.0265625 0.04140625
0 0.43671875 0.490625 0.0328125 0.046875
0 0.4125 0.440625 0.021875 0.0359375
0 0.53984375 0.434375 0.0203125 0.03046875
0 0.453125 0.43203125 0.01875 0.03046875
0 0.4359375 0.46640625 0.021875 0.028125
0 0.41875 0.3984375 0.015625 0.01953125
0 0.43515625 0.4125 0.0171875 0.025
0 0.59296875 0.41953125 0.0140625 0.021875
0 0.58046875 0.40390625 0.0140625 0.01953125
0 0.4640625 0.40703125 0.015625 0.025
0 0.55390625 0.4015625 0.0140625 0.01953125
0 0.4296875 0.38203125 0.015625 0.025
0 0.40625 0.365625 0.00625 0.0140625
0 0.53046875 0.39296875 0.0140625 0.01953125
0 0.56484375 0.38046875 0.0140625 0.01640625
0 0.54375 0.38046875 0.009375 0.01640625
0 0.4734375 0.39140625 0.0125 0.01640625
0 0.45390625 0.37890625 0.0109375 0.01953125
0 0.47265625 0.3109375 0.0078125 0.01640625
0 0.55546875 0.34453125 0.0109375 0.01640625
0 0.55546875 0.3625 0.0140625 0.01953125
0 0.44140625 0.375 0.0109375 0.01640625
0 0.44453125 0.39296875 0.0140625 0.01953125
0 0.703125 0.29296875 0.0125 0.0140625
0 0.525 0.3734375 0.0125 0.0140625