1 0.66328125 0.48046875 0.0484375 0.1
1 0.3453125 0.4640625 0.04375 0.078125
1 0.4046875 0.40859375 0.01875 0.03359375
1 0.23671875 0.7140625 0.1046875 0.1609375
0 0.64609375 0.55390625 0.0421875 0.05859375
0 0.40078125 0.6234375 0.0546875 0.0859375
0 0.42578125 0.5359375 0.0359375 0.05546875
0 0.55625 0.503125 0.03125 0.05
0 0.35546875 0.54140625 0.0359375 0.05
0 0.25234375 0.58203125 0.0515625 0.0640625
0 0.3984375 0.46796875 0.028125 0.0359375
0 0.44296875 0.47109375 0.0265625 0.0359375
0 0.528125 0.390625 0.015625 0.01953125
0 0.42421875 0.3890625 0.0140625 0.021875
0 0.575 0.39140625 0.0125 0.021875
0 0.5625 0.4109375 0.015625 0.021875
0 0.44453125 0.4 0.0140625 0.021875
0 0.45234375 0.434375 0.0203125 0.03046875
0 0.46640625 0.40546875 0.0140625 0.021875
0 0.26796875 0.99296875 0.0765625 0.00859375
0 0.47578125 0.38046875 0.0109375 0.01640625
0 0.55390625 0.3890625 0.0140625 0.021875
0 0.44765625 0.36796875 0.0078125 0.0140625
0 0.40625 0.3640625 0.00625 0.01640625
0 0.45859375 0.371875 0.0171875 0.028125
0 0.51953125 0.365625 0.0078125 0.0140625
0 0.5046875 0.35546875 0.009375 0.01640625
0 0.703125 0.290625 0.0125 0.0140625
0 0.471875 0.35859375 0.009375 0.01640625
0 0.484375 0.36640625 0.009375 0.0109375
0 0.53046875 0.34453125 0.0078125 0.01640625
0 0.5359375 0.359375 0.009375 0.0140625
0 0.440625 0.44296875 0.0125 0.01953125
0 0.34375 0.428125 0.015625 0.01640625