1 0.55703125 0.39609375 0.0203125 0.04140625
1 0.40078125 0.4140625 0.0265625 0.03359375
0 0.25546875 0.69140625 0.0828125 0.09453125
0 0.75625 0.75546875 0.090625 0.15
0 0.3515625 0.76640625 0.071875 0.1109375
0 0.85859375 0.7359375 0.1015625 0.121875
0 0.4265625 0.5265625 0.034375 0.046875
0 0.63203125 0.4625 0.0265625 0.04140625
0 0.2609375 0.56796875 0.053125 0.06953125
0 0.3640625 0.4625 0.021875 0.0359375
0 0.3875 0.4875 0.034375 0.04140625
0 0.4125 0.44609375 0.021875 0.03046875
0 0.3234375 0.596875 0.05 0.06640625
0 0.53515625 0.41953125 0.0171875 0.028125
0 0.584375 0.40859375 0.0125 0.021875
0 0.5796875 0.44609375 0.021875 0.03046875
0 0.45234375 0.45390625 0.0234375 0.03046875
0 0.43359375 0.4109375 0.0171875 0.021875
0 0.440625 0.371875 0.009375 0.01640625
0 0.4578125 0.41953125 0.01875 0.028125
0 0.46640625 0.4015625 0.0140625 0.01953125
0 0.44375 0.39609375 0.0125 0.01953125
0 0.5234375 0.378125 0.0125 0.01640625
0 0.540625 0.37109375 0.0125 0.0140625
0 0.40625 0.3640625 0.00625 0.01640625
0 0.459375 0.371875 0.0125 0.01640625
0 0.40859375 0.4109375 0.0109375 0.028125
0 0.52265625 0.3609375 0.0109375 0.01640625
0 0.46875 0.3515625 0.009375 0.00859375
0 0.4921875 0.353125 0.009375 0.01640625
0 0.5046875 0.35703125 0.009375 0.01953125
0 0.54140625 0.34296875 0.0078125 0.0140625
0 0.48046875 0.37890625 0.0109375 0.0140625