1 0.1265625 0.67890625 0.253125 0.396875
1 0.35078125 0.49609375 0.0953125 0.18046875
1 0.6671875 0.49609375 0.046875 0.0859375
0 0.3453125 0.82890625 0.090625 0.153125
0 0.4375 0.48046875 0.028125 0.0390625
0 0.6234375 0.45 0.021875 0.03359375
0 0.63671875 0.5359375 0.0359375 0.0609375
0 0.459375 0.434375 0.01875 0.025
0 0.41015625 0.446875 0.0234375 0.03359375
0 0.55234375 0.490625 0.0296875 0.04140625
0 0.4453125 0.396875 0.015625 0.021875
0 0.415625 0.3984375 0.015625 0.01953125
0 0.5875 0.409375 0.015625 0.01953125
0 0.471875 0.3890625 0.0125 0.01640625
0 0.45625 0.38046875 0.0125 0.021875
0 0.525 0.38203125 0.0125 0.01953125
0 0.40625 0.3640625 0.00625 0.01640625
0 0.5484375 0.384375 0.015625 0.01953125
0 0.5390625 0.425 0.021875 0.028125
0 0.47421875 0.3125 0.0109375 0.0140625
0 0.44140625 0.440625 0.0078125 0.0140625
0 0.47890625 0.371875 0.0109375 0.01640625
0 0.4203125 0.49453125 0.009375 0.01640625
0 0.39375 0.5125 0.009375 0.03046875
0 0.559375 0.37109375 0.009375 0.01953125
0 0.45625 0.359375 0.009375 0.0140625
0 0.39765625 0.45 0.0078125 0.03359375
0 0.48671875 0.35859375 0.0140625 0.01640625
0 0.534375 0.353125 0.009375 0.021875
0 0.5828125 0.403125 0.00625 0.01640625
0 0.4296875 0.384375 0.0125 0.0140625