1 0.11171875 0.85703125 0.2234375 0.28046875
1 0.3875 0.453125 0.065625 0.128125
1 0.453125 0.43046875 0.025 0.05
1 0.63671875 0.46640625 0.0328125 0.05
0 0.38984375 0.64609375 0.0609375 0.09140625
0 0.346875 0.47109375 0.021875 0.0359375
0 0.55 0.47109375 0.028125 0.04140625
0 0.26875 0.68359375 0.071875 0.0890625
0 0.43984375 0.503125 0.0296875 0.05
0 0.52734375 0.390625 0.0140625 0.01953125
0 0.57265625 0.3875 0.0140625 0.01953125
0 0.3125 0.5140625 0.0375 0.04453125
0 0.32265625 0.58203125 0.0609375 0.075
0 0.27734375 0.5609375 0.0515625 0.0609375
0 0.42890625 0.384375 0.0109375 0.01953125
0 0.625 0.50703125 0.0375 0.05859375
0 0.425 0.43046875 0.015625 0.028125
0 0.47734375 0.375 0.0109375 0.01640625
0 0.55546875 0.36796875 0.0109375 0.0140625
0 0.43984375 0.40703125 0.0140625 0.025
0 0.4609375 0.371875 0.0125 0.01640625
0 0.44453125 0.36953125 0.0109375 0.01640625
0 0.221875 0.78046875 0.0125 0.05
0 0.54140625 0.3765625 0.0078125 0.0140625
0 0.4890625 0.35546875 0.009375 0.01640625
0 0.53359375 0.34296875 0.0078125 0.0140625
0 0.40625 0.3640625 0.00625 0.01640625
0 0.5515625 0.3234375 0.009375 0.0140625
0 0.4625 0.40859375 0.015625 0.021875
0 0.52265625 0.34453125 0.0046875 0.0109375
0 0.50234375 0.35703125 0.0109375 0.01953125
0 0.3796875 0.50546875 0.0375 0.021875
0 0.53515625 0.371875 0.0078125 0.01640625