1 0.715625 0.6015625 0.146875 0.2859375
1 0.41015625 0.3875 0.0328125 0.0640625
0 0.29375 0.94140625 0.115625 0.1109375
0 0.18125 0.84296875 0.115625 0.146875
0 0.60390625 0.47890625 0.0265625 0.04140625
0 0.203125 0.625 0.084375 0.1
0 0.365625 0.70703125 0.06875 0.103125
0 0.3 0.528125 0.040625 0.05
0 0.56796875 0.5234375 0.0328125 0.053125
0 0.02109375 0.9109375 0.0421875 0.11640625
0 0.34765625 0.5609375 0.0484375 0.05546875
0 0.30390625 0.64453125 0.0703125 0.09453125
0 0.575 0.425 0.01875 0.03359375
0 0.40625 0.62109375 0.05 0.075
0 0.35 0.82890625 0.084375 0.1359375
0 0.3921875 0.490625 0.03125 0.04140625
0 0.54609375 0.45 0.0234375 0.03359375
0 0.56484375 0.37890625 0.0140625 0.01953125
0 0.5546875 0.396875 0.0125 0.021875
0 0.52421875 0.378125 0.0140625 0.021875
0 0.41796875 0.559375 0.0453125 0.075
0 0.5421875 0.3375 0.009375 0.025
0 0.42265625 0.4125 0.0203125 0.01953125
0 0.4171875 0.4515625 0.021875 0.03046875
0 0.46171875 0.3765625 0.0109375 0.01953125
0 0.45546875 0.44140625 0.0203125 0.028125
0 0.46171875 0.41953125 0.0171875 0.021875
0 0.54921875 0.35703125 0.0078125 0.0140625
0 0.440625 0.49140625 0.025 0.0390625
0 0.65625 0.54140625 0.021875 0.05
0 0.43125 0.515625 0.03125 0.053125
0 0.44609375 0.459375 0.0234375 0.0359375
0 0.41953125 0.43203125 0.0171875 0.01953125
0 0.44453125 0.39296875 0.0140625 0.025
0 0.40390625 0.409375 0.0140625 0.01953125
0 0.4703125 0.4015625 0.015625 0.025
0 0.5046875 0.35546875 0.009375 0.01640625
0 0.48046875 0.371875 0.0109375 0.01640625
0 0.5203125 0.37109375 0.00625 0.0140625
0 0.4734375 0.3890625 0.0125 0.01640625
0 0.4875 0.35859375 0.0125 0.01640625
0 0.4296875 0.5359375 0.028125 0.04453125