0 0.1609375 0.6984375 0.0875 0.09140625
0 0.2625 0.7140625 0.078125 0.09453125
0 0.9 0.78359375 0.109375 0.15
0 0.79765625 0.83046875 0.1109375 0.19453125
0 0.390625 0.6984375 0.065625 0.103125
0 0.621875 0.6765625 0.0625 0.1140625
0 0.41328125 0.553125 0.0421875 0.0609375
0 0.334375 0.56640625 0.046875 0.0609375
0 0.4421875 0.48359375 0.025 0.0390625
0 0.34375 0.4859375 0.03125 0.0390625
0 0.39375 0.475 0.028125 0.03359375
0 0.3796875 0.44296875 0.025 0.03046875
0 0.45390625 0.44453125 0.0234375 0.028125
0 0.59453125 0.45703125 0.0296875 0.053125
0 0.57265625 0.428125 0.0171875 0.028125
0 0.42109375 0.42890625 0.0203125 0.03046875
0 0.46484375 0.41796875 0.0140625 0.025
0 0.5390625 0.44140625 0.0125 0.01640625
0 0.5578125 0.36953125 0.009375 0.01640625
0 0.48125 0.3765625 0.0125 0.0140625
0 0.5875 0.4125 0.015625 0.025
0 0.4734375 0.3109375 0.009375 0.01640625
0 0.46953125 0.3859375 0.0109375 0.01640625
0 0.46015625 0.37890625 0.0109375 0.0140625
0 0.41328125 0.3984375 0.0171875 0.025
0 0.4375 0.403125 0.01875 0.028125
0 0.39765625 0.41953125 0.0171875 0.021875
0 0.53203125 0.415625 0.0171875 0.025
0 0.5421875 0.38046875 0.009375 0.01640625
0 0.54140625 0.45546875 0.0234375 0.0390625
0 0.52265625 0.378125 0.0109375 0.01640625
0 0.5296875 0.403125 0.0125 0.01640625
0 0.428125 0.390625 0.0125 0.01953125
0 0.615625 0.646875 0.046875 0.05546875
0 0.425 0.3515625 0.009375 0.0140625
0 0.45703125 0.40546875 0.0078125 0.01640625