1 0.696875 0.5109375 0.08125 0.1390625
0 0.29375 0.953125 0.128125 0.0890625
0 0.25234375 0.734375 0.0796875 0.10859375
0 0.015625 0.9265625 0.03125 0.096875
0 0.2375 0.60546875 0.05625 0.06640625
0 0.36640625 0.51953125 0.0390625 0.05
0 0.6015625 0.48203125 0.025 0.04140625
0 0.4390625 0.49609375 0.025 0.04140625
0 0.3546875 0.4640625 0.028125 0.03359375
0 0.5484375 0.459375 0.025 0.0359375
0 0.4515625 0.434375 0.025 0.03046875
0 0.4109375 0.40859375 0.015625 0.021875
0 0.43125 0.415625 0.01875 0.03046875
0 0.43203125 0.38203125 0.0109375 0.01953125
0 0.415625 0.5734375 0.040625 0.06953125
0 0.5765625 0.396875 0.0125 0.01640625
0 0.5265625 0.384375 0.0125 0.01953125
0 0.47578125 0.390625 0.0140625 0.01953125
0 0.40625 0.365625 0.00625 0.0140625
0 0.54609375 0.38046875 0.0140625 0.01640625
0 0.72109375 0.98203125 0.0828125 0.03046875
0 0.4671875 0.36640625 0.009375 0.01640625
0 0.49296875 0.3484375 0.0109375 0.0140625
0 0.5421875 0.38046875 0.00625 0.0109375
0 0.44609375 0.37109375 0.0109375 0.0140625
0 0.521875 0.36953125 0.0125 0.021875
0 0.45703125 0.375 0.0109375 0.01640625
0 0.4765625 0.35703125 0.009375 0.0140625
0 0.48203125 0.371875 0.0109375 0.01640625
0 0.54921875 0.38046875 0.0078125 0.0109375