0 0.1046875 0.7734375 0.11875 0.125
0 0.83984375 0.7125 0.0890625 0.1140625
0 0.284375 0.671875 0.071875 0.09453125
0 0.7046875 0.55390625 0.04375 0.05859375
0 0.3234375 0.5359375 0.03125 0.05546875
0 0.40625 0.596875 0.05 0.06640625
0 0.69765625 0.6625 0.0640625 0.096875
0 0.25546875 0.5875 0.0578125 0.06953125
0 0.63984375 0.46640625 0.0328125 0.05
0 0.5921875 0.4140625 0.015625 0.028125
0 0.45234375 0.45859375 0.0234375 0.03359375
0 0.40625 0.409375 0.015625 0.025
0 0.571875 0.5140625 0.03125 0.0609375
0 0.37109375 0.446875 0.0265625 0.028125
0 0.5515625 0.4484375 0.021875 0.03046875
0 0.59375 0.475 0.028125 0.0390625
0 0.46484375 0.409375 0.0171875 0.025
0 0.40859375 0.48359375 0.0328125 0.0390625
0 0.56171875 0.4109375 0.0171875 0.028125
0 0.3984375 0.459375 0.025 0.0359375
0 0.528125 0.390625 0.015625 0.01953125
0 0.43203125 0.4125 0.0171875 0.025
0 0.44453125 0.39296875 0.0140625 0.01953125
0 0.5484375 0.3859375 0.0125 0.01640625
0 0.43984375 0.3765625 0.0109375 0.01953125
0 0.40703125 0.3640625 0.0046875 0.01640625
0 0.46171875 0.3515625 0.0109375 0.0140625
0 0.47265625 0.384375 0.0140625 0.01953125
0 0.484375 0.359375 0.009375 0.0140625
0 0.44765625 0.36640625 0.0109375 0.01640625
0 0.51953125 0.353125 0.0109375 0.021875
0 0.55859375 0.35390625 0.0171875 0.03046875
0 0.5421875 0.3765625 0.0125 0.0140625
0 0.49375 0.346875 0.0125 0.01640625
0 0.4609375 0.371875 0.0125 0.01640625