1 0.415625 0.39609375 0.01875 0.03046875
0 0.1890625 0.840625 0.109375 0.146875
0 0.62109375 0.7109375 0.0609375 0.11640625
0 0.9078125 0.965625 0.121875 0.0640625
0 0.39921875 0.471875 0.0296875 0.0390625
0 0.6359375 0.46796875 0.025 0.0359375
0 0.4421875 0.47890625 0.025 0.0359375
0 0.3453125 0.55703125 0.046875 0.0640625
0 0.3640625 0.45546875 0.03125 0.04453125
0 0.29375 0.54140625 0.046875 0.05546875
0 0.41171875 0.584375 0.0453125 0.0640625
0 0.425 0.42890625 0.01875 0.025
0 0.6078125 0.440625 0.01875 0.03046875
0 0.57578125 0.440625 0.0203125 0.03046875
0 0.53359375 0.40859375 0.0171875 0.021875
0 0.45703125 0.43203125 0.0203125 0.03046875
0 0.46953125 0.4 0.0140625 0.021875
0 0.56796875 0.409375 0.0171875 0.025
0 0.42578125 0.384375 0.0140625 0.01953125
0 0.4515625 0.3875 0.0125 0.01953125
0 0.54765625 0.384375 0.0140625 0.025
0 0.44296875 0.371875 0.0109375 0.01640625
0 0.56171875 0.3765625 0.0078125 0.0140625
0 0.4078125 0.3640625 0.00625 0.01640625
0 0.565625 0.38046875 0.009375 0.0109375
0 0.57265625 0.39140625 0.0109375 0.01640625
0 0.5203125 0.35859375 0.009375 0.01640625
0 0.4828125 0.365625 0.0125 0.01953125
0 0.4625 0.359375 0.009375 0.0140625