0 0.96640625 0.8875 0.0640625 0.1640625
0 0.39453125 0.61953125 0.0484375 0.078125
0 0.3109375 0.878125 0.125 0.23359375
0 0.33046875 0.49296875 0.0328125 0.04140625
0 0.5859375 0.4109375 0.0125 0.021875
0 0.2703125 0.65 0.078125 0.11640625
0 0.45703125 0.44140625 0.0203125 0.03359375
0 0.6546875 0.48046875 0.034375 0.0609375
0 0.41953125 0.4359375 0.0171875 0.028125
0 0.52890625 0.38359375 0.0140625 0.021875
0 0.41640625 0.4015625 0.0109375 0.01953125
0 0.44609375 0.39140625 0.0140625 0.021875
0 0.5453125 0.375 0.0125 0.01640625
0 0.521875 0.3515625 0.009375 0.0140625
0 0.40625 0.3640625 0.00625 0.01640625
0 0.46953125 0.39609375 0.0140625 0.025
0 0.54765625 0.35859375 0.0109375 0.0109375
0 0.44609375 0.371875 0.0109375 0.01640625
0 0.50546875 0.35546875 0.0078125 0.01640625
0 0.36875 0.3265625 0.009375 0.0140625
0 0.5375 0.3625 0.00625 0.0140625
0 0.07734375 0.321875 0.0203125 0.01640625
0 0.4609375 0.35859375 0.015625 0.021875
0 0.475 0.37890625 0.0125 0.01953125
0 0.70234375 0.290625 0.0109375 0.0140625
0 0.4640625 0.37109375 0.009375 0.0140625
0 0.475 0.353125 0.009375 0.01640625
0 0.51015625 0.33046875 0.0046875 0.0109375