1 0.40703125 0.425 0.0484375 0.1
1 0.71953125 0.90859375 0.1515625 0.178125
1 0.56640625 0.3765625 0.0203125 0.03046875
1 0.46015625 0.3265625 0.0140625 0.025
0 0.05625 0.821875 0.1125 0.128125
0 0.740625 0.7265625 0.08125 0.125
0 0.0875 0.9484375 0.159375 0.096875
0 0.35 0.57109375 0.046875 0.05859375
0 0.715625 0.55703125 0.05 0.06953125
0 0.4359375 0.5 0.028125 0.05
0 0.56875 0.534375 0.0375 0.05859375
0 0.37734375 0.6734375 0.0671875 0.103125
0 0.45390625 0.4484375 0.0203125 0.03046875
0 0.28125 0.9859375 0.090625 0.021875
0 0.640625 0.55546875 0.046875 0.071875
0 0.3140625 0.51796875 0.040625 0.053125
0 0.57890625 0.45703125 0.0234375 0.03046875
0 0.56484375 0.425 0.0171875 0.028125
0 0.60390625 0.4359375 0.0171875 0.028125
0 0.440625 0.4015625 0.015625 0.01953125
0 0.54765625 0.390625 0.0140625 0.01953125
0 0.590625 0.41796875 0.015625 0.025
0 0.5265625 0.3890625 0.015625 0.021875
0 0.29140625 0.43046875 0.0109375 0.021875
0 0.47109375 0.3875 0.0140625 0.01953125
0 0.40625 0.3640625 0.00625 0.01640625
0 0.4609375 0.378125 0.0125 0.01640625
0 0.37890625 0.421875 0.0109375 0.0390625
0 0.52109375 0.35703125 0.0109375 0.01953125
0 0.29609375 0.428125 0.0203125 0.03359375
0 0.59609375 0.421875 0.0078125 0.01640625
0 0.48046875 0.375 0.0109375 0.01640625
0 0.5859375 0.4140625 0.009375 0.01640625
0 0.43984375 0.3765625 0.0109375 0.0140625