1 0.290625 0.49609375 0.1125 0.16953125
1 0.6046875 0.40390625 0.04375 0.09140625
0 0.06484375 0.8109375 0.1203125 0.128125
0 0.39140625 0.63203125 0.0515625 0.08046875
0 0.675 0.59453125 0.053125 0.08359375
0 0.278125 0.9640625 0.121875 0.06640625
0 0.38671875 0.49609375 0.0296875 0.04140625
0 0.41796875 0.4390625 0.0203125 0.03359375
0 0.3625 0.4609375 0.028125 0.03359375
0 0.56171875 0.42109375 0.0171875 0.025
0 0.40546875 0.4109375 0.0171875 0.021875
0 0.5765625 0.39296875 0.015625 0.03046875
0 0.54921875 0.3875 0.0140625 0.03046875
0 0.43359375 0.41796875 0.0171875 0.025
0 0.4578125 0.43046875 0.01875 0.021875
0 0.47578125 0.38046875 0.0109375 0.01640625
0 0.4265625 0.390625 0.0125 0.01953125
0 0.56171875 0.38046875 0.0109375 0.01640625
0 0.44375 0.396875 0.0125 0.021875
0 0.43984375 0.375 0.0109375 0.01640625
0 0.5046875 0.35546875 0.009375 0.01640625
0 0.340625 0.44453125 0.009375 0.028125
0 0.46015625 0.40390625 0.0171875 0.025
0 0.4546875 0.384375 0.0125 0.01953125
0 0.3484375 0.465625 0.009375 0.025
0 0.49921875 0.340625 0.0109375 0.01953125
0 0.465625 0.365625 0.009375 0.0140625
0 0.4578125 0.359375 0.009375 0.0140625
0 0.40703125 0.3625 0.0046875 0.0140625
0 0.4765625 0.34453125 0.009375 0.0109375
0 0.53828125 0.37109375 0.0078125 0.0140625
0 0.4890625 0.3484375 0.009375 0.01953125
0 0.48359375 0.3625 0.0078125 0.0140625