1 0.390625 0.4109375 0.0375 0.0609375
1 0.30546875 0.5125 0.0484375 0.075
1 0.4171875 0.4375 0.025 0.04140625
0 0.19140625 0.853125 0.1171875 0.14453125
0 0.38125 0.684375 0.0625 0.09140625
0 0.6484375 0.55546875 0.040625 0.0609375
0 0.31875 0.61796875 0.059375 0.075
0 0.2078125 0.64453125 0.06875 0.078125
0 0.42578125 0.546875 0.0359375 0.05546875
0 0.36796875 0.521875 0.0390625 0.05
0 0.0453125 0.89453125 0.090625 0.15
0 0.4484375 0.47109375 0.025 0.0359375
0 0.70703125 0.928125 0.1046875 0.1390625
0 0.56953125 0.3859375 0.0109375 0.01640625
0 0.46015625 0.4265625 0.0203125 0.025
0 0.590625 0.415625 0.015625 0.025
0 0.43046875 0.3859375 0.0140625 0.021875
0 0.4453125 0.39296875 0.0125 0.01953125
0 0.53828125 0.3640625 0.0109375 0.0109375
0 0.4671875 0.4 0.015625 0.021875
0 0.478125 0.378125 0.0125 0.01640625
0 0.43984375 0.3765625 0.0109375 0.0140625
0 0.40625 0.3625 0.00625 0.0140625
0 0.4578125 0.378125 0.0125 0.01640625
0 0.54140625 0.35859375 0.0171875 0.021875
0 0.54609375 0.35390625 0.0078125 0.0140625
0 0.5046875 0.35703125 0.009375 0.0140625
0 0.4515625 0.3625 0.009375 0.0140625
0 0.51796875 0.325 0.0109375 0.0109375
0 0.46015625 0.35703125 0.0078125 0.0140625