1 0.29453125 0.49453125 0.1078125 0.1609375
1 0.38359375 0.41640625 0.0390625 0.06640625
0 0.20234375 0.79140625 0.0953125 0.14453125
0 0.77265625 0.63359375 0.0640625 0.08359375
0 0.39453125 0.475 0.0296875 0.0390625
0 0.44140625 0.48359375 0.0265625 0.0390625
0 0.07265625 0.796875 0.1203125 0.128125
0 0.65390625 0.5 0.0328125 0.04453125
0 0.56640625 0.50390625 0.0328125 0.053125
0 0.346875 0.55390625 0.046875 0.06953125
0 0.45625 0.43359375 0.01875 0.028125
0 0.40859375 0.59609375 0.0453125 0.06953125
0 0.46875 0.4 0.0125 0.021875
0 0.575 0.425 0.01875 0.028125
0 0.4234375 0.39296875 0.0125 0.01953125
0 0.52421875 0.378125 0.0109375 0.01640625
0 0.4453125 0.39453125 0.0125 0.021875
0 0.4328125 0.38046875 0.0125 0.01640625
0 0.575 0.4015625 0.015625 0.01953125
0 0.48125 0.375 0.0125 0.01640625
0 0.40625 0.3640625 0.00625 0.01640625
0 0.45703125 0.378125 0.0109375 0.01640625
0 0.5515625 0.365625 0.009375 0.0140625
0 0.703125 0.290625 0.0125 0.0140625
0 0.521875 0.34296875 0.009375 0.0140625
0 0.453125 0.3640625 0.009375 0.0109375
0 0.54296875 0.375 0.0109375 0.01640625
0 0.55 0.39296875 0.0125 0.01953125
0 0.3703125 0.3265625 0.0125 0.0140625
0 0.559375 0.38046875 0.00625 0.01640625
0 0.46015625 0.35859375 0.0078125 0.0109375
0 0.565625 0.37890625 0.00625 0.0140625
0 0.53203125 0.34609375 0.0078125 0.0140625
0 0.47421875 0.35859375 0.0109375 0.01640625
0 0.56328125 0.38046875 0.0109375 0.01640625
0 0.52265625 0.3609375 0.0109375 0.01640625