1 0.85703125 0.7765625 0.2828125 0.44140625
1 0.33984375 0.48203125 0.0390625 0.053125
0 0.39453125 0.640625 0.0515625 0.075
0 0.4265625 0.534375 0.03125 0.046875
0 0.5671875 0.5484375 0.034375 0.046875
0 0.6171875 0.5234375 0.034375 0.053125
0 0.32734375 0.59453125 0.0546875 0.06640625
0 0.27890625 0.559375 0.0546875 0.0640625
0 0.46171875 0.415625 0.0171875 0.025
0 0.4 0.46640625 0.028125 0.0390625
0 0.38984375 0.43046875 0.0203125 0.028125
0 0.68515625 0.91953125 0.0734375 0.11640625
0 0.42578125 0.4234375 0.0203125 0.03046875
0 0.44375 0.46953125 0.028125 0.0390625
0 0.534375 0.42890625 0.021875 0.03046875
0 0.58828125 0.40703125 0.0171875 0.03046875
0 0.7328125 0.971875 0.034375 0.05
0 0.40625 0.365625 0.00625 0.0140625
0 0.54375 0.38046875 0.0125 0.01640625
0 0.44609375 0.3984375 0.0140625 0.01953125
0 0.5546875 0.403125 0.0125 0.021875
0 0.471875 0.384375 0.0125 0.01953125
0 0.41875 0.3984375 0.0125 0.01953125
0 0.57265625 0.39296875 0.0140625 0.01953125
0 0.56015625 0.33046875 0.0078125 0.01640625
0 0.440625 0.3734375 0.0125 0.01953125
0 0.48046875 0.3765625 0.0109375 0.01953125
0 0.5609375 0.378125 0.0125 0.01640625
0 0.146875 0.584375 0.01875 0.0359375
0 0.44765625 0.45859375 0.0203125 0.021875
0 0.20859375 0.36796875 0.0109375 0.0140625
0 0.5375 0.3609375 0.0125 0.021875
0 0.58359375 0.39140625 0.0109375 0.01640625
0 0.4734375 0.30859375 0.009375 0.01640625
0 0.45546875 0.378125 0.0140625 0.01640625
0 0.71640625 0.6484375 0.0109375 0.025
0 0.55234375 0.359375 0.0109375 0.01953125
0 0.52265625 0.4 0.0109375 0.021875