0 0.3921875 0.66640625 0.05625 0.08359375
0 0.021875 0.90859375 0.04375 0.10546875
0 0.23515625 0.6125 0.0671875 0.08046875
0 0.37734375 0.50703125 0.0359375 0.04140625
0 0.3171875 0.59609375 0.053125 0.0640625
0 0.43203125 0.521875 0.0328125 0.05
0 0.58125 0.4015625 0.015625 0.025
0 0.3375 0.4875 0.034375 0.046875
0 0.39296875 0.425 0.0203125 0.028125
0 0.41484375 0.4375 0.0203125 0.03046875
0 0.653125 0.49453125 0.03125 0.0390625
0 0.45625 0.44296875 0.021875 0.03046875
0 0.65234375 0.4625 0.0265625 0.03046875
0 0.42890625 0.3875 0.0109375 0.01953125
0 0.56171875 0.378125 0.0109375 0.01640625
0 0.52890625 0.38359375 0.0140625 0.021875
0 0.41328125 0.40546875 0.0140625 0.021875
0 0.4484375 0.3890625 0.0125 0.01640625
0 0.4734375 0.3140625 0.009375 0.01640625
0 0.46015625 0.41796875 0.0171875 0.025
0 0.46875 0.396875 0.0125 0.021875
0 0.40625 0.3640625 0.00625 0.01640625
0 0.47734375 0.353125 0.0109375 0.01640625
0 0.55234375 0.36796875 0.0109375 0.0140625
0 0.54140625 0.3734375 0.0109375 0.0140625
0 0.48359375 0.37109375 0.0109375 0.0140625
0 0.45625 0.3625 0.009375 0.0140625
0 0.4671875 0.36640625 0.009375 0.01640625
0 0.5390625 0.33046875 0.009375 0.01640625
0 0.47578125 0.38046875 0.0109375 0.01640625
0 0.4578125 0.378125 0.009375 0.01640625