1 0.6640625 0.465625 0.08125 0.1359375
1 0.56328125 0.365625 0.0203125 0.046875
1 0.45234375 0.35 0.0171875 0.0390625
0 0.38359375 0.684375 0.0609375 0.09140625
0 0.15078125 0.89453125 0.1296875 0.15
0 0.4265625 0.540625 0.034375 0.053125
0 0.2140625 0.640625 0.065625 0.08046875
0 0.35 0.55 0.04375 0.05546875
0 0.3703125 0.4515625 0.025 0.0359375
0 0.62578125 0.5375 0.0390625 0.05859375
0 0.58046875 0.440625 0.0203125 0.03046875
0 0.396875 0.471875 0.025 0.0390625
0 0.55234375 0.459375 0.0234375 0.0359375
0 0.5359375 0.403125 0.015625 0.028125
0 0.41875 0.43203125 0.01875 0.03046875
0 0.453125 0.4484375 0.025 0.03046875
0 0.41640625 0.3984375 0.0140625 0.025
0 0.56640625 0.39296875 0.0140625 0.01953125
0 0.4625 0.4265625 0.015625 0.025
0 0.4515625 0.384375 0.0125 0.01953125
0 0.47421875 0.38359375 0.0109375 0.01640625
0 0.40703125 0.3640625 0.0046875 0.0109375
0 0.43515625 0.415625 0.0171875 0.025
0 0.43125 0.384375 0.0125 0.01953125
0 0.540625 0.37109375 0.0125 0.0140625
0 0.67890625 0.5125 0.0421875 0.04140625
0 0.49296875 0.35390625 0.0078125 0.0140625
0 0.4640625 0.36640625 0.009375 0.01640625
0 0.64140625 0.4875 0.0109375 0.01953125
0 0.4828125 0.36953125 0.0125 0.01640625
0 0.5046875 0.35546875 0.009375 0.01640625
0 0.56484375 0.3765625 0.0171875 0.025
0 0.4421875 0.39609375 0.0125 0.01953125
0 0.0046875 0.2484375 0.009375 0.03046875