1 0.184375 0.596875 0.2125 0.2890625
1 0.63984375 0.4734375 0.0859375 0.153125
1 0.4046875 0.39296875 0.0375 0.06953125
0 0.35390625 0.54453125 0.0421875 0.05546875
0 0.61640625 0.63359375 0.0578125 0.0890625
0 0.415625 0.5875 0.046875 0.06953125
0 0.44609375 0.471875 0.0265625 0.0390625
0 0.25234375 0.71953125 0.0765625 0.1
0 0.35859375 0.4640625 0.0234375 0.03359375
0 0.58125 0.44140625 0.021875 0.03359375
0 0.30625 0.85546875 0.1 0.1609375
0 0.53671875 0.415625 0.0171875 0.03046875
0 0.43828125 0.409375 0.0171875 0.025
0 0.596875 0.4265625 0.009375 0.03046875
0 0.46875 0.4 0.015625 0.021875
0 0.57109375 0.3875 0.0109375 0.01953125
0 0.45234375 0.38359375 0.0171875 0.028125
0 0.525 0.38359375 0.0125 0.01640625
0 0.65546875 0.5 0.0484375 0.1
0 0.55390625 0.396875 0.0140625 0.021875
0 0.4828125 0.3640625 0.0125 0.01640625
0 0.49375 0.34296875 0.009375 0.01953125
0 0.54140625 0.33046875 0.0078125 0.01640625
0 0.46328125 0.365625 0.0109375 0.01953125
0 0.68046875 0.4890625 0.0078125 0.0390625
0 0.46796875 0.35 0.0109375 0.01640625
0 0.703125 0.290625 0.0125 0.0140625
0 0.65390625 0.440625 0.0421875 0.0359375
0 0.28671875 0.50859375 0.0109375 0.028125
0 0.55390625 0.3609375 0.0078125 0.0109375
0 0.41953125 0.40703125 0.0078125 0.01953125
0 0.66328125 0.428125 0.0203125 0.01640625
0 0.28359375 0.5015625 0.0171875 0.046875
0 0.65859375 0.465625 0.0515625 0.0859375