1 0.74140625 0.53046875 0.1421875 0.25546875
1 0.44296875 0.38203125 0.0296875 0.05859375
1 0.41640625 0.41953125 0.0328125 0.06640625
1 0.475 0.34296875 0.01875 0.0359375
1 0.46171875 0.328125 0.0140625 0.028125
0 0.37734375 0.66796875 0.0609375 0.09140625
0 0.28671875 0.546875 0.0453125 0.05546875
0 0.42421875 0.54140625 0.0421875 0.0609375
0 0.040625 0.934375 0.08125 0.125
0 0.34921875 0.471875 0.0296875 0.03359375
0 0.18203125 0.68046875 0.0765625 0.0890625
0 0.65546875 0.79609375 0.0984375 0.18046875
0 0.92578125 0.975 0.1046875 0.04453125
0 0.6171875 0.44609375 0.021875 0.03046875
0 0.609375 0.5015625 0.03125 0.053125
0 0.590625 0.4140625 0.015625 0.028125
0 0.5578125 0.47890625 0.028125 0.05859375
0 0.53828125 0.4125 0.0171875 0.025
0 0.440625 0.46640625 0.03125 0.0390625
0 0.5609375 0.40703125 0.015625 0.025
0 0.4515625 0.44296875 0.025 0.03046875
0 0.40859375 0.3625 0.0078125 0.0140625
0 0.4765625 0.378125 0.0125 0.01640625
0 0.490625 0.35546875 0.009375 0.01640625
0 0.521875 0.359375 0.009375 0.01953125
0 0.4671875 0.3640625 0.0125 0.01640625
0 0.52578125 0.378125 0.0140625 0.01640625
0 0.55859375 0.36953125 0.0078125 0.01640625
0 0.09921875 0.36796875 0.0140625 0.01953125
0 0.5484375 0.38359375 0.0125 0.01640625
0 0.46875 0.4 0.0125 0.021875
0 0.70390625 0.290625 0.0140625 0.0140625
0 0.51875 0.3234375 0.009375 0.0140625
0 0.540625 0.3390625 0.009375 0.0109375
0 0.61875 0.3625 0.009375 0.0140625
0 0.50546875 0.35546875 0.0078125 0.01640625
0 0.40703125 0.40390625 0.0078125 0.0140625