1 0.43203125 0.36796875 0.0265625 0.053125
0 0.4125 0.5859375 0.0375 0.0609375
0 0.22578125 0.78359375 0.0953125 0.128125
0 0.27734375 0.5515625 0.0453125 0.053125
0 0.38515625 0.4359375 0.0203125 0.028125
0 0.31171875 0.609375 0.0640625 0.09140625
0 0.209375 0.646875 0.06875 0.08359375
0 0.72734375 0.58359375 0.0578125 0.071875
0 0.43828125 0.48046875 0.0265625 0.0390625
0 0.46015625 0.421875 0.0203125 0.028125
0 0.41484375 0.40546875 0.0171875 0.021875
0 0.58125 0.4375 0.01875 0.03046875
0 0.425 0.428125 0.01875 0.028125
0 0.55625 0.4 0.015625 0.021875
0 0.53984375 0.36796875 0.0109375 0.01953125
0 0.4625 0.39140625 0.015625 0.01640625
0 0.4828125 0.3640625 0.0125 0.01640625
0 0.521875 0.35546875 0.009375 0.01640625
0 0.4109375 0.3609375 0.0125 0.01640625
0 0.43125 0.38359375 0.01875 0.021875
0 0.459375 0.359375 0.009375 0.0140625
0 0.565625 0.35703125 0.0125 0.01953125
0 0.50546875 0.35546875 0.0078125 0.01640625
0 0.57109375 0.384375 0.0140625 0.01953125
0 0.459375 0.3765625 0.0125 0.01953125
0 0.45 0.36640625 0.009375 0.01640625
0 0.53203125 0.3515625 0.0078125 0.0140625
0 0.42578125 0.38203125 0.0078125 0.01953125
0 0.99296875 0.9359375 0.0109375 0.05