1 0.63125 0.43203125 0.059375 0.1140625
1 0.36328125 0.43203125 0.0453125 0.0859375
1 0.46328125 0.34296875 0.0171875 0.0640625
0 0.3421875 0.7890625 0.078125 0.121875
0 0.10546875 0.765625 0.1078125 0.1140625
0 0.39609375 0.59140625 0.0515625 0.078125
0 0.3546875 0.5375 0.040625 0.053125
0 0.4421875 0.48046875 0.025 0.0390625
0 0.57578125 0.44609375 0.0203125 0.03046875
0 0.28359375 0.5484375 0.0546875 0.06953125
0 0.40859375 0.45703125 0.0234375 0.03046875
0 0.32578125 0.4984375 0.0359375 0.046875
0 0.45546875 0.434375 0.0203125 0.0359375
0 0.56796875 0.384375 0.0140625 0.01953125
0 0.39296875 0.4265625 0.0140625 0.025
0 0.58359375 0.40703125 0.0140625 0.01953125
0 0.4234375 0.4265625 0.021875 0.03046875
0 0.4859375 0.34140625 0.0125 0.01640625
0 0.453125 0.38203125 0.0125 0.01953125
0 0.40625 0.40546875 0.015625 0.021875
0 0.4265625 0.39140625 0.0125 0.021875
0 0.465625 0.4109375 0.0125 0.021875
0 0.40625 0.3640625 0.00625 0.01640625
0 0.471875 0.390625 0.0125 0.01953125
0 0.43828125 0.4 0.0171875 0.03359375
0 0.521875 0.353125 0.009375 0.021875
0 0.63984375 0.47109375 0.0328125 0.0359375
0 0.46484375 0.36640625 0.0109375 0.01640625
0 0.5328125 0.35390625 0.009375 0.0140625
0 0.47734375 0.37890625 0.0109375 0.0140625
0 0.50546875 0.35546875 0.0078125 0.01640625
0 0.30546875 0.52890625 0.0140625 0.04140625
0 0.36875 0.3265625 0.0125 0.0140625
0 0.5796875 0.40703125 0.00625 0.0140625
0 0.54140625 0.34140625 0.0078125 0.01640625
0 0.47578125 0.35546875 0.0078125 0.0109375
0 0.48671875 0.3625 0.0109375 0.01953125
0 0.49375 0.325 0.009375 0.0109375
0 0.5453125 0.35390625 0.009375 0.0140625
0 0.61796875 0.4640625 0.0140625 0.03359375
0 0.6140625 0.459375 0.021875 0.04140625
0 0.60859375 0.4484375 0.0109375 0.01953125