1 0.5578125 0.359375 0.015625 0.0359375
0 0.396875 0.61796875 0.05 0.075
0 0.64375 0.47890625 0.028125 0.04140625
0 0.38984375 0.48203125 0.0296875 0.0359375
0 0.6 0.425 0.01875 0.028125
0 0.45859375 0.4234375 0.0203125 0.025
0 0.43984375 0.484375 0.0328125 0.053125
0 0.3390625 0.49296875 0.028125 0.04140625
0 0.41484375 0.403125 0.0171875 0.021875
0 0.52265625 0.36953125 0.0109375 0.01640625
0 0.4578125 0.378125 0.0125 0.01640625
0 0.46875 0.39296875 0.015625 0.025
0 0.54375 0.34453125 0.009375 0.01640625
0 0.44140625 0.37109375 0.0078125 0.0140625
0 0.31875 0.515625 0.04375 0.04140625
0 0.4328125 0.37890625 0.0125 0.01953125
0 0.44453125 0.3984375 0.0140625 0.025
0 0.55859375 0.35 0.0140625 0.01640625
0 0.559375 0.36796875 0.0125 0.01953125
0 0.42265625 0.390625 0.0109375 0.0140625
0 0.703125 0.290625 0.0125 0.0140625
0 0.40703125 0.3625 0.0046875 0.0140625
0 0.534375 0.359375 0.009375 0.0140625
0 0.7 0.290625 0.021875 0.0140625
0 0.47734375 0.353125 0.0078125 0.0109375
0 0.46171875 0.35546875 0.0078125 0.0109375
0 0.54921875 0.3625 0.0078125 0.0140625
0 0.4796875 0.371875 0.0125 0.021875
0 0.4703125 0.3609375 0.009375 0.01640625