1 0.39765625 0.39609375 0.0390625 0.075
1 0.57578125 0.378125 0.0265625 0.05
1 0.4578125 0.365625 0.01875 0.04140625
0 0.35078125 0.79296875 0.0765625 0.125
0 0.28828125 0.640625 0.0640625 0.08046875
0 0.425 0.5390625 0.034375 0.05546875
0 0.640625 0.74296875 0.075 0.14140625
0 0.384375 0.49609375 0.034375 0.04140625
0 0.55703125 0.4765625 0.0265625 0.04140625
0 0.65625 0.496875 0.028125 0.04453125
0 0.85234375 0.903125 0.1453125 0.1890625
0 0.44765625 0.46796875 0.0234375 0.0359375
0 0.28984375 0.54296875 0.0453125 0.053125
0 0.59609375 0.425 0.0171875 0.021875
0 0.46328125 0.4125 0.0171875 0.025
0 0.41875 0.434375 0.01875 0.03046875
0 0.5375 0.41953125 0.01875 0.028125
0 0.4296875 0.38359375 0.0125 0.021875
0 0.41640625 0.48203125 0.0109375 0.0359375
0 0.52734375 0.3890625 0.0140625 0.021875
0 0.39296875 0.4234375 0.0203125 0.01953125
0 0.48125 0.36953125 0.0125 0.01640625
0 0.471875 0.384375 0.0125 0.01953125
0 0.52109375 0.365625 0.0109375 0.0140625
0 0.7671875 0.32109375 0.009375 0.0140625
0 0.5890625 0.4125 0.009375 0.01953125
0 0.55234375 0.3984375 0.0140625 0.01953125
0 0.29140625 0.43359375 0.0109375 0.03359375
0 0.54765625 0.38203125 0.0171875 0.01953125
0 0.54296875 0.38203125 0.0078125 0.0140625
0 0.45390625 0.38046875 0.0140625 0.01640625