0 0.7109375 0.55859375 0.046875 0.0609375
0 0.05078125 0.84609375 0.1015625 0.146875
0 0.3015625 0.9765625 0.096875 0.04140625
0 0.42109375 0.53359375 0.0328125 0.05
0 0.96015625 0.8734375 0.0765625 0.175
0 0.61796875 0.4359375 0.0296875 0.05
0 0.59765625 0.61953125 0.0484375 0.08359375
0 0.2578125 0.58203125 0.05 0.0640625
0 0.44375 0.45703125 0.021875 0.04140625
0 0.3953125 0.47890625 0.034375 0.046875
0 0.590625 0.4640625 0.025 0.0390625
0 0.5484375 0.45390625 0.028125 0.046875
0 0.57890625 0.39296875 0.0140625 0.01953125
0 0.8859375 0.9140625 0.140625 0.16640625
0 0.41015625 0.40859375 0.0171875 0.021875
0 0.3328125 0.5890625 0.05 0.06640625
0 0.93515625 0.9859375 0.0453125 0.021875
0 0.55625 0.36640625 0.0125 0.021875
0 0.521875 0.36953125 0.0125 0.01640625
0 0.53125 0.4 0.015625 0.028125
0 0.44453125 0.39296875 0.0140625 0.025
0 0.54921875 0.3875 0.0140625 0.01953125
0 0.43359375 0.38203125 0.0140625 0.01953125
0 0.47421875 0.3875 0.0140625 0.01953125
0 0.40703125 0.3625 0.0046875 0.0140625
0 0.44453125 0.37109375 0.0109375 0.0140625
0 0.4828125 0.36640625 0.0125 0.01640625
0 0.5453125 0.346875 0.009375 0.021875
0 0.4671875 0.403125 0.015625 0.021875
0 0.475 0.30859375 0.0125 0.021875
0 0.46171875 0.36953125 0.0109375 0.01640625
0 0.52265625 0.384375 0.0109375 0.0140625
0 0.99375 0.4984375 0.009375 0.06953125
0 0.85703125 0.89609375 0.0828125 0.13046875