1 0.3671875 0.4359375 0.034375 0.06640625
1 0.46171875 0.328125 0.0171875 0.03359375
1 0.43984375 0.4 0.0234375 0.0390625
1 0.5453125 0.3359375 0.009375 0.028125
0 0.17734375 0.84296875 0.1171875 0.1640625
0 0.3140625 0.50546875 0.040625 0.04453125
0 0.81640625 0.6765625 0.0828125 0.10859375
0 0.58046875 0.546875 0.0390625 0.0609375
0 0.38046875 0.49609375 0.0296875 0.04140625
0 0.44453125 0.49140625 0.0296875 0.0390625
0 0.58515625 0.4015625 0.0171875 0.03046875
0 0.415625 0.43359375 0.01875 0.028125
0 0.55 0.45 0.025 0.03359375
0 0.45234375 0.4359375 0.0203125 0.028125
0 0.55390625 0.39609375 0.0109375 0.025
0 0.46328125 0.4109375 0.0171875 0.021875
0 0.54375 0.3734375 0.0125 0.0140625
0 0.41640625 0.4015625 0.0171875 0.025
0 0.4546875 0.378125 0.0125 0.01640625
0 0.11484375 0.3265625 0.0109375 0.00859375
0 0.29140625 0.428125 0.0109375 0.021875
0 0.47734375 0.371875 0.0109375 0.01640625
0 0.40703125 0.3625 0.0046875 0.0140625
0 0.47578125 0.33203125 0.0140625 0.01953125
0 0.525 0.3625 0.009375 0.0140625
0 0.44609375 0.371875 0.0109375 0.01640625
0 0.42734375 0.39453125 0.0109375 0.028125
0 0.48671875 0.3625 0.0109375 0.01953125
0 0.53671875 0.3515625 0.0078125 0.0140625
0 0.45078125 0.3765625 0.0203125 0.025