1 0.90078125 0.734375 0.1953125 0.49140625
1 0.4359375 0.371875 0.01875 0.0390625
0 0.33046875 0.8484375 0.0921875 0.14140625
0 0.14765625 0.7125 0.0953125 0.096875
0 0.36484375 0.51953125 0.0359375 0.05
0 0.7578125 0.959375 0.10625 0.075
0 0.56875 0.5234375 0.034375 0.053125
0 0.2796875 0.55703125 0.04375 0.05859375
0 0.65 0.58359375 0.05 0.078125
0 0.703125 0.546875 0.05 0.06640625
0 0.64375 0.484375 0.03125 0.04140625
0 0.4046875 0.45 0.025 0.03359375
0 0.45078125 0.4375 0.0203125 0.03046875
0 0.12890625 0.9265625 0.1546875 0.14140625
0 0.4015625 0.40859375 0.015625 0.021875
0 0.56953125 0.43203125 0.0171875 0.03046875
0 0.52421875 0.37890625 0.0140625 0.025
0 0.5828125 0.40703125 0.015625 0.025
0 0.4359375 0.40546875 0.015625 0.021875
0 0.575 0.390625 0.015625 0.01953125
0 0.46328125 0.409375 0.0203125 0.025
0 0.40625 0.3640625 0.00625 0.01640625
0 0.4734375 0.309375 0.009375 0.0140625
0 0.553125 0.34296875 0.0125 0.0140625
0 0.475 0.3875 0.0125 0.01953125
0 0.29140625 0.43203125 0.0109375 0.03046875
0 0.5625 0.37890625 0.0125 0.01953125
0 0.45078125 0.3640625 0.0109375 0.01640625
0 0.54765625 0.384375 0.0140625 0.01953125
0 0.45390625 0.38203125 0.0140625 0.01953125
0 0.475 0.34609375 0.009375 0.0140625
0 0.48203125 0.37109375 0.0109375 0.0140625
0 0.446875 0.39453125 0.0125 0.01640625
0 0.5421875 0.34296875 0.009375 0.0140625
0 0.540625 0.37890625 0.00625 0.0140625
0 0.45859375 0.35703125 0.0078125 0.0140625
0 0.46640625 0.365625 0.0109375 0.0140625
0 0.553125 0.3625 0.0125 0.0140625
0 0.46875 0.4 0.0125 0.01640625