1 0.3203125 0.496875 0.04375 0.06640625
0 0.2703125 0.69296875 0.078125 0.096875
0 0.37578125 0.715625 0.0671875 0.103125
0 0.58828125 0.45390625 0.0234375 0.0359375
0 0.06171875 0.815625 0.1234375 0.196875
0 0.434375 0.5265625 0.034375 0.053125
0 0.371875 0.44296875 0.025 0.0359375
0 0.54140625 0.43203125 0.0234375 0.03046875
0 0.5859375 0.540625 0.04375 0.09140625
0 0.40234375 0.46796875 0.0234375 0.0359375
0 0.725 0.909375 0.14375 0.175
0 0.403125 0.415625 0.01875 0.025
0 0.4421875 0.4625 0.03125 0.046875
0 0.45703125 0.43046875 0.0171875 0.028125
0 0.46484375 0.4 0.0171875 0.021875
0 0.43671875 0.4109375 0.0171875 0.021875
0 0.41796875 0.39609375 0.0140625 0.01953125
0 0.52421875 0.38359375 0.0140625 0.01640625
0 0.53984375 0.375 0.0109375 0.01640625
0 0.2921875 0.99140625 0.06875 0.0109375
0 0.4375 0.37890625 0.0125 0.01953125
0 0.5578125 0.37109375 0.009375 0.0140625
0 0.4578125 0.3765625 0.0125 0.01953125
0 0.521875 0.36796875 0.009375 0.0140625
0 0.446875 0.37109375 0.009375 0.0140625
0 0.4703125 0.3640625 0.009375 0.01640625
0 0.48125 0.346875 0.009375 0.01640625
0 0.45625 0.359375 0.009375 0.0140625
0 0.40625 0.3640625 0.00625 0.01640625
0 0.4640625 0.35390625 0.00625 0.0140625
0 0.53515625 0.35546875 0.0078125 0.01640625
0 0.48515625 0.36640625 0.0109375 0.0109375
0 0.54921875 0.32890625 0.0078125 0.0140625