1 0.11640625 0.7625 0.2328125 0.46953125
1 0.58828125 0.390625 0.0328125 0.0640625
1 0.45234375 0.3734375 0.0234375 0.046875
0 0.578125 0.525 0.034375 0.05546875
0 0.4125 0.54453125 0.040625 0.0609375
0 0.39921875 0.46796875 0.0265625 0.0359375
0 0.34609375 0.540625 0.0453125 0.0640625
0 0.3125 0.940625 0.103125 0.1140625
0 0.55 0.4515625 0.025 0.0359375
0 0.4625 0.4234375 0.01875 0.025
0 0.43671875 0.40703125 0.0171875 0.025
0 0.56796875 0.425 0.0203125 0.03359375
0 0.5296875 0.40546875 0.015625 0.021875
0 0.47421875 0.390625 0.0140625 0.01953125
0 0.3578125 0.57890625 0.015625 0.03046875
0 0.55078125 0.35703125 0.0109375 0.01953125
0 0.5375 0.3609375 0.009375 0.01640625
0 0.48828125 0.35859375 0.0109375 0.01640625
0 0.40703125 0.3625 0.0046875 0.0140625
0 0.50625 0.35703125 0.009375 0.0140625
0 0.12578125 0.61796875 0.0546875 0.096875
0 0.52421875 0.3359375 0.0078125 0.0109375
0 0.57421875 0.5109375 0.0265625 0.028125
0 0.1109375 0.61640625 0.025 0.09453125
0 0.5921875 0.4109375 0.01875 0.021875
0 0.47421875 0.346875 0.0109375 0.01640625
0 0.44921875 0.3875 0.0171875 0.01953125