1 0.2734375 0.61640625 0.175 0.3109375
1 0.328125 0.53046875 0.065625 0.13359375
1 0.45625 0.3640625 0.025 0.05
1 0.43203125 0.36953125 0.0234375 0.05
0 0.3859375 0.6625 0.059375 0.0859375
0 0.5921875 0.58203125 0.04375 0.06953125
0 0.04375 0.85390625 0.0875 0.15859375
0 0.59609375 0.4234375 0.0171875 0.025
0 0.61328125 0.496875 0.0328125 0.04453125
0 0.4328125 0.5125 0.03125 0.046875
0 0.38671875 0.43203125 0.0234375 0.03046875
0 0.56171875 0.371875 0.0109375 0.021875
0 0.37265625 0.509375 0.0328125 0.053125
0 0.43671875 0.40859375 0.0171875 0.028125
0 0.5375 0.40703125 0.01875 0.0359375
0 0.44921875 0.44140625 0.0203125 0.03359375
0 0.41953125 0.4359375 0.0203125 0.028125
0 0.47734375 0.375 0.0109375 0.01640625
0 0.5265625 0.38203125 0.015625 0.01953125
0 0.52109375 0.35546875 0.0078125 0.021875
0 0.4625 0.4125 0.015625 0.025
0 0.47109375 0.39140625 0.0109375 0.01640625
0 0.45859375 0.425 0.0171875 0.028125
0 0.496875 0.3484375 0.015625 0.025
0 0.48515625 0.34296875 0.0109375 0.01953125
0 0.48671875 0.3609375 0.0109375 0.01640625
0 0.53984375 0.334375 0.0109375 0.01953125
0 0.4734375 0.309375 0.009375 0.0140625
0 0.55390625 0.328125 0.0078125 0.01640625
0 0.40703125 0.3640625 0.0046875 0.01640625
0 0.33828125 0.525 0.0171875 0.03359375
0 0.546875 0.35390625 0.009375 0.0140625