1 0.1203125 0.9 0.175 0.19453125
1 0.4046875 0.39296875 0.0375 0.06953125
1 0.5640625 0.365625 0.01875 0.04140625
1 0.47421875 0.35 0.0109375 0.028125
0 0.259375 0.578125 0.053125 0.0609375
0 0.6484375 0.534375 0.040625 0.05859375
0 0.1328125 0.734375 0.10625 0.10859375
0 0.39609375 0.653125 0.0578125 0.0890625
0 0.59140625 0.60390625 0.0453125 0.08046875
0 0.37109375 0.51953125 0.0390625 0.05
0 0.43203125 0.509375 0.0296875 0.046875
0 0.56171875 0.4125 0.0171875 0.025
0 0.40546875 0.45859375 0.0234375 0.03359375
0 0.44921875 0.44609375 0.0234375 0.03046875
0 0.540625 0.440625 0.01875 0.03046875
0 0.4203125 0.43359375 0.01875 0.028125
0 0.53046875 0.40859375 0.0171875 0.028125
0 0.440625 0.40546875 0.015625 0.021875
0 0.46015625 0.421875 0.0171875 0.028125
0 0.52265625 0.3765625 0.0140625 0.01953125
0 0.5453125 0.38046875 0.0125 0.01640625
0 0.53515625 0.359375 0.0109375 0.01953125
0 0.45234375 0.38359375 0.0109375 0.01640625
0 0.46640625 0.3984375 0.0140625 0.01953125
0 0.471875 0.3859375 0.0125 0.021875
0 0.4625 0.36953125 0.009375 0.01640625
0 0.44375 0.371875 0.009375 0.01640625
0 0.48203125 0.371875 0.0109375 0.01640625
0 0.453125 0.3640625 0.009375 0.01640625
0 0.4953125 0.3484375 0.009375 0.0140625
0 0.465625 0.35390625 0.009375 0.0140625
0 0.5265625 0.33359375 0.00625 0.0109375
0 0.50546875 0.35703125 0.0078125 0.0140625
0 0.52109375 0.3640625 0.0109375 0.0109375
0 0.56484375 0.3765625 0.0140625 0.01953125