1 0.41796875 0.3859375 0.0265625 0.04453125
1 0.36015625 0.45546875 0.0328125 0.05
0 0.23125 0.7609375 0.09375 0.11640625
0 0.61875 0.44609375 0.01875 0.03046875
0 0.23203125 0.6234375 0.0640625 0.06953125
0 0.3984375 0.6375 0.053125 0.075
0 0.71015625 0.5609375 0.0453125 0.0609375
0 0.42734375 0.52890625 0.0359375 0.046875
0 0.30625 0.52890625 0.040625 0.046875
0 0.33984375 0.5765625 0.0484375 0.05859375
0 0.0203125 0.91953125 0.040625 0.1109375
0 0.38671875 0.49609375 0.0390625 0.04140625
0 0.41015625 0.4515625 0.0265625 0.03046875
0 0.44921875 0.4640625 0.0234375 0.03359375
0 0.4625 0.41953125 0.01875 0.028125
0 0.5625 0.37890625 0.0125 0.0140625
0 0.4390625 0.403125 0.01875 0.028125
0 0.50390625 0.35859375 0.0109375 0.01640625
0 0.5515625 0.390625 0.0125 0.01953125
0 0.471875 0.39609375 0.0125 0.01953125
0 0.4421875 0.36953125 0.0125 0.01640625
0 0.47890625 0.378125 0.0109375 0.01640625
0 0.46015625 0.375 0.0109375 0.01640625
0 0.40859375 0.3640625 0.0109375 0.01640625
0 0.4921875 0.3515625 0.009375 0.0140625
0 0.4515625 0.365625 0.009375 0.0140625
0 0.53515625 0.34609375 0.0109375 0.0140625