0 0.35078125 0.475 0.0296875 0.0390625
0 0.3953125 0.65 0.059375 0.0890625
0 0.30859375 0.621875 0.0671875 0.078125
0 0.23828125 0.615625 0.0703125 0.075
0 0.7984375 0.675 0.08125 0.10546875
0 0.453125 0.4625 0.021875 0.0359375
0 0.696875 0.65390625 0.065625 0.103125
0 0.60546875 0.43359375 0.0203125 0.028125
0 0.4234375 0.434375 0.01875 0.03046875
0 0.46953125 0.403125 0.0140625 0.021875
0 0.4140625 0.40390625 0.015625 0.01953125
0 0.55546875 0.403125 0.0140625 0.021875
0 0.45 0.3890625 0.015625 0.01640625
0 0.53671875 0.35859375 0.0109375 0.01640625
0 0.56171875 0.378125 0.0109375 0.01640625
0 0.44453125 0.37109375 0.0109375 0.0140625
0 0.521875 0.3484375 0.009375 0.0140625
0 0.58203125 0.43359375 0.0046875 0.0109375
0 0.48046875 0.36953125 0.0109375 0.021875
0 0.5515625 0.35703125 0.009375 0.0140625
0 0.490625 0.35546875 0.009375 0.0109375
0 0.40703125 0.3640625 0.0046875 0.0109375
0 0.465625 0.36796875 0.0125 0.0140625
0 0.53984375 0.34140625 0.0078125 0.0109375
0 0.5046875 0.35703125 0.009375 0.0140625
0 0.50078125 0.3375 0.0078125 0.0140625
0 0.465625 0.353125 0.00625 0.0109375
0 0.48046875 0.3515625 0.0109375 0.0140625
0 0.490625 0.334375 0.00625 0.0140625