1 0.42265625 0.4125 0.0390625 0.075
0 0.20546875 0.796875 0.1078125 0.14453125
0 0.41484375 0.57890625 0.0453125 0.0640625
0 0.5671875 0.50703125 0.03125 0.046875
0 0.609375 0.48359375 0.028125 0.04453125
0 0.8359375 0.909375 0.1375 0.175
0 0.57109375 0.43046875 0.0171875 0.03359375
0 0.45625 0.44453125 0.021875 0.03359375
0 0.38828125 0.4890625 0.0359375 0.05
0 0.553125 0.35390625 0.01875 0.0359375
0 0.525 0.36640625 0.015625 0.03359375
0 0.440625 0.44453125 0.015625 0.03359375
0 0.475 0.38203125 0.0125 0.01953125
0 0.40625 0.3640625 0.00625 0.01640625
0 0.4703125 0.35390625 0.015625 0.0140625
0 0.4515625 0.375 0.0125 0.021875
0 0.4734375 0.309375 0.009375 0.01953125
0 0.48203125 0.36953125 0.0109375 0.01640625
0 0.53515625 0.3609375 0.0078125 0.01640625
0 0.496875 0.32890625 0.0125 0.01953125
0 0.521875 0.35859375 0.009375 0.01640625
0 0.4421875 0.375 0.009375 0.01640625
0 0.4640625 0.36953125 0.009375 0.01640625
0 0.00390625 0.24609375 0.0078125 0.025