1 0.56484375 0.36796875 0.0203125 0.04140625
0 0.3671875 0.75546875 0.071875 0.1109375
0 0.31328125 0.515625 0.0359375 0.046875
0 0.60390625 0.653125 0.0515625 0.09453125
0 0.67734375 0.62109375 0.0578125 0.09140625
0 0.165625 0.8625 0.140625 0.1640625
0 0.4109375 0.5875 0.046875 0.0640625
0 0.35546875 0.5515625 0.0390625 0.05859375
0 0.45234375 0.453125 0.0203125 0.03359375
0 0.4 0.459375 0.028125 0.04140625
0 0.53515625 0.425 0.0171875 0.028125
0 0.38671875 0.43046875 0.0234375 0.028125
0 0.4390625 0.40703125 0.015625 0.025
0 0.55859375 0.39296875 0.0140625 0.01953125
0 0.46484375 0.4109375 0.0171875 0.028125
0 0.41328125 0.40546875 0.0171875 0.021875
0 0.4546875 0.37890625 0.0125 0.0140625
0 0.5234375 0.375 0.0125 0.01640625
0 0.4234375 0.3875 0.0125 0.01953125
0 0.4453125 0.37109375 0.009375 0.0140625
0 0.40625 0.365625 0.00625 0.0140625
0 0.628125 0.50390625 0.009375 0.0140625
0 0.47421875 0.3140625 0.0109375 0.01640625
0 0.609375 0.48046875 0.009375 0.0109375
0 0.54375 0.371875 0.00625 0.0109375
0 0.5203125 0.346875 0.009375 0.01640625
0 0.4734375 0.384375 0.0125 0.01953125
0 0.4875 0.35859375 0.009375 0.0109375
0 0.48125 0.3765625 0.009375 0.0140625
0 0.471875 0.359375 0.009375 0.0140625
0 0.5421875 0.353125 0.0125 0.01640625