1 0.42421875 0.375 0.0265625 0.05546875
1 0.4234375 0.425 0.021875 0.03359375
0 0.21953125 0.625 0.0640625 0.071875
0 0.715625 0.571875 0.05 0.071875
0 0.33984375 0.48359375 0.0328125 0.04453125
0 0.4296875 0.52109375 0.03125 0.046875
0 0.62109375 0.52890625 0.0390625 0.05859375
0 0.60234375 0.4265625 0.0203125 0.03046875
0 0.3421875 0.565625 0.053125 0.06953125
0 0.45859375 0.43359375 0.0203125 0.028125
0 0.53515625 0.4234375 0.0203125 0.03046875
0 0.4015625 0.45859375 0.025 0.0390625
0 0.3890625 0.425 0.015625 0.028125
0 0.44609375 0.39140625 0.0140625 0.028125
0 0.52734375 0.390625 0.0140625 0.025
0 0.56640625 0.38046875 0.0171875 0.03359375
0 0.553125 0.39140625 0.0125 0.021875
0 0.446875 0.36953125 0.009375 0.01640625
0 0.46328125 0.36953125 0.0109375 0.01640625
0 0.40625 0.365625 0.00625 0.0140625
0 0.36953125 0.3265625 0.0109375 0.0140625
0 0.45859375 0.35703125 0.0078125 0.0140625
0 0.4796875 0.375 0.01875 0.028125
0 0.475 0.378125 0.009375 0.01640625
0 0.53671875 0.3640625 0.0109375 0.01640625
0 0.54609375 0.37890625 0.0609375 0.125
0 0.56796875 0.3875 0.0140625 0.01953125