1 0.334375 0.46953125 0.05625 0.1
1 0.5640625 0.396875 0.04375 0.09453125
1 0.59609375 0.409375 0.0234375 0.046875
0 0.3609375 0.76640625 0.078125 0.121875
0 0.284375 0.66953125 0.06875 0.0890625
0 0.665625 0.509375 0.034375 0.046875
0 0.35 0.5359375 0.040625 0.05
0 0.7265625 0.5859375 0.053125 0.071875
0 0.39375 0.4890625 0.025 0.0390625
0 0.45 0.45 0.021875 0.03359375
0 0.54296875 0.446875 0.0203125 0.03359375
0 0.37421875 0.446875 0.0234375 0.03359375
0 0.40234375 0.4140625 0.0171875 0.028125
0 0.4265625 0.4234375 0.01875 0.025
0 0.421875 0.39140625 0.0125 0.021875
0 0.46953125 0.4 0.0140625 0.021875
0 0.5296875 0.4125 0.015625 0.025
0 0.44296875 0.3984375 0.0140625 0.01953125
0 0.57109375 0.4234375 0.0265625 0.04140625
0 0.40625 0.365625 0.00625 0.0140625
0 0.43984375 0.375 0.0109375 0.01640625
0 0.45078125 0.365625 0.0109375 0.0140625
0 0.459375 0.3765625 0.0125 0.0140625
0 0.53515625 0.39140625 0.0140625 0.021875
0 0.4796875 0.378125 0.0125 0.021875
0 0.29140625 0.43046875 0.0109375 0.028125
0 0.56015625 0.34140625 0.0140625 0.01640625
0 0.4734375 0.3125 0.00625 0.0140625
0 0.43359375 0.35 0.0078125 0.0109375
0 0.471875 0.34609375 0.009375 0.0140625
0 0.4703125 0.3625 0.009375 0.0140625