1 0.43828125 0.3609375 0.0203125 0.0390625
0 0.27734375 0.94453125 0.1171875 0.10546875
0 0.08671875 0.95 0.1484375 0.09453125
0 0.70625 0.5640625 0.05 0.06640625
0 0.2625 0.578125 0.05 0.0609375
0 0.35625 0.546875 0.040625 0.05
0 0.42265625 0.546875 0.0390625 0.05546875
0 0.38046875 0.71640625 0.0640625 0.1
0 0.58984375 0.41953125 0.0171875 0.028125
0 0.259375 0.69296875 0.090625 0.13046875
0 0.3359375 0.4875 0.03125 0.04140625
0 0.38828125 0.42890625 0.0203125 0.025
0 0.61171875 0.51640625 0.0359375 0.05
0 0.44296875 0.49296875 0.0296875 0.04140625
0 0.4 0.47109375 0.03125 0.0359375
0 0.45390625 0.446875 0.0203125 0.03359375
0 0.46328125 0.409375 0.0171875 0.025
0 0.4234375 0.4265625 0.015625 0.025
0 0.4234375 0.39296875 0.0125 0.01953125
0 0.55703125 0.3765625 0.0109375 0.0140625
0 0.47265625 0.38359375 0.0109375 0.01640625
0 0.4359375 0.40859375 0.015625 0.021875
0 0.54375 0.38203125 0.0125 0.0140625
0 0.46015625 0.36953125 0.0140625 0.021875
0 0.5375 0.3625 0.009375 0.0140625
0 0.4421875 0.39609375 0.0125 0.01953125
0 0.5046875 0.35546875 0.009375 0.01640625
0 0.4796875 0.37109375 0.009375 0.0140625
0 0.4875 0.359375 0.009375 0.0140625
0 0.54765625 0.35703125 0.0078125 0.0140625