1 0.4203125 0.3859375 0.01875 0.0390625
0 0.3203125 0.8640625 0.109375 0.178125
0 0.115625 0.74453125 0.10625 0.1109375
0 0.81015625 0.82109375 0.1078125 0.175
0 0.58046875 0.5734375 0.0390625 0.06953125
0 0.353125 0.54609375 0.04375 0.05859375
0 0.33046875 0.5 0.0359375 0.04453125
0 0.38359375 0.490625 0.0328125 0.04140625
0 0.54453125 0.453125 0.0234375 0.03359375
0 0.58125 0.44140625 0.021875 0.03359375
0 0.08671875 0.971875 0.1265625 0.05
0 0.59140625 0.415625 0.0171875 0.025
0 0.43828125 0.490625 0.0265625 0.04140625
0 0.40078125 0.4125 0.0140625 0.025
0 0.41953125 0.43203125 0.0234375 0.0359375
0 0.4453125 0.4640625 0.025 0.03359375
0 0.44921875 0.390625 0.0109375 0.01953125
0 0.43359375 0.40859375 0.0109375 0.021875
0 0.52890625 0.403125 0.0140625 0.021875
0 0.52265625 0.3765625 0.0140625 0.01953125
0 0.4609375 0.428125 0.01875 0.03359375
0 0.55390625 0.39453125 0.0140625 0.021875
0 0.44453125 0.36640625 0.0109375 0.01640625
0 0.57421875 0.39453125 0.0140625 0.021875
0 0.41171875 0.559375 0.0265625 0.0359375
0 0.4546875 0.3609375 0.009375 0.0109375
0 0.40625 0.3640625 0.00625 0.01640625
0 0.46796875 0.396875 0.0140625 0.021875
0 0.4671875 0.365625 0.009375 0.0140625
0 0.47578125 0.38203125 0.0109375 0.0140625
0 0.46328125 0.40703125 0.0140625 0.0140625
0 0.4734375 0.3109375 0.00625 0.0109375
0 0.12890625 0.971875 0.0453125 0.05
0 0.478125 0.3375 0.009375 0.0140625
0 0.5609375 0.375 0.0125 0.01640625
0 0.54375 0.38046875 0.009375 0.01640625
0 0.47734375 0.353125 0.0140625 0.01640625
0 0.48203125 0.36953125 0.0109375 0.01640625
0 0.4125 0.3625 0.01875 0.01953125
0 0.409375 0.596875 0.046875 0.06640625