1 0.4140625 0.38046875 0.03125 0.071875
0 0.4171875 0.5734375 0.040625 0.053125
0 0.31328125 0.8859375 0.1078125 0.2
0 0.36015625 0.53359375 0.0359375 0.05
0 0.44296875 0.46953125 0.0265625 0.03359375
0 0.55390625 0.39609375 0.0140625 0.01953125
0 0.38359375 0.4390625 0.0203125 0.028125
0 0.52734375 0.3875 0.0140625 0.025
0 0.253125 0.56953125 0.059375 0.08359375
0 0.459375 0.42109375 0.01875 0.025
0 0.4015625 0.4609375 0.028125 0.0390625
0 0.43828125 0.40859375 0.0140625 0.021875
0 0.47109375 0.39453125 0.0140625 0.021875
0 0.4515625 0.3875 0.0125 0.01953125
0 0.41796875 0.4375 0.0203125 0.0359375
0 0.50546875 0.35703125 0.0109375 0.01953125
0 0.45625 0.359375 0.009375 0.0140625
0 0.4109375 0.40859375 0.01875 0.01640625
0 0.4859375 0.34296875 0.009375 0.0140625
0 0.703125 0.290625 0.0125 0.0140625
0 0.46328125 0.3734375 0.0109375 0.0140625
0 0.4796875 0.36796875 0.009375 0.0140625
0 0.55546875 0.328125 0.0078125 0.01640625
0 0.69296875 0.29140625 0.0078125 0.0109375
0 0.25 0.58046875 0.0375 0.05546875