1 0.41484375 0.41796875 0.0296875 0.06953125
0 0.396875 0.63046875 0.053125 0.078125
0 0.6921875 0.65859375 0.065625 0.1
0 0.3578125 0.46796875 0.028125 0.04140625
0 0.60859375 0.490625 0.0296875 0.04140625
0 0.56015625 0.49453125 0.0296875 0.04453125
0 0.4265625 0.51953125 0.034375 0.05
0 0.62265625 0.68046875 0.0609375 0.1109375
0 0.44296875 0.47109375 0.0265625 0.0359375
0 0.390625 0.484375 0.028125 0.04140625
0 0.53984375 0.43203125 0.0203125 0.03046875
0 0.71796875 0.578125 0.0484375 0.06640625
0 0.57578125 0.39609375 0.0140625 0.01953125
0 0.459375 0.421875 0.01875 0.028125
0 0.42734375 0.390625 0.0109375 0.01953125
0 0.5234375 0.36796875 0.009375 0.0140625
0 0.55390625 0.36640625 0.0109375 0.01640625
0 0.44765625 0.39140625 0.0140625 0.021875
0 0.475 0.38359375 0.0125 0.01640625
0 0.465625 0.40546875 0.015625 0.021875
0 0.44453125 0.37109375 0.0109375 0.0140625
0 0.51796875 0.3609375 0.0046875 0.0109375
0 0.4734375 0.3109375 0.00625 0.0109375
0 0.5046875 0.35703125 0.009375 0.0140625
0 0.45859375 0.3765625 0.0109375 0.0140625
0 0.409375 0.396875 0.01875 0.028125
0 0.48203125 0.37109375 0.0109375 0.0140625
0 0.5125 0.33203125 0.00625 0.0140625
0 0.5609375 0.38046875 0.009375 0.01640625
0 0.46875 0.3625 0.009375 0.0140625
0 0.40625 0.365625 0.00625 0.0140625