1 0.728125 0.5375 0.134375 0.23046875
1 0.4375 0.384375 0.03125 0.06953125
1 0.40546875 0.40546875 0.0234375 0.0390625
0 0.11640625 0.7390625 0.0984375 0.121875
0 0.34921875 0.790625 0.0765625 0.11953125
0 0.3484375 0.55 0.040625 0.05546875
0 0.42734375 0.5375 0.0359375 0.05859375
0 0.590625 0.57890625 0.05 0.08046875
0 0.2796875 0.5609375 0.053125 0.05546875
0 0.38828125 0.484375 0.0296875 0.04140625
0 0.44453125 0.46953125 0.0265625 0.03359375
0 0.54140625 0.453125 0.0234375 0.0390625
0 0.4203125 0.4359375 0.01875 0.028125
0 0.584375 0.45546875 0.021875 0.03359375
0 0.38515625 0.434375 0.0203125 0.03046875
0 0.64453125 0.484375 0.0296875 0.04140625
0 0.5984375 0.421875 0.01875 0.028125
0 0.46875 0.40546875 0.015625 0.021875
0 0.62265625 0.45703125 0.0265625 0.0359375
0 0.5234375 0.37109375 0.0125 0.0140625
0 0.5546875 0.3984375 0.015625 0.01953125
0 0.40625 0.365625 0.00625 0.0140625
0 0.49375 0.3390625 0.009375 0.01640625
0 0.4546875 0.3890625 0.009375 0.01640625
0 0.54453125 0.37890625 0.0140625 0.01953125
0 0.47265625 0.390625 0.0140625 0.01953125
0 0.56484375 0.3875 0.0078125 0.0140625
0 0.54765625 0.33046875 0.0109375 0.01640625
0 0.57578125 0.39453125 0.0140625 0.021875
0 0.64140625 0.47109375 0.0203125 0.01953125
0 0.48046875 0.3765625 0.0109375 0.0140625
0 0.58125 0.40859375 0.015625 0.01640625
0 0.5796875 0.40390625 0.0125 0.01953125