1 0.2015625 0.71640625 0.278125 0.45
1 0.43046875 0.40703125 0.0296875 0.053125
1 0.45390625 0.36796875 0.0265625 0.046875
0 0.359375 0.728125 0.06875 0.1109375
0 0.61015625 0.4984375 0.0328125 0.053125
0 0.6625 0.5015625 0.034375 0.046875
0 0.3890625 0.48359375 0.03125 0.0390625
0 0.3390625 0.475 0.025 0.04453125
0 0.5703125 0.390625 0.0125 0.025
0 0.27734375 0.9859375 0.1140625 0.021875
0 0.40625 0.4484375 0.021875 0.03046875
0 0.38984375 0.43046875 0.0171875 0.028125
0 0.4546875 0.44296875 0.01875 0.03046875
0 0.471875 0.3859375 0.015625 0.021875
0 0.4578125 0.4234375 0.015625 0.025
0 0.2796875 0.8125 0.034375 0.10859375
0 0.4125 0.40390625 0.009375 0.01953125
0 0.44609375 0.39296875 0.0140625 0.01953125
0 0.52265625 0.3625 0.0109375 0.01953125
0 0.40703125 0.365625 0.0046875 0.0140625
0 0.553125 0.36953125 0.00625 0.01640625
0 0.54140625 0.371875 0.0078125 0.01640625
0 0.27421875 0.82109375 0.0203125 0.0359375
0 0.45625 0.3875 0.009375 0.0140625
0 0.559375 0.37109375 0.00625 0.0140625
0 0.5359375 0.375 0.009375 0.01640625
0 0.503125 0.35546875 0.00625 0.01640625
0 0.46953125 0.3625 0.0109375 0.01953125
0 0.703125 0.290625 0.0125 0.0140625
0 0.1296875 0.753125 0.096875 0.071875
0 0.53203125 0.346875 0.0078125 0.01640625
0 0.4140625 0.4 0.0125 0.028125
0 0.31875 0.65546875 0.0375 0.1
0 0.53828125 0.35 0.0453125 0.06640625