1 0.8875 0.734375 0.1375 0.225
0 0.1015625 0.76796875 0.103125 0.11953125
0 0.1046875 0.9484375 0.14375 0.096875
0 0.4234375 0.546875 0.034375 0.05546875
0 0.6875 0.6140625 0.053125 0.08359375
0 0.38984375 0.675 0.0640625 0.1
0 0.3265625 0.49609375 0.034375 0.04140625
0 0.33359375 0.57890625 0.0484375 0.0640625
0 0.571875 0.5640625 0.0375 0.0609375
0 0.53359375 0.4125 0.0140625 0.025
0 0.44609375 0.45546875 0.0234375 0.03359375
0 0.57109375 0.428125 0.0171875 0.028125
0 0.39765625 0.4234375 0.0171875 0.025
0 0.565625 0.38046875 0.009375 0.01640625
0 0.4234375 0.390625 0.0125 0.01953125
0 0.4203125 0.43203125 0.021875 0.0359375
0 0.46953125 0.403125 0.0140625 0.021875
0 0.84296875 0.8609375 0.1453125 0.2109375
0 0.52109375 0.36640625 0.0109375 0.01640625
0 0.62421875 0.40859375 0.0359375 0.021875
0 0.40625 0.365625 0.00625 0.0140625
0 0.5046875 0.35859375 0.009375 0.01640625
0 0.440625 0.3765625 0.009375 0.0140625
0 0.4625 0.3734375 0.009375 0.01953125
0 0.471875 0.359375 0.009375 0.0140625
0 0.453125 0.38359375 0.0125 0.01640625
0 0.478125 0.38046875 0.0125 0.01640625
0 0.484375 0.365625 0.009375 0.0140625
0 0.540625 0.37109375 0.0125 0.0140625
0 0.4515625 0.36640625 0.0125 0.01640625
0 0.490625 0.35 0.009375 0.01640625
0 0.63515625 0.43359375 0.0328125 0.0390625
0 0.5375 0.35859375 0.009375 0.01640625
0 0.546875 0.3359375 0.00625 0.0109375
0 0.459375 0.35859375 0.00625 0.0109375
0 0.6296875 0.41953125 0.046875 0.04453125