1 0.3609375 0.43046875 0.0625 0.10546875
1 0.59375 0.396875 0.0375 0.071875
0 0.19140625 0.83203125 0.1109375 0.14140625
0 0.659375 0.8015625 0.084375 0.15859375
0 0.659375 0.5640625 0.04375 0.06640625
0 0.39375 0.68203125 0.0625 0.096875
0 0.31015625 0.63046875 0.0578125 0.078125
0 0.36875 0.509375 0.034375 0.046875
0 0.3328125 0.496875 0.034375 0.04453125
0 0.33828125 0.559375 0.0421875 0.05859375
0 0.55 0.4765625 0.025 0.04140625
0 0.56015625 0.3734375 0.0109375 0.0140625
0 0.42109375 0.5765625 0.0421875 0.05859375
0 0.3984375 0.42109375 0.015625 0.025
0 0.40625 0.4609375 0.025 0.03359375
0 0.4234375 0.49453125 0.028125 0.0390625
0 0.5328125 0.375 0.009375 0.01640625
0 0.421875 0.534375 0.034375 0.04140625
0 0.4375 0.378125 0.0125 0.01640625
0 0.5546875 0.48359375 0.015625 0.028125
0 0.5328125 0.36796875 0.009375 0.03046875
0 0.45625 0.4390625 0.021875 0.03359375
0 0.2921875 0.43046875 0.0125 0.028125
0 0.46640625 0.4015625 0.0171875 0.01953125
0 0.6265625 0.50390625 0.00625 0.0140625
0 0.53359375 0.359375 0.0078125 0.0140625
0 0.446875 0.46796875 0.025 0.0359375
0 0.4171875 0.44296875 0.021875 0.03046875
0 0.40625 0.3640625 0.00625 0.01640625
0 0.47578125 0.38359375 0.0140625 0.021875
0 0.50546875 0.35703125 0.0078125 0.0140625
0 0.534375 0.33203125 0.009375 0.01953125
0 0.4578125 0.37890625 0.0125 0.025
0 0.44765625 0.39296875 0.0140625 0.01953125
0 0.43828125 0.40859375 0.0171875 0.028125
0 0.59921875 0.4125 0.0265625 0.04140625
0 0.440625 0.40390625 0.015625 0.01953125
0 0.428125 0.42890625 0.01875 0.03046875
0 0.61171875 0.403125 0.0078125 0.01640625