1 0.24765625 0.63046875 0.2109375 0.3390625
1 0.4 0.41953125 0.028125 0.0390625
0 0.35703125 0.76796875 0.0734375 0.1140625
0 0.42421875 0.5359375 0.0390625 0.05
0 0.9078125 0.8234375 0.115625 0.15859375
0 0.10234375 0.746875 0.0921875 0.121875
0 0.63984375 0.54140625 0.0421875 0.06640625
0 0.453125 0.4484375 0.021875 0.03046875
0 0.36484375 0.45703125 0.0265625 0.0359375
0 0.65234375 0.4859375 0.0328125 0.04453125
0 0.40234375 0.46796875 0.0265625 0.0359375
0 0.5796875 0.44453125 0.021875 0.03359375
0 0.57421875 0.39140625 0.0140625 0.01640625
0 0.55078125 0.4625 0.0234375 0.0359375
0 0.609375 0.434375 0.021875 0.03046875
0 0.41953125 0.4359375 0.0203125 0.028125
0 0.5328125 0.4109375 0.015625 0.028125
0 0.4453125 0.39453125 0.015625 0.021875
0 0.21328125 0.671875 0.0609375 0.10546875
0 0.4296875 0.384375 0.015625 0.01953125
0 0.4109375 0.4109375 0.009375 0.021875
0 0.46328125 0.4109375 0.0171875 0.021875
0 0.40625 0.3625 0.00625 0.0140625
0 0.459375 0.359375 0.009375 0.0140625
0 0.52421875 0.34140625 0.0078125 0.01640625
0 0.47109375 0.34609375 0.0109375 0.0140625
0 0.5015625 0.3390625 0.00625 0.01640625
0 0.54140625 0.3765625 0.0078125 0.0140625
0 0.52578125 0.38203125 0.0140625 0.0140625
0 0.48671875 0.3640625 0.0109375 0.01640625
0 0.35078125 0.528125 0.0109375 0.03359375
0 0.546875 0.375 0.00625 0.0109375
0 0.47734375 0.38046875 0.0109375 0.01640625
0 0.46875 0.39453125 0.015625 0.028125
0 0.4515625 0.36640625 0.009375 0.01640625
0 0.60546875 0.428125 0.0140625 0.01640625
0 0.346875 0.51640625 0.01875 0.05546875
0 0.521875 0.36640625 0.009375 0.01640625
0 0.459375 0.3734375 0.0125 0.0140625
0 0.3421875 0.503125 0.009375 0.028125
0 0.99296875 0.51796875 0.0109375 0.0640625