1 0.25234375 0.534375 0.1453125 0.20859375
1 0.6765625 0.48203125 0.09375 0.153125
0 0.34375 0.853125 0.0875 0.14453125
0 0.41328125 0.5640625 0.0421875 0.05546875
0 0.059375 0.8390625 0.11875 0.14453125
0 0.72890625 0.9234375 0.1359375 0.146875
0 0.11328125 0.93046875 0.1703125 0.13359375
0 0.375 0.50859375 0.034375 0.04453125
0 0.4546875 0.4484375 0.021875 0.03046875
0 0.54140625 0.4359375 0.0234375 0.03359375
0 0.571875 0.43203125 0.01875 0.03046875
0 0.3953125 0.471875 0.028125 0.0390625
0 0.4328125 0.41953125 0.015625 0.028125
0 0.53203125 0.4 0.0171875 0.021875
0 0.41015625 0.40546875 0.0140625 0.021875
0 0.4609375 0.42109375 0.01875 0.025
0 0.43671875 0.37890625 0.0109375 0.01953125
0 0.4734375 0.3875 0.0125 0.01953125
0 0.54921875 0.384375 0.0109375 0.0140625
0 0.40625 0.365625 0.00625 0.0140625
0 0.44921875 0.3859375 0.0140625 0.021875
0 0.44921875 0.36796875 0.0109375 0.0140625
0 0.4796875 0.36953125 0.0125 0.01640625
0 0.56328125 0.38046875 0.0140625 0.01640625
0 0.521875 0.371875 0.0125 0.01640625
0 0.52109375 0.35 0.0109375 0.01640625
0 0.5515625 0.3625 0.009375 0.0140625
0 0.56015625 0.38203125 0.0078125 0.0140625
0 0.465625 0.37109375 0.009375 0.0140625
0 0.5 0.334375 0.009375 0.0140625
0 0.72109375 0.4859375 0.0078125 0.028125
0 0.37734375 0.4765625 0.0140625 0.01953125
0 0.50390625 0.884375 0.1328125 0.225
0 0.4578125 0.3609375 0.00625 0.0109375
0 0.4875 0.359375 0.009375 0.0140625
0 0.5671875 0.38046875 0.00625 0.0109375