1 0.72734375 0.5359375 0.1296875 0.2109375
1 0.29375 0.53359375 0.053125 0.071875
1 0.63046875 0.5015625 0.0859375 0.18046875
0 0.29140625 0.940625 0.1078125 0.1140625
0 0.39453125 0.65859375 0.0515625 0.08359375
0 0.378125 0.509375 0.034375 0.046875
0 0.43125 0.51796875 0.03125 0.05859375
0 0.56015625 0.51953125 0.0328125 0.05546875
0 0.2234375 0.77890625 0.1 0.11953125
0 0.45390625 0.4359375 0.0203125 0.028125
0 0.17734375 0.6765625 0.0921875 0.103125
0 0.36953125 0.45546875 0.0265625 0.03359375
0 0.4078125 0.4515625 0.025 0.0359375
0 0.56953125 0.4359375 0.0171875 0.028125
0 0.4078125 0.4109375 0.015625 0.021875
0 0.53828125 0.44140625 0.0203125 0.028125
0 0.56953125 0.384375 0.0140625 0.025
0 0.43671875 0.4109375 0.0140625 0.021875
0 0.525 0.3890625 0.015625 0.021875
0 0.45 0.390625 0.0125 0.01953125
0 0.4671875 0.39609375 0.015625 0.025
0 0.40625 0.3640625 0.00625 0.01640625
0 0.55859375 0.378125 0.0078125 0.01640625
0 0.4328125 0.38046875 0.015625 0.028125
0 0.54296875 0.37890625 0.0078125 0.0140625
0 0.55234375 0.365625 0.0109375 0.0140625
0 0.47734375 0.38203125 0.0140625 0.01953125
0 0.56015625 0.33046875 0.0078125 0.01640625
0 0.7578125 0.5875 0.06875 0.10859375
0 0.534375 0.35 0.009375 0.01640625
0 0.5359375 0.365625 0.009375 0.0140625
0 0.47265625 0.30859375 0.0078125 0.01640625
0 0.50390625 0.35859375 0.0109375 0.01640625
0 0.48828125 0.359375 0.0109375 0.01953125
0 0.44296875 0.371875 0.0109375 0.01640625