1 0.2921875 0.490625 0.1125 0.16953125
1 0.5765625 0.471875 0.04375 0.08359375
1 0.325 0.578125 0.06875 0.11640625
1 0.35703125 0.45546875 0.0234375 0.04453125
1 0.39609375 0.41953125 0.0296875 0.04453125
0 0.67890625 0.521875 0.0359375 0.05
0 0.91796875 0.81953125 0.1265625 0.15
0 0.3921875 0.653125 0.053125 0.08359375
0 0.2046875 0.81953125 0.109375 0.1390625
0 0.434375 0.5015625 0.028125 0.04140625
0 0.3921875 0.48203125 0.028125 0.04140625
0 0.1984375 0.6609375 0.071875 0.08359375
0 0.53671875 0.43046875 0.0203125 0.03359375
0 0.453125 0.43359375 0.021875 0.028125
0 0.6265625 0.45859375 0.021875 0.03359375
0 0.02421875 0.85703125 0.0484375 0.14140625
0 0.41953125 0.42890625 0.0171875 0.025
0 0.02265625 0.74609375 0.0453125 0.13046875
0 0.56484375 0.37890625 0.0109375 0.01953125
0 0.440625 0.403125 0.015625 0.021875
0 0.2359375 0.509375 0.00625 0.025
0 0.56171875 0.3859375 0.0171875 0.03359375
0 0.40625 0.365625 0.00625 0.01953125
0 0.43515625 0.4140625 0.0171875 0.021875
0 0.4609375 0.3765625 0.0125 0.0140625
0 0.52890625 0.3859375 0.0140625 0.01640625
0 0.44140625 0.3765625 0.0109375 0.0140625
0 0.46328125 0.403125 0.0171875 0.028125
0 0.47265625 0.3125 0.0078125 0.01953125
0 0.01484375 0.7125 0.0296875 0.0640625
0 0.47578125 0.37890625 0.0109375 0.01953125
0 0.5640625 0.33203125 0.0125 0.01953125
0 0.4875 0.3390625 0.009375 0.01640625
0 0.55625 0.375 0.00625 0.01640625
0 0.58671875 0.409375 0.0109375 0.01953125