1 0.4609375 0.328125 0.015625 0.028125
0 0.25859375 0.71640625 0.0828125 0.10546875
0 0.1015625 0.75546875 0.1125 0.11640625
0 0.31484375 0.515625 0.0390625 0.046875
0 0.43125 0.53046875 0.034375 0.05
0 0.66171875 0.503125 0.0328125 0.04453125
0 0.259375 0.5875 0.05 0.0640625
0 0.56875 0.515625 0.0375 0.06953125
0 0.6109375 0.440625 0.025 0.03046875
0 0.37578125 0.50859375 0.0328125 0.04453125
0 0.39609375 0.6484375 0.0578125 0.08046875
0 0.5671875 0.3859375 0.0125 0.021875
0 0.36953125 0.4390625 0.0328125 0.05546875
0 0.40390625 0.4625 0.0234375 0.0359375
0 0.53828125 0.40703125 0.0140625 0.025
0 0.44140625 0.47890625 0.0296875 0.04140625
0 0.4265625 0.425 0.025 0.028125
0 0.46015625 0.4140625 0.0171875 0.021875
0 0.409375 0.403125 0.021875 0.028125
0 0.5421875 0.3734375 0.0125 0.0140625
0 0.453125 0.453125 0.021875 0.03359375
0 0.52265625 0.36640625 0.0109375 0.01640625
0 0.44375 0.3984375 0.0125 0.01953125
0 0.38828125 0.678125 0.0359375 0.05
0 0.4578125 0.434375 0.01875 0.025
0 0.4109375 0.3625 0.015625 0.01953125
0 0.453125 0.38203125 0.0125 0.01953125
0 0.409375 0.38359375 0.015625 0.021875
0 0.47109375 0.39296875 0.0140625 0.01953125
0 0.703125 0.29140625 0.0125 0.0109375
0 0.45390625 0.365625 0.0140625 0.0140625
0 0.50625 0.35703125 0.00625 0.0140625
0 0.00546875 0.246875 0.0109375 0.0390625
0 0.38828125 0.6875 0.0328125 0.025