1 0.36171875 0.49609375 0.0515625 0.103125
0 0.39375 0.625 0.05 0.071875
0 0.2578125 0.70390625 0.075 0.096875
0 0.6578125 0.496875 0.03125 0.04453125
0 0.428125 0.5234375 0.034375 0.046875
0 0.26875 0.940625 0.128125 0.1140625
0 0.60546875 0.4375 0.0203125 0.03046875
0 0.4421875 0.471875 0.025 0.0390625
0 0.425 0.43203125 0.01875 0.025
0 0.4625 0.42109375 0.01875 0.025
0 0.47109375 0.39609375 0.0140625 0.01953125
0 0.3 0.5234375 0.05 0.075
0 0.41875 0.3984375 0.015625 0.01953125
0 0.84765625 0.728125 0.0953125 0.11640625
0 0.4328125 0.38203125 0.0125 0.01953125
0 0.44140625 0.403125 0.0140625 0.021875
0 0.53984375 0.3625 0.0109375 0.01953125
0 0.40625 0.365625 0.00625 0.0140625
0 0.45 0.3890625 0.009375 0.01640625
0 0.61640625 0.365625 0.0109375 0.0140625
0 0.4859375 0.36640625 0.0125 0.021875
0 0.45859375 0.375 0.0109375 0.01640625
0 0.39140625 0.403125 0.0109375 0.01640625
0 0.375 0.440625 0.021875 0.0140625