1 0.42890625 0.396875 0.0390625 0.08359375
0 0.28359375 0.678125 0.0796875 0.10546875
0 0.17421875 0.6765625 0.0765625 0.09140625
0 0.43671875 0.50703125 0.0265625 0.04140625
0 0.06875 0.9484375 0.1375 0.096875
0 0.3578125 0.521875 0.040625 0.0609375
0 0.60078125 0.4765625 0.0265625 0.04140625
0 0.4515625 0.4484375 0.025 0.0359375
0 0.3625 0.4625 0.028125 0.03046875
0 0.609375 0.4375 0.021875 0.03046875
0 0.4015625 0.4109375 0.015625 0.028125
0 0.5734375 0.3890625 0.0125 0.01640625
0 0.46484375 0.4125 0.0171875 0.025
0 0.4734375 0.3890625 0.015625 0.028125
0 0.52578125 0.378125 0.0140625 0.01640625
0 0.53984375 0.36640625 0.0078125 0.0109375
0 0.55390625 0.365625 0.0109375 0.0140625
0 0.4203125 0.359375 0.03125 0.025
0 0.5046875 0.35703125 0.009375 0.0140625
0 0.61796875 0.3625 0.0109375 0.0140625
0 0.41484375 0.41796875 0.0078125 0.0140625
0 0.5578125 0.36640625 0.00625 0.0109375
0 0.41171875 0.3609375 0.0140625 0.021875
0 0.4640625 0.36796875 0.009375 0.0140625
0 0.5171875 0.3234375 0.0125 0.0140625
0 0.44609375 0.40390625 0.0078125 0.0359375
0 0.4828125 0.37109375 0.009375 0.0140625
0 0.428125 0.35390625 0.015625 0.0140625
0 0.4484375 0.36953125 0.009375 0.01640625
0 0.40859375 0.3640625 0.0078125 0.01640625
0 0.44609375 0.39609375 0.0046875 0.01953125