1 0.91015625 0.7484375 0.1765625 0.403125
1 0.6375 0.509375 0.05 0.103125
1 0.409375 0.425 0.028125 0.05
0 0.25625 0.5890625 0.05625 0.071875
0 0.3375 0.58359375 0.046875 0.06640625
0 0.41640625 0.5625 0.0390625 0.0640625
0 0.3390625 0.48359375 0.03125 0.04453125
0 0.1140625 0.7375 0.121875 0.146875
0 0.3921875 0.484375 0.03125 0.04140625
0 0.5765625 0.534375 0.03125 0.05859375
0 0.54140625 0.44609375 0.0234375 0.0359375
0 0.11328125 0.9734375 0.1203125 0.046875
0 0.66640625 0.5 0.0265625 0.05
0 0.38203125 0.428125 0.0234375 0.03359375
0 0.61953125 0.4484375 0.0234375 0.03046875
0 0.56875 0.43203125 0.01875 0.03046875
0 0.11171875 0.95 0.1265625 0.09453125
0 0.58984375 0.4125 0.0140625 0.025
0 0.45546875 0.42890625 0.0203125 0.03046875
0 0.52734375 0.384375 0.0140625 0.01953125
0 0.571875 0.39140625 0.015625 0.021875
0 0.5546875 0.4015625 0.0125 0.01953125
0 0.47421875 0.3109375 0.0109375 0.01640625
0 0.428125 0.3875 0.0125 0.01953125
0 0.40625 0.3625 0.00625 0.0140625
0 0.43046875 0.4140625 0.0140625 0.028125
0 0.44609375 0.3984375 0.0140625 0.01953125
0 0.4171875 0.39609375 0.015625 0.01953125
0 0.4484375 0.36953125 0.009375 0.0109375
0 0.4671875 0.40546875 0.015625 0.021875
0 0.5234375 0.37109375 0.0125 0.01953125
0 0.48359375 0.36796875 0.0140625 0.01953125
0 0.45703125 0.38046875 0.0140625 0.021875
0 0.5375 0.36796875 0.009375 0.0140625
0 0.5765625 0.39609375 0.00625 0.0140625
0 0.6625 0.48359375 0.01875 0.021875
0 0.6703125 0.509375 0.01875 0.03046875
0 0.56953125 0.39140625 0.0078125 0.01640625