1 0.121875 0.65390625 0.24375 0.346875
1 0.6625 0.465625 0.078125 0.1359375
1 0.06484375 0.8890625 0.1296875 0.21640625
0 0.63828125 0.54453125 0.0359375 0.05546875
0 0.57265625 0.3875 0.0140625 0.025
0 0.5703125 0.5234375 0.03125 0.053125
0 0.41875 0.5375 0.04375 0.0640625
0 0.54140625 0.425 0.0203125 0.03359375
0 0.38203125 0.4375 0.0203125 0.03046875
0 0.40859375 0.45703125 0.0265625 0.0359375
0 0.9578125 0.971875 0.08125 0.05
0 0.45 0.446875 0.021875 0.03359375
0 0.4359375 0.4125 0.015625 0.025
0 0.4671875 0.403125 0.015625 0.021875
0 0.4109375 0.40546875 0.015625 0.021875
0 0.42578125 0.390625 0.0109375 0.01953125
0 0.4515625 0.384375 0.0125 0.01953125
0 0.52421875 0.39296875 0.0140625 0.01953125
0 0.40625 0.365625 0.00625 0.0140625
0 0.47890625 0.3734375 0.0109375 0.01953125
0 0.44765625 0.365625 0.0109375 0.0140625
0 0.5421875 0.371875 0.009375 0.01640625
0 0.5265625 0.334375 0.009375 0.0140625
0 0.46796875 0.3640625 0.0109375 0.01640625
0 0.52265625 0.375 0.0109375 0.01640625
0 0.459375 0.3765625 0.009375 0.0140625
0 0.36953125 0.3265625 0.0109375 0.0140625
0 0.47421875 0.309375 0.0078125 0.0140625
0 0.521875 0.35390625 0.009375 0.0140625
0 0.49375 0.34609375 0.009375 0.0140625
0 0.634375 0.48359375 0.021875 0.03359375