1 0.453125 0.378125 0.015625 0.028125
0 0.2078125 0.79140625 0.109375 0.14453125
0 0.278125 0.9609375 0.121875 0.071875
0 0.4390625 0.4890625 0.03125 0.04453125
0 0.5953125 0.47109375 0.025 0.0359375
0 0.378125 0.4390625 0.025 0.03359375
0 0.32421875 0.5 0.0359375 0.04453125
0 0.3953125 0.4765625 0.025 0.0359375
0 0.56484375 0.415625 0.0171875 0.025
0 0.57890625 0.39296875 0.0140625 0.03046875
0 0.4328125 0.41640625 0.01875 0.028125
0 0.41171875 0.40390625 0.0140625 0.025
0 0.45859375 0.4375 0.0203125 0.03046875
0 0.25234375 0.57890625 0.0671875 0.09140625
0 0.75078125 0.978125 0.0859375 0.0390625
0 0.465625 0.40703125 0.015625 0.01953125
0 0.4765625 0.38203125 0.0125 0.01953125
0 0.546875 0.35390625 0.00625 0.0140625
0 0.5328125 0.3375 0.00625 0.0140625
0 0.49296875 0.34609375 0.0109375 0.01953125
0 0.46484375 0.3609375 0.0140625 0.021875
0 0.47578125 0.3515625 0.0109375 0.0140625
0 0.40625 0.3625 0.00625 0.0140625
0 0.47421875 0.3125 0.0078125 0.0140625
0 0.5390625 0.325 0.00625 0.0109375
0 0.48984375 0.35390625 0.0078125 0.0140625
0 0.5421875 0.34140625 0.009375 0.0109375
0 0.50546875 0.35546875 0.0078125 0.01640625
0 0.3359375 0.496875 0.0125 0.03359375
0 0.46796875 0.3625 0.0109375 0.0140625
0 0.46015625 0.35703125 0.0078125 0.0140625