1 0.39765625 0.396875 0.0421875 0.078125
1 0.44765625 0.359375 0.0171875 0.03046875
0 0.16875 0.8859375 0.11875 0.15546875
0 0.3359375 0.565625 0.04375 0.053125
0 0.28828125 0.54140625 0.0421875 0.05546875
0 0.27109375 0.684375 0.0734375 0.09140625
0 0.4046875 0.584375 0.04375 0.075
0 0.31953125 0.9125 0.1078125 0.16953125
0 0.92890625 0.85546875 0.1390625 0.20546875
0 0.371875 0.50390625 0.0375 0.046875
0 0.36015625 0.459375 0.0265625 0.0359375
0 0.44140625 0.45546875 0.0203125 0.03359375
0 0.584375 0.40703125 0.015625 0.01953125
0 0.415625 0.4390625 0.021875 0.028125
0 0.53828125 0.43046875 0.0203125 0.03359375
0 0.46171875 0.415625 0.0171875 0.025
0 0.61953125 0.446875 0.0203125 0.03359375
0 0.45078125 0.3875 0.0140625 0.01953125
0 0.53046875 0.4015625 0.0140625 0.025
0 0.48046875 0.36796875 0.0109375 0.01953125
0 0.46875 0.39453125 0.0125 0.021875
0 0.5359375 0.353125 0.009375 0.01640625
0 0.4390625 0.378125 0.009375 0.01640625
0 0.55859375 0.37109375 0.0078125 0.01953125
0 0.55234375 0.3609375 0.0109375 0.01640625
0 0.4875 0.359375 0.009375 0.0140625
0 0.50546875 0.35546875 0.0078125 0.01640625
0 0.46875 0.3609375 0.009375 0.01640625
0 0.3921875 0.4234375 0.028125 0.025
0 0.525 0.340625 0.00625 0.0140625
0 0.41328125 0.41796875 0.0109375 0.01953125
0 0.47421875 0.309375 0.0078125 0.01953125
0 0.4578125 0.359375 0.00625 0.0140625