0 0.2875 0.55703125 0.05 0.05859375
0 0.603125 0.484375 0.028125 0.04140625
0 0.55078125 0.4609375 0.0234375 0.0390625
0 0.4046875 0.596875 0.04375 0.06640625
0 0.371875 0.4484375 0.021875 0.03046875
0 0.434375 0.50703125 0.03125 0.04140625
0 0.578125 0.43359375 0.021875 0.028125
0 0.32890625 0.5 0.0328125 0.04453125
0 0.3640625 0.52890625 0.040625 0.05859375
0 0.459375 0.421875 0.01875 0.028125
0 0.4421875 0.46640625 0.025 0.03359375
0 0.428125 0.41796875 0.015625 0.025
0 0.54921875 0.3875 0.0140625 0.01953125
0 0.44375 0.39609375 0.015625 0.025
0 0.471875 0.3875 0.0125 0.01953125
0 0.53046875 0.4 0.0140625 0.021875
0 0.434375 0.38203125 0.009375 0.0140625
0 0.45546875 0.38046875 0.0109375 0.01640625
0 0.49453125 0.346875 0.0109375 0.01640625
0 0.3703125 0.3265625 0.015625 0.0140625
0 0.40625 0.365625 0.00625 0.0140625
0 0.45625 0.3609375 0.009375 0.01640625
0 0.48359375 0.3625 0.0078125 0.0140625
0 0.4640625 0.36953125 0.009375 0.01640625
0 0.484375 0.34609375 0.009375 0.0140625
0 0.521875 0.38203125 0.009375 0.01953125
0 0.4734375 0.35703125 0.009375 0.0140625
0 0.7015625 0.290625 0.009375 0.0140625
0 0.5203125 0.365625 0.009375 0.0140625
0 0.53671875 0.36640625 0.0421875 0.0890625
0 0.5296875 0.38046875 0.009375 0.01640625