1 0.05859375 0.77890625 0.1171875 0.35859375
1 0.6171875 0.703125 0.0625 0.1109375
1 0.42265625 0.4015625 0.0421875 0.09140625
1 0.375 0.4140625 0.05 0.09453125
0 0.3453125 0.8609375 0.090625 0.15546875
0 0.41640625 0.5265625 0.0328125 0.046875
0 0.2640625 0.678125 0.06875 0.1
0 0.628125 0.521875 0.034375 0.05
0 0.6828125 0.521875 0.034375 0.05
0 0.44609375 0.45703125 0.0234375 0.03046875
0 0.46171875 0.42890625 0.0203125 0.025
0 0.5796875 0.39609375 0.0125 0.01953125
0 0.53046875 0.4 0.0140625 0.021875
0 0.5421875 0.4390625 0.021875 0.03359375
0 0.38046875 0.496875 0.0328125 0.04453125
0 0.565625 0.409375 0.015625 0.025
0 0.47265625 0.39453125 0.0140625 0.01640625
0 0.25625 0.57109375 0.053125 0.0640625
0 0.5640625 0.378125 0.0125 0.01640625
0 0.1 0.36640625 0.0125 0.021875
0 0.4484375 0.39296875 0.0125 0.01953125
0 0.48203125 0.36953125 0.0109375 0.01640625
0 0.54453125 0.371875 0.0140625 0.01640625
0 0.45078125 0.38046875 0.0140625 0.01640625
0 0.50625 0.35703125 0.00625 0.0140625
0 0.50625 0.88203125 0.134375 0.23046875