1 0.55 0.35 0.015625 0.028125
1 0.46328125 0.334375 0.0171875 0.046875
0 0.290625 0.55546875 0.04375 0.05546875
0 0.1203125 0.921875 0.16875 0.15
0 0.41953125 0.54140625 0.0328125 0.05
0 0.8734375 0.9265625 0.134375 0.14140625
0 0.2703125 0.94140625 0.153125 0.1109375
0 0.3796875 0.49609375 0.03125 0.04140625
0 0.40625 0.45859375 0.021875 0.03359375
0 0.44765625 0.46640625 0.0234375 0.03359375
0 0.4234375 0.4265625 0.01875 0.025
0 0.403125 0.415625 0.015625 0.025
0 0.4546875 0.4375 0.021875 0.03046875
0 0.42734375 0.3875 0.0109375 0.01953125
0 0.45703125 0.37890625 0.0109375 0.01953125
0 0.40703125 0.365625 0.0046875 0.0140625
0 0.41796875 0.4 0.0140625 0.021875
0 0.534375 0.35859375 0.009375 0.01640625
0 0.465625 0.4015625 0.015625 0.01953125
0 0.52109375 0.35859375 0.0109375 0.01640625
0 0.4640625 0.41640625 0.015625 0.021875
0 0.48671875 0.34296875 0.0078125 0.0140625
0 0.3703125 0.3265625 0.0125 0.0140625
0 0.9359375 0.96953125 0.040625 0.05546875
0 0.5328125 0.32890625 0.00625 0.0140625
0 0.703125 0.290625 0.0125 0.0140625
0 0.50078125 0.3390625 0.0078125 0.01640625
0 0.478125 0.38046875 0.0125 0.01640625
0 0.4671875 0.36953125 0.0125 0.01640625
0 0.4828125 0.36640625 0.0125 0.01640625
0 0.53671875 0.34609375 0.0421875 0.046875