1 0.6015625 0.4 0.040625 0.0890625
1 0.42734375 0.371875 0.0265625 0.05546875
0 0.37578125 0.74296875 0.0734375 0.1140625
0 0.1265625 0.9125 0.153125 0.16953125
0 0.29140625 0.659375 0.0640625 0.0859375
0 0.59296875 0.5875 0.0453125 0.075
0 0.4453125 0.47109375 0.025 0.0359375
0 0.36328125 0.51953125 0.0390625 0.05546875
0 0.053125 0.84609375 0.10625 0.1359375
0 0.34140625 0.4765625 0.0359375 0.053125
0 0.40546875 0.45703125 0.0296875 0.046875
0 0.3984375 0.42109375 0.015625 0.025
0 0.44296875 0.4 0.0140625 0.021875
0 0.55 0.3890625 0.0125 0.01640625
0 0.6078125 0.425 0.028125 0.04453125
0 0.47734375 0.3734375 0.0109375 0.01953125
0 0.465625 0.40390625 0.015625 0.025
0 0.525 0.38203125 0.0125 0.0140625
0 0.4734375 0.309375 0.009375 0.0140625
0 0.609375 0.403125 0.025 0.04453125
0 0.56015625 0.375 0.0078125 0.0109375
0 0.4546875 0.38359375 0.0125 0.01640625
0 0.54140625 0.37109375 0.0109375 0.0140625
0 0.4453125 0.3734375 0.009375 0.0140625
0 0.40625 0.3640625 0.00625 0.01640625
0 0.46953125 0.3625 0.0078125 0.0140625
0 0.36953125 0.3265625 0.0109375 0.0140625
0 0.45625 0.359375 0.0125 0.0140625
0 0.50546875 0.35703125 0.0078125 0.01953125
0 0.42578125 0.390625 0.0171875 0.01953125
0 0.5359375 0.359375 0.009375 0.0140625
0 0.54140625 0.340625 0.0078125 0.0140625
0 0.48671875 0.3609375 0.0109375 0.01640625
0 0.61015625 0.390625 0.0203125 0.01953125