0 0.35 0.8109375 0.0875 0.128125
0 0.42421875 0.578125 0.0390625 0.0609375
0 0.73671875 0.59296875 0.0578125 0.075
0 0.25234375 0.725 0.0859375 0.10546875
0 0.35859375 0.53046875 0.0390625 0.05
0 0.61796875 0.446875 0.0203125 0.03359375
0 0.5515625 0.440625 0.025 0.0359375
0 0.1734375 0.690625 0.1 0.1140625
0 0.3578125 0.4625 0.03125 0.0359375
0 0.4546875 0.428125 0.01875 0.028125
0 0.4234375 0.428125 0.021875 0.028125
0 0.39375 0.4875 0.028125 0.04140625
0 0.409375 0.45703125 0.025 0.04140625
0 0.38828125 0.43203125 0.0171875 0.025
0 0.5609375 0.396875 0.01875 0.03359375
0 0.44296875 0.39609375 0.0140625 0.01953125
0 0.48359375 0.36640625 0.0109375 0.01640625
0 0.334375 0.365625 0.01875 0.0140625
0 0.46875 0.3984375 0.015625 0.025
0 0.52265625 0.35859375 0.0109375 0.021875
0 0.47578125 0.38203125 0.0109375 0.01953125
0 0.54140625 0.38046875 0.0109375 0.01640625
0 0.57734375 0.3859375 0.0078125 0.01640625
0 0.5390625 0.3625 0.009375 0.0140625
0 0.5234375 0.3859375 0.00625 0.01640625
0 0.4453125 0.36953125 0.009375 0.01640625
0 0.46015625 0.375 0.0140625 0.021875
0 0.50625 0.35546875 0.009375 0.01640625
0 0.5640625 0.35546875 0.009375 0.01640625
0 0.4265625 0.3890625 0.0125 0.01640625
0 0.409375 0.3609375 0.0125 0.01640625
0 0.5609375 0.3890625 0.015625 0.01640625
0 0.57421875 0.384375 0.0140625 0.01953125