1 0.43515625 0.3765625 0.0171875 0.03046875
1 0.45703125 0.3625 0.0203125 0.046875
0 0.11953125 0.78046875 0.0984375 0.1109375
0 0.83125 0.7 0.090625 0.128125
0 0.6953125 0.65859375 0.06875 0.1
0 0.28984375 0.55 0.0484375 0.05546875
0 0.68984375 0.5359375 0.0453125 0.0609375
0 0.3625 0.7125 0.06875 0.10859375
0 0.40546875 0.575 0.0453125 0.0609375
0 0.3640625 0.53046875 0.0375 0.05
0 0.325 0.60390625 0.05625 0.075
0 0.43828125 0.49140625 0.0265625 0.0390625
0 0.4546875 0.440625 0.01875 0.03046875
0 0.33515625 0.4875 0.0328125 0.04140625
0 0.40859375 0.446875 0.0234375 0.03359375
0 0.371875 0.4515625 0.021875 0.03046875
0 0.4671875 0.40703125 0.015625 0.01953125
0 0.434375 0.4125 0.015625 0.025
0 0.634375 0.465625 0.025 0.0359375
0 0.58359375 0.45390625 0.0234375 0.0359375
0 0.61640625 0.446875 0.0203125 0.03359375
0 0.5453125 0.44296875 0.025 0.0359375
0 0.48203125 0.36953125 0.0140625 0.01640625
0 0.57421875 0.39140625 0.0171875 0.021875
0 0.54296875 0.43046875 0.0171875 0.01640625
0 0.55078125 0.3890625 0.0203125 0.028125
0 0.52734375 0.39140625 0.0171875 0.021875
0 0.425 0.39609375 0.0125 0.0140625
0 0.40625 0.3640625 0.00625 0.01640625
0 0.45 0.390625 0.0125 0.01953125
0 0.57890625 0.40390625 0.0140625 0.01953125
0 0.5015625 0.33203125 0.00625 0.0140625
0 0.59921875 0.43046875 0.0171875 0.028125
0 0.52265625 0.375 0.0109375 0.01640625
0 0.5953125 0.428125 0.009375 0.021875