1 0.09921875 0.84453125 0.1984375 0.30546875
1 0.6 0.40546875 0.04375 0.078125
0 0.3640625 0.7609375 0.078125 0.121875
0 0.25859375 0.7109375 0.0828125 0.1
0 0.18359375 0.6625 0.0765625 0.08046875
0 0.56015625 0.47109375 0.0265625 0.04140625
0 0.4375 0.4859375 0.025 0.0390625
0 0.371875 0.51953125 0.034375 0.04453125
0 0.56015625 0.415625 0.0171875 0.025
0 0.53046875 0.390625 0.0140625 0.025
0 0.4546875 0.43203125 0.01875 0.03046875
0 0.4390625 0.403125 0.015625 0.021875
0 0.55546875 0.3640625 0.0109375 0.021875
0 0.4453125 0.36953125 0.0125 0.01640625
0 0.5765625 0.396875 0.00625 0.021875
0 0.45859375 0.375 0.0140625 0.021875
0 0.46640625 0.403125 0.0171875 0.028125
0 0.478125 0.378125 0.0125 0.01640625
0 0.47421875 0.3125 0.0078125 0.0140625
0 0.40703125 0.3625 0.0046875 0.0140625
0 0.52109375 0.3609375 0.0109375 0.01640625
0 0.53359375 0.34609375 0.0078125 0.0140625
0 0.53984375 0.3609375 0.0109375 0.01640625
0 0.48984375 0.325 0.0109375 0.0109375
0 0.41328125 0.403125 0.0109375 0.01640625
0 0.52109375 0.34296875 0.0078125 0.0140625
0 0.48203125 0.3625 0.0109375 0.0140625
0 0.40703125 0.4125 0.0203125 0.025