1 0.603125 0.40546875 0.040625 0.078125
1 0.55390625 0.35390625 0.0140625 0.0359375
0 0.84375 0.7125 0.090625 0.1359375
0 0.21796875 0.63203125 0.0671875 0.075
0 0.35703125 0.534375 0.0421875 0.053125
0 0.63125 0.525 0.040625 0.05546875
0 0.4421875 0.496875 0.028125 0.04453125
0 0.63515625 0.71796875 0.0734375 0.14140625
0 0.01796875 0.9234375 0.0359375 0.09140625
0 0.3453125 0.4859375 0.034375 0.0390625
0 0.59296875 0.46953125 0.0234375 0.0390625
0 0.9421875 0.98359375 0.08125 0.028125
0 0.4140625 0.45 0.021875 0.03359375
0 0.3765625 0.4484375 0.025 0.03046875
0 0.45390625 0.43046875 0.0203125 0.028125
0 0.39453125 0.4265625 0.0171875 0.025
0 0.57421875 0.39453125 0.0140625 0.021875
0 0.415625 0.3984375 0.015625 0.01953125
0 0.5328125 0.415625 0.015625 0.025
0 0.4375 0.4 0.015625 0.021875
0 0.6078125 0.425 0.028125 0.0390625
0 0.4328125 0.38046875 0.0125 0.01640625
0 0.546875 0.384375 0.0125 0.01953125
0 0.4796875 0.3734375 0.0125 0.0140625
0 0.47265625 0.39296875 0.0109375 0.01953125
0 0.5640625 0.38046875 0.0125 0.01640625
0 0.40625 0.3640625 0.00625 0.01640625
0 0.46328125 0.403125 0.0140625 0.021875
0 0.528125 0.39140625 0.015625 0.028125
0 0.4609375 0.37109375 0.009375 0.0140625
0 0.6109375 0.39453125 0.025 0.03359375
0 0.49453125 0.3484375 0.0078125 0.0140625
0 0.4515625 0.3640625 0.009375 0.01640625
0 0.4859375 0.359375 0.009375 0.0140625
0 0.45546875 0.38046875 0.0109375 0.01640625
0 0.52265625 0.365625 0.0109375 0.0140625
0 0.5359375 0.3609375 0.009375 0.01640625
0 0.553125 0.3609375 0.0125 0.01640625