1 0.90859375 0.765625 0.1796875 0.425
1 0.309375 0.5109375 0.0625 0.078125
0 0.22109375 0.76796875 0.0984375 0.11953125
0 0.115625 0.765625 0.103125 0.1140625
0 0.6453125 0.559375 0.04375 0.0640625
0 0.39375 0.66953125 0.0625 0.0890625
0 0.4203125 0.53359375 0.040625 0.0609375
0 0.57421875 0.565625 0.0359375 0.0640625
0 0.3234375 0.59140625 0.05 0.06640625
0 0.3796875 0.490625 0.03125 0.04140625
0 0.5328125 0.409375 0.015625 0.025
0 0.4125 0.4015625 0.015625 0.025
0 0.57890625 0.4 0.0140625 0.021875
0 0.40625 0.4484375 0.021875 0.03046875
0 0.4390625 0.46796875 0.025 0.0359375
0 0.440625 0.3984375 0.015625 0.025
0 0.6296875 0.48046875 0.028125 0.0390625
0 0.46484375 0.4125 0.0171875 0.025
0 0.45 0.365625 0.009375 0.0140625
0 0.55078125 0.3890625 0.0140625 0.021875
0 0.5453125 0.35546875 0.009375 0.021875
0 0.5625 0.3765625 0.0125 0.01953125
0 0.40625 0.3640625 0.00625 0.01640625
0 0.521875 0.34609375 0.009375 0.01953125
0 0.46953125 0.390625 0.0140625 0.025
0 0.5359375 0.3625 0.009375 0.0140625
0 0.29921875 0.52109375 0.0421875 0.05859375
0 0.4625 0.36953125 0.009375 0.01640625
0 0.4796875 0.3484375 0.009375 0.0140625
0 0.52109375 0.35703125 0.0078125 0.0140625
0 0.32578125 0.496875 0.0296875 0.05
0 0.61171875 0.48359375 0.0109375 0.021875
0 0.50078125 0.34296875 0.0078125 0.0140625
0 0.48046875 0.3765625 0.0078125 0.0140625
0 0.925 0.86796875 0.146875 0.2140625