1 0.41953125 0.39140625 0.0171875 0.028125
0 0.33359375 0.85703125 0.0921875 0.146875
0 0.1 0.775 0.11875 0.121875
0 0.67421875 0.60859375 0.0515625 0.078125
0 0.32421875 0.59609375 0.0578125 0.06953125
0 0.4421875 0.49296875 0.03125 0.04140625
0 0.3953125 0.47890625 0.03125 0.0359375
0 0.5625 0.51953125 0.03125 0.05546875
0 0.60859375 0.490625 0.0296875 0.046875
0 0.3578125 0.471875 0.028125 0.0390625
0 0.42734375 0.41953125 0.0203125 0.0390625
0 0.38671875 0.43359375 0.0234375 0.0390625
0 0.5828125 0.44453125 0.021875 0.03359375
0 0.54453125 0.421875 0.0171875 0.028125
0 0.59296875 0.4140625 0.0171875 0.021875
0 0.5234375 0.36953125 0.0125 0.021875
0 0.45078125 0.3875 0.0140625 0.01953125
0 0.57421875 0.3859375 0.0203125 0.03359375
0 0.47265625 0.3890625 0.0140625 0.01640625
0 0.40625 0.3640625 0.00625 0.01640625
0 0.55078125 0.39453125 0.0171875 0.028125
0 0.5609375 0.371875 0.0125 0.01640625
0 0.44921875 0.43203125 0.0140625 0.03046875
0 0.446875 0.365625 0.009375 0.0140625
0 0.47421875 0.309375 0.0109375 0.01953125
0 0.45859375 0.3734375 0.0109375 0.0140625
0 0.48125 0.375 0.0125 0.01640625
0 0.46875 0.3640625 0.009375 0.01640625
0 0.4875 0.3609375 0.0125 0.01640625
0 0.46484375 0.353125 0.0078125 0.0109375