1 0.21328125 0.55390625 0.1828125 0.28046875
1 0.3734375 0.4234375 0.046875 0.08046875
1 0.36171875 0.509375 0.0484375 0.09140625
1 0.5625 0.3640625 0.03125 0.05546875
0 0.3890625 0.671875 0.0625 0.0890625
0 0.05625 0.846875 0.1125 0.1390625
0 0.45 0.4609375 0.021875 0.03359375
0 0.39296875 0.478125 0.0265625 0.0390625
0 0.53046875 0.39140625 0.0140625 0.021875
0 0.55703125 0.4390625 0.0203125 0.03359375
0 0.42109375 0.4390625 0.0203125 0.028125
0 0.44453125 0.39296875 0.0140625 0.01953125
0 0.4734375 0.39609375 0.015625 0.01953125
0 0.4328125 0.38046875 0.0125 0.01640625
0 0.45859375 0.378125 0.0109375 0.01640625
0 0.52265625 0.36796875 0.0109375 0.0140625
0 0.40703125 0.3640625 0.0046875 0.0109375
0 0.0921875 0.36640625 0.015625 0.021875
0 0.48203125 0.36953125 0.0109375 0.01640625
0 0.47109375 0.34296875 0.0078125 0.0140625
0 0.45546875 0.3625 0.0109375 0.0140625
0 0.296875 0.4984375 0.015625 0.0359375
0 0.46953125 0.3625 0.0078125 0.0140625
0 0.5359375 0.359375 0.009375 0.01953125
0 0.3875 0.446875 0.009375 0.01640625
0 0.4859375 0.35703125 0.009375 0.0140625
0 0.5484375 0.37109375 0.00625 0.0140625
0 0.3640625 0.44296875 0.025 0.03046875
0 0.00546875 0.246875 0.0109375 0.028125