1 0.7671875 0.56953125 0.1625 0.2609375
1 0.30390625 0.50546875 0.0609375 0.09453125
1 0.7 0.62890625 0.084375 0.153125
0 0.3859375 0.7140625 0.06875 0.09453125
0 0.15625 0.709375 0.0875 0.09140625
0 0.30234375 0.61953125 0.0578125 0.08359375
0 0.5984375 0.4765625 0.028125 0.04140625
0 0.3734375 0.44609375 0.025 0.0359375
0 0.56953125 0.49453125 0.0296875 0.05
0 0.40078125 0.46796875 0.0296875 0.03046875
0 0.5671875 0.41953125 0.01875 0.028125
0 0.5328125 0.40859375 0.01875 0.03359375
0 0.10546875 0.76953125 0.0578125 0.05546875
0 0.44296875 0.48359375 0.0296875 0.04453125
0 0.39765625 0.41796875 0.0203125 0.025
0 0.42265625 0.43046875 0.0171875 0.021875
0 0.45625 0.43046875 0.01875 0.028125
0 0.5234375 0.3734375 0.0125 0.0140625
0 0.4484375 0.4640625 0.028125 0.0390625
0 0.4703125 0.396875 0.0125 0.021875
0 0.440625 0.40546875 0.015625 0.021875
0 0.5515625 0.3640625 0.009375 0.0109375
0 0.40625 0.3640625 0.00625 0.0109375
0 0.53984375 0.328125 0.0078125 0.01640625
0 0.47578125 0.38046875 0.0109375 0.01640625
0 0.4359375 0.378125 0.009375 0.01640625
0 0.46484375 0.359375 0.0109375 0.0140625
0 0.4484375 0.39296875 0.0125 0.01953125
0 0.459375 0.378125 0.0125 0.021875
0 0.53984375 0.3640625 0.0078125 0.0109375
0 0.48359375 0.3609375 0.0078125 0.01640625
0 0.00546875 0.2515625 0.0109375 0.03046875