1 0.33125 0.45859375 0.084375 0.1390625
1 0.425 0.4140625 0.025 0.05
0 0.21953125 0.6390625 0.0703125 0.078125
0 0.35703125 0.54609375 0.0390625 0.053125
0 0.44453125 0.4625 0.0265625 0.0359375
0 0.40703125 0.615625 0.0453125 0.06953125
0 0.6140625 0.44140625 0.021875 0.03359375
0 0.40390625 0.4625 0.0265625 0.0359375
0 0.39375 0.421875 0.01875 0.028125
0 0.4625 0.40859375 0.015625 0.021875
0 0.5546875 0.39453125 0.015625 0.021875
0 0.47421875 0.3859375 0.0109375 0.01640625
0 0.565625 0.38046875 0.0125 0.01640625
0 0.43359375 0.38046875 0.0109375 0.01640625
0 0.43828125 0.409375 0.0078125 0.025
0 0.50390625 0.35859375 0.0109375 0.01640625
0 0.4453125 0.3734375 0.009375 0.0140625
0 0.434375 0.40703125 0.015625 0.03046875
0 0.5328125 0.34296875 0.00625 0.0140625
0 0.4546875 0.38203125 0.0125 0.01953125
0 0.48203125 0.36953125 0.0109375 0.0109375
0 0.40703125 0.3640625 0.0046875 0.0109375
0 0.42109375 0.39453125 0.0140625 0.01640625
0 0.3625 0.4875 0.021875 0.03046875