1 0.35703125 0.434375 0.0640625 0.10859375
0 0.8515625 0.7390625 0.096875 0.128125
0 0.39765625 0.6 0.0484375 0.078125
0 0.284375 0.6515625 0.071875 0.0859375
0 0.29921875 0.95703125 0.1046875 0.08046875
0 0.27578125 0.56640625 0.0484375 0.05546875
0 0.10859375 0.934375 0.1546875 0.125
0 0.65390625 0.49296875 0.0328125 0.046875
0 0.44609375 0.47890625 0.0265625 0.0359375
0 0.39296875 0.428125 0.0140625 0.028125
0 0.55859375 0.48359375 0.0296875 0.0390625
0 0.45390625 0.4359375 0.0203125 0.028125
0 0.4234375 0.43203125 0.01875 0.03046875
0 0.5734375 0.4265625 0.021875 0.03046875
0 0.58515625 0.40703125 0.0140625 0.01953125
0 0.44375 0.39453125 0.015625 0.021875
0 0.4453125 0.36953125 0.009375 0.01640625
0 0.5453125 0.4265625 0.021875 0.04140625
0 0.46640625 0.4015625 0.0171875 0.01953125
0 0.55546875 0.3984375 0.0140625 0.025
0 0.5234375 0.38046875 0.0125 0.01640625
0 0.52890625 0.4015625 0.0140625 0.025
0 0.40625 0.3625 0.00625 0.0140625
0 0.4734375 0.38359375 0.0125 0.01640625
0 0.55390625 0.3640625 0.0078125 0.0109375
0 0.2921875 0.43046875 0.0125 0.028125
0 0.48203125 0.36796875 0.0109375 0.01953125
0 0.53671875 0.3625 0.0109375 0.0140625
0 0.54140625 0.328125 0.0078125 0.01640625
0 0.36953125 0.325 0.0109375 0.01640625
0 0.4671875 0.365625 0.009375 0.0140625
0 0.46953125 0.34609375 0.0078125 0.0140625
0 0.5046875 0.35546875 0.009375 0.01640625
0 0.5421875 0.346875 0.00625 0.0109375
0 0.46171875 0.35390625 0.0078125 0.0140625