0 0.34140625 0.8375 0.0890625 0.14140625
0 0.19609375 0.6640625 0.0671875 0.08359375
0 0.2734375 0.68359375 0.078125 0.09453125
0 0.425 0.54609375 0.0375 0.053125
0 0.86328125 0.721875 0.0953125 0.15
0 0.39375 0.6640625 0.05625 0.08359375
0 0.3140625 0.51640625 0.040625 0.05
0 0.71015625 0.56640625 0.0515625 0.06640625
0 0.61484375 0.65546875 0.0609375 0.10546875
0 0.375 0.51953125 0.0375 0.05
0 0.6515625 0.57109375 0.046875 0.06953125
0 0.65625 0.49453125 0.03125 0.04453125
0 0.54609375 0.4515625 0.0234375 0.0359375
0 0.40390625 0.45859375 0.0203125 0.03359375
0 0.59375 0.41640625 0.015625 0.021875
0 0.38046875 0.4390625 0.0203125 0.028125
0 0.45234375 0.4609375 0.0234375 0.03359375
0 0.415625 0.4 0.015625 0.021875
0 0.39765625 0.4109375 0.0203125 0.028125
0 0.425 0.42890625 0.01875 0.025
0 0.53515625 0.415625 0.0171875 0.025
0 0.43515625 0.40859375 0.0171875 0.021875
0 0.40625 0.365625 0.00625 0.0140625
0 0.54921875 0.39140625 0.0140625 0.021875
0 0.5609375 0.41640625 0.015625 0.021875
0 0.45625 0.4375 0.021875 0.03046875
0 0.453125 0.365625 0.009375 0.0140625
0 0.465625 0.4140625 0.015625 0.021875
0 0.56640625 0.3890625 0.0078125 0.01640625
0 0.5765625 0.3984375 0.015625 0.01953125
0 0.4546875 0.384375 0.0125 0.01953125
0 0.5265625 0.3890625 0.0125 0.01640625
0 0.46640625 0.3984375 0.0140625 0.01953125
0 0.475 0.38359375 0.0125 0.01640625
0 0.48359375 0.36796875 0.0109375 0.01953125
0 0.540625 0.365625 0.0125 0.01953125
0 0.55859375 0.371875 0.0109375 0.01640625
0 0.4640625 0.378125 0.0125 0.021875