1 0.178125 0.628125 0.175 0.24453125
1 0.39140625 0.4265625 0.0453125 0.14140625
1 0.32421875 0.46640625 0.0859375 0.15546875
1 0.13828125 0.54453125 0.1046875 0.121875
0 0.0125 0.90546875 0.025 0.08359375
0 0.403125 0.621875 0.053125 0.08359375
0 0.66484375 0.6 0.0515625 0.071875
0 0.32734375 0.59609375 0.0546875 0.06953125
0 0.64921875 0.796875 0.0890625 0.178125
0 0.65234375 0.49140625 0.0296875 0.0390625
0 0.59453125 0.41796875 0.0171875 0.025
0 0.5640625 0.5015625 0.03125 0.053125
0 0.55078125 0.396875 0.0140625 0.021875
0 0.43203125 0.5 0.0328125 0.04453125
0 0.23046875 0.45390625 0.0515625 0.03046875
0 0.78984375 0.64453125 0.0703125 0.1109375
0 0.4171875 0.44609375 0.015625 0.03046875
0 0.59921875 0.47890625 0.0265625 0.04140625
0 0.3046875 0.509375 0.04375 0.06953125
0 0.44453125 0.4015625 0.0140625 0.025
0 0.3015625 0.4484375 0.0375 0.05859375
0 0.46328125 0.415625 0.0171875 0.025
0 0.1953125 0.50859375 0.071875 0.0890625
0 0.41875 0.4 0.0125 0.021875
0 0.32890625 0.478125 0.0234375 0.03359375
0 0.54765625 0.35546875 0.0078125 0.0109375
0 0.50390625 0.35703125 0.0109375 0.01953125
0 0.23125 0.4734375 0.053125 0.06953125
0 0.46953125 0.396875 0.0140625 0.021875
0 0.5421875 0.340625 0.009375 0.0140625
0 0.47265625 0.3109375 0.0078125 0.0109375
0 0.36953125 0.3265625 0.0109375 0.0140625
0 0.14140625 0.65703125 0.1015625 0.13046875
0 0.478125 0.37890625 0.0125 0.01953125
0 0.4375 0.38046875 0.0125 0.01640625
0 0.49140625 0.303125 0.0109375 0.0109375
0 0.34921875 0.40546875 0.0265625 0.03359375
0 0.221875 0.621875 0.040625 0.0890625
0 0.4328125 0.465625 0.015625 0.025
0 0.21640625 0.4890625 0.0515625 0.06640625
0 0.44296875 0.4625 0.0296875 0.0359375