1 0.36953125 0.496875 0.0734375 0.1109375
0 0.33203125 0.85859375 0.0921875 0.15
0 0.7578125 0.6234375 0.0625 0.0859375
0 0.25859375 0.7359375 0.0796875 0.10546875
0 0.42265625 0.5265625 0.0390625 0.046875
0 0.253125 0.57890625 0.059375 0.075
0 0.584375 0.3984375 0.015625 0.0359375
0 0.5453125 0.4359375 0.025 0.0390625
0 0.5765625 0.5140625 0.040625 0.071875
0 0.409375 0.40703125 0.015625 0.025
0 0.45 0.45390625 0.021875 0.03046875
0 0.4109375 0.453125 0.0125 0.0390625
0 0.55390625 0.3640625 0.0109375 0.01640625
0 0.5265625 0.38359375 0.0125 0.01640625
0 0.43828125 0.40546875 0.0140625 0.021875
0 0.38515625 0.43046875 0.0359375 0.04453125
0 0.459375 0.4125 0.015625 0.025
0 0.44921875 0.384375 0.0140625 0.01953125
0 0.54375 0.34453125 0.009375 0.01640625
0 0.46796875 0.3984375 0.0140625 0.03046875
0 0.478125 0.3765625 0.0125 0.0140625
0 0.521875 0.3640625 0.009375 0.01640625
0 0.40703125 0.365625 0.0046875 0.0140625
0 0.484375 0.3625 0.009375 0.01953125
0 0.50078125 0.34296875 0.0109375 0.01953125
0 0.503125 0.35546875 0.00625 0.01640625
0 0.49140625 0.3515625 0.0078125 0.0140625
0 0.52109375 0.35 0.0078125 0.01640625