1 0.71640625 0.50703125 0.1203125 0.21953125
1 0.384375 0.45859375 0.0625 0.11640625
0 0.12578125 0.7359375 0.1109375 0.1109375
0 0.60703125 0.6484375 0.0578125 0.096875
0 0.33671875 0.58359375 0.0515625 0.06640625
0 0.56484375 0.49296875 0.0328125 0.053125
0 0.41015625 0.5984375 0.0421875 0.0640625
0 0.59921875 0.42109375 0.0171875 0.025
0 0.2984375 0.5359375 0.04375 0.05
0 0.53203125 0.4125 0.0171875 0.03046875
0 0.6296875 0.4640625 0.025 0.0390625
0 0.4484375 0.4625 0.025 0.0359375
0 0.67109375 0.5875 0.0609375 0.10859375
0 0.5578125 0.40390625 0.015625 0.025
0 0.54453125 0.37890625 0.0140625 0.01953125
0 0.4296875 0.41953125 0.015625 0.028125
0 0.4609375 0.41953125 0.01875 0.028125
0 0.56875 0.38359375 0.0125 0.01640625
0 0.52578125 0.37109375 0.0109375 0.0140625
0 0.44140625 0.39453125 0.0140625 0.021875
0 0.43515625 0.378125 0.0109375 0.01640625
0 0.47109375 0.3875 0.0171875 0.025
0 0.45703125 0.3765625 0.0109375 0.01953125
0 0.4453125 0.36640625 0.009375 0.01640625
0 0.490625 0.35703125 0.009375 0.0140625
0 0.48046875 0.378125 0.0078125 0.01640625
0 0.40625 0.3640625 0.00625 0.01640625
0 0.4453125 0.43203125 0.0125 0.025
0 0.48203125 0.36796875 0.0109375 0.01953125
0 0.61796875 0.3625 0.0109375 0.0140625
0 0.56171875 0.48046875 0.0234375 0.028125
0 0.46953125 0.359375 0.0109375 0.0140625