1 0.38046875 0.40390625 0.0484375 0.0859375
1 0.3859375 0.47109375 0.040625 0.06953125
0 0.3109375 0.63203125 0.0625 0.08046875
0 0.7828125 0.8015625 0.103125 0.153125
0 0.29765625 0.534375 0.0390625 0.053125
0 0.6578125 0.5 0.03125 0.04453125
0 0.5578125 0.47109375 0.025 0.04140625
0 0.43828125 0.48046875 0.0265625 0.0390625
0 0.60546875 0.4984375 0.0328125 0.046875
0 0.4078125 0.5484375 0.053125 0.09140625
0 0.3578125 0.465625 0.021875 0.0359375
0 0.57109375 0.39140625 0.0109375 0.021875
0 0.41328125 0.45 0.0203125 0.03359375
0 0.45234375 0.44140625 0.0203125 0.028125
0 0.46015625 0.415625 0.0171875 0.025
0 0.43828125 0.375 0.0140625 0.01640625
0 0.4359375 0.40703125 0.0125 0.01953125
0 0.41015625 0.40546875 0.0109375 0.021875
0 0.52890625 0.390625 0.0140625 0.025
0 0.2921875 0.428125 0.0125 0.028125
0 0.43125 0.425 0.01875 0.021875
0 0.3234375 0.45390625 0.0125 0.0140625
0 0.45234375 0.3859375 0.0140625 0.01640625
0 0.4765625 0.384375 0.0125 0.01953125
0 0.40703125 0.3640625 0.0046875 0.01640625
0 0.52265625 0.378125 0.0109375 0.01640625
0 0.41015625 0.52109375 0.0359375 0.0359375
0 0.4609375 0.35703125 0.009375 0.0140625
0 0.54140625 0.37109375 0.0109375 0.0140625
0 0.51796875 0.325 0.0109375 0.0109375
0 0.5515625 0.3640625 0.00625 0.0109375