1 0.48984375 0.33203125 0.0171875 0.025
1 0.4609375 0.328125 0.015625 0.028125
1 0.44296875 0.3640625 0.0140625 0.028125
0 0.1890625 0.80703125 0.121875 0.16953125
0 0.15390625 0.7 0.0890625 0.09453125
0 0.35546875 0.54296875 0.0390625 0.053125
0 0.6453125 0.48046875 0.028125 0.0390625
0 0.7828125 0.63203125 0.075 0.10859375
0 0.44375 0.46953125 0.028125 0.0390625
0 0.32109375 0.50390625 0.0359375 0.046875
0 0.39921875 0.4640625 0.0296875 0.0390625
0 0.55 0.47109375 0.025 0.04140625
0 0.59453125 0.46796875 0.0265625 0.0359375
0 0.92109375 0.92109375 0.1546875 0.153125
0 0.603125 0.43046875 0.01875 0.028125
0 0.46015625 0.4125 0.0171875 0.025
0 0.41015625 0.59296875 0.0421875 0.06953125
0 0.5546875 0.40390625 0.015625 0.025
0 0.46953125 0.39140625 0.0140625 0.021875
0 0.4078125 0.40859375 0.0125 0.021875
0 0.57578125 0.39453125 0.0140625 0.021875
0 0.52578125 0.38203125 0.0140625 0.025
0 0.42109375 0.415625 0.0203125 0.025
0 0.45859375 0.375 0.0109375 0.01640625
0 0.44296875 0.4015625 0.0140625 0.01953125
0 0.5421875 0.37890625 0.009375 0.0140625
0 0.4265625 0.390625 0.0125 0.01953125
0 0.47734375 0.37109375 0.0109375 0.0140625
0 0.48046875 0.3515625 0.0078125 0.0140625
0 0.5609375 0.37109375 0.0125 0.01953125
0 0.4359375 0.38359375 0.009375 0.01640625
0 0.56484375 0.38359375 0.0109375 0.01640625
0 0.921875 0.9640625 0.153125 0.06640625
0 0.40703125 0.3640625 0.0046875 0.01640625
0 0.5515625 0.35859375 0.009375 0.01640625
0 0.50625 0.35546875 0.00625 0.01640625
0 0.49375 0.35 0.0125 0.01640625
0 0.48515625 0.3625 0.0078125 0.0140625
0 0.5203125 0.3640625 0.00625 0.0109375
0 0.5578125 0.3734375 0.00625 0.0140625