1 0.078125 0.7515625 0.15625 0.39140625
1 0.35625 0.4625 0.0375 0.053125
0 0.4171875 0.56953125 0.0375 0.0609375
0 0.60390625 0.62109375 0.0546875 0.096875
0 0.67109375 0.6140625 0.0484375 0.078125
0 0.31875 0.603125 0.05625 0.071875
0 0.7546875 0.61796875 0.0625 0.08046875
0 0.37734375 0.503125 0.0328125 0.04453125
0 0.634375 0.4765625 0.03125 0.04140625
0 0.40078125 0.4140625 0.0171875 0.028125
0 0.43671875 0.496875 0.0265625 0.04453125
0 0.53984375 0.4390625 0.0234375 0.04453125
0 0.40078125 0.4625 0.0265625 0.0359375
0 0.27421875 0.56640625 0.0484375 0.0609375
0 0.61875 0.5109375 0.034375 0.05
0 0.43125 0.41953125 0.015625 0.028125
0 0.446875 0.45546875 0.025 0.03359375
0 0.55078125 0.390625 0.0140625 0.01953125
0 0.57890625 0.45 0.0203125 0.03359375
0 0.46015625 0.41640625 0.0171875 0.028125
0 0.37890625 0.44140625 0.0203125 0.028125
0 0.4328125 0.38203125 0.0125 0.01953125
0 0.40625 0.3640625 0.00625 0.01640625
0 0.5046875 0.35703125 0.009375 0.01953125
0 0.5828125 0.41796875 0.015625 0.01953125
0 0.44765625 0.3875 0.0140625 0.01953125
0 0.5953125 0.4375 0.01875 0.03046875
0 0.52109375 0.34453125 0.0078125 0.01640625
0 0.359375 0.4484375 0.028125 0.025
0 0.4734375 0.309375 0.009375 0.0140625
0 0.5359375 0.359375 0.009375 0.0140625
0 0.48046875 0.3765625 0.0109375 0.01953125
0 0.5171875 0.325 0.009375 0.0109375
0 0.45703125 0.353125 0.0109375 0.01640625
0 0.4546875 0.37890625 0.009375 0.0140625
0 0.546875 0.35390625 0.00625 0.0140625