1 0.4296875 0.36640625 0.025 0.05546875
0 0.178125 0.86953125 0.121875 0.15
0 0.20546875 0.64453125 0.0671875 0.08359375
0 0.58046875 0.44609375 0.0203125 0.03046875
0 0.4125 0.56953125 0.04375 0.071875
0 0.34609375 0.46796875 0.0328125 0.046875
0 0.54140625 0.4390625 0.0203125 0.03359375
0 0.44453125 0.47890625 0.0265625 0.0359375
0 0.45546875 0.43046875 0.0203125 0.028125
0 0.4015625 0.465625 0.021875 0.0359375
0 0.42109375 0.4265625 0.0203125 0.03046875
0 0.4078125 0.4109375 0.015625 0.021875
0 0.4671875 0.4 0.015625 0.021875
0 0.4484375 0.390625 0.0125 0.01953125
0 0.4125 0.5390625 0.021875 0.028125
0 0.50546875 0.35703125 0.0109375 0.01953125
0 0.43359375 0.4109375 0.0140625 0.028125
0 0.4765625 0.38046875 0.0125 0.01640625
0 0.46015625 0.375 0.0109375 0.01640625
0 0.42890625 0.390625 0.0140625 0.0140625
0 0.703125 0.290625 0.0125 0.0140625
0 0.46328125 0.35546875 0.0078125 0.0109375
0 0.4734375 0.3109375 0.009375 0.01640625
0 0.5421875 0.346875 0.00625 0.0109375
0 0.52421875 0.3390625 0.0078125 0.0109375
0 0.69296875 0.29140625 0.0078125 0.0109375
0 0.478125 0.34609375 0.009375 0.0140625
0 0.4703125 0.365625 0.009375 0.0140625
0 0.484375 0.359375 0.009375 0.0140625