1 0.42734375 0.37109375 0.0265625 0.053125
1 0.56953125 0.37109375 0.0203125 0.046875
1 0.4625 0.3390625 0.015625 0.05546875
0 0.35703125 0.778125 0.0796875 0.121875
0 0.6578125 0.775 0.078125 0.128125
0 0.7515625 0.60859375 0.059375 0.08359375
0 0.21875 0.6125 0.071875 0.075
0 0.28671875 0.659375 0.0609375 0.08046875
0 0.3671875 0.53359375 0.040625 0.05
0 0.4328125 0.5234375 0.03125 0.046875
0 0.59375 0.4140625 0.015625 0.021875
0 0.4484375 0.453125 0.025 0.0390625
0 0.38515625 0.4890625 0.0359375 0.0390625
0 0.37734375 0.4390625 0.0203125 0.028125
0 0.40703125 0.45390625 0.0203125 0.03046875
0 0.46328125 0.4015625 0.0140625 0.01953125
0 0.41953125 0.42890625 0.0203125 0.025
0 0.409375 0.40546875 0.015625 0.021875
0 0.44140625 0.39609375 0.0140625 0.01953125
0 0.521875 0.35859375 0.009375 0.01640625
0 0.56875 0.38359375 0.015625 0.021875
0 0.453125 0.3640625 0.009375 0.0109375
0 0.5453125 0.3734375 0.0125 0.025
0 0.42578125 0.390625 0.0171875 0.0140625
0 0.465625 0.365625 0.009375 0.0140625
0 0.4890625 0.35390625 0.009375 0.0140625
0 0.475 0.38046875 0.0125 0.01640625
0 0.5359375 0.3609375 0.009375 0.01640625
0 0.47890625 0.37109375 0.0109375 0.0140625
0 0.50546875 0.35703125 0.0078125 0.0140625
0 0.47890625 0.3515625 0.0078125 0.0140625
0 0.41796875 0.39140625 0.0046875 0.0109375