1 0.30078125 0.503125 0.0734375 0.121875
1 0.584375 0.39609375 0.01875 0.04140625
1 0.55703125 0.38046875 0.0265625 0.078125
0 0.1796875 0.859375 0.115625 0.153125
0 0.303125 0.603125 0.05625 0.06640625
0 0.6234375 0.45859375 0.021875 0.03359375
0 0.44140625 0.4765625 0.0265625 0.0359375
0 0.36640625 0.52890625 0.0421875 0.046875
0 0.65546875 0.496875 0.0328125 0.04453125
0 0.87421875 0.9109375 0.1609375 0.171875
0 0.39296875 0.425 0.0203125 0.028125
0 0.35703125 0.46640625 0.0265625 0.0390625
0 0.4171875 0.4375 0.021875 0.03046875
0 0.4671875 0.40859375 0.015625 0.021875
0 0.4375 0.40703125 0.015625 0.01953125
0 0.41640625 0.3984375 0.0140625 0.025
0 0.446875 0.36796875 0.009375 0.0140625
0 0.55859375 0.403125 0.0234375 0.03359375
0 0.5328125 0.41640625 0.015625 0.028125
0 0.43515625 0.38046875 0.0109375 0.01640625
0 0.40625 0.365625 0.00625 0.0140625
0 0.5359375 0.38203125 0.0125 0.025
0 0.45625 0.38359375 0.0125 0.01640625
0 0.3671875 0.39609375 0.009375 0.01953125
0 0.43359375 0.35 0.0078125 0.0109375
0 0.525 0.39453125 0.0125 0.01640625
0 0.4734375 0.3109375 0.00625 0.0109375
0 0.70234375 0.290625 0.0109375 0.0140625
0 0.3703125 0.3265625 0.0125 0.0140625
0 0.178125 0.56796875 0.06875 0.05859375
0 0.47734375 0.38359375 0.0140625 0.021875