1 0.3796875 0.459375 0.06875 0.1359375
0 0.3828125 0.64609375 0.0625 0.08046875
0 0.2859375 0.6859375 0.06875 0.0890625
0 0.6578125 0.49296875 0.034375 0.04140625
0 0.62578125 0.71640625 0.0640625 0.121875
0 0.98125 0.909375 0.034375 0.1140625
0 0.428125 0.51953125 0.03125 0.05
0 0.54921875 0.4625 0.0265625 0.0359375
0 0.578125 0.434375 0.021875 0.03046875
0 0.3328125 0.4875 0.028125 0.04140625
0 0.45234375 0.44296875 0.0234375 0.03046875
0 0.53125 0.403125 0.015625 0.028125
0 0.07578125 0.95 0.1296875 0.09453125
0 0.07578125 0.98203125 0.1296875 0.03046875
0 0.43671875 0.415625 0.0203125 0.025
0 0.571875 0.39296875 0.0125 0.01953125
0 0.415625 0.43203125 0.00625 0.025
0 0.46796875 0.403125 0.0140625 0.021875
0 0.5640625 0.37890625 0.0125 0.01953125
0 0.52109375 0.35390625 0.0078125 0.025
0 0.40703125 0.3640625 0.0046875 0.0109375
0 0.11328125 0.98203125 0.0546875 0.03046875
0 0.55390625 0.3625 0.0109375 0.0140625
0 0.4765625 0.378125 0.015625 0.028125
0 0.5375 0.365625 0.009375 0.0140625
0 0.46171875 0.37109375 0.0109375 0.01953125
0 0.36953125 0.325 0.0109375 0.01640625
0 0.41328125 0.40546875 0.0078125 0.028125
0 0.44453125 0.4 0.0109375 0.01640625