0 0.3921875 0.653125 0.053125 0.0890625
0 0.19140625 0.8390625 0.1203125 0.16640625
0 0.1859375 0.659375 0.078125 0.0859375
0 0.3640625 0.453125 0.025 0.0390625
0 0.61328125 0.5140625 0.0328125 0.05
0 0.34921875 0.57109375 0.0453125 0.0640625
0 0.43203125 0.50546875 0.0328125 0.04453125
0 0.45078125 0.4515625 0.0234375 0.0359375
0 0.40625 0.4109375 0.015625 0.021875
0 0.403125 0.4625 0.021875 0.0359375
0 0.428125 0.421875 0.01875 0.028125
0 0.01328125 0.859375 0.0265625 0.24140625
0 0.46953125 0.390625 0.0140625 0.01953125
0 0.54296875 0.3765625 0.0109375 0.0140625
0 0.53984375 0.3359375 0.0078125 0.01640625
0 0.453125 0.38046875 0.0125 0.01640625
0 0.5046875 0.35546875 0.009375 0.01640625
0 0.40625 0.3640625 0.00625 0.01640625
0 0.4734375 0.3125 0.00625 0.0140625
0 0.36875 0.3265625 0.009375 0.0140625
0 0.44375 0.371875 0.009375 0.01640625
0 0.5171875 0.32890625 0.009375 0.0140625
0 0.53671875 0.3609375 0.0109375 0.01640625
0 0.478125 0.38046875 0.009375 0.01640625
0 0.0125 0.871875 0.025 0.121875
0 0.01328125 0.7859375 0.0265625 0.0890625
0 0.55234375 0.328125 0.0109375 0.01640625
0 0.0125 0.93203125 0.025 0.096875
0 0.46640625 0.365625 0.0109375 0.0140625
0 0.55 0.359375 0.009375 0.0140625
0 0.47890625 0.3515625 0.0078125 0.0140625