0 0.33046875 0.5984375 0.0515625 0.06953125
0 0.63984375 0.46953125 0.0265625 0.0390625
0 0.35390625 0.46796875 0.0296875 0.0359375
0 0.4453125 0.45390625 0.025 0.04140625
0 0.56328125 0.40390625 0.0171875 0.03046875
0 0.39921875 0.421875 0.0171875 0.028125
0 0.046875 0.89296875 0.09375 0.175
0 0.01484375 0.784375 0.0296875 0.10859375
0 0.43515625 0.415625 0.0171875 0.025
0 0.5390625 0.3640625 0.009375 0.0109375
0 0.40703125 0.5984375 0.0453125 0.06953125
0 0.46875 0.40546875 0.01875 0.03359375
0 0.42265625 0.39296875 0.0140625 0.01953125
0 0.52265625 0.34140625 0.0078125 0.0109375
0 0.45078125 0.3875 0.0140625 0.01953125
0 0.43984375 0.375 0.0109375 0.01640625
0 0.47578125 0.378125 0.0140625 0.01640625
0 0.50546875 0.35703125 0.0078125 0.0140625
0 0.40625 0.3625 0.00625 0.0140625
0 0.46484375 0.36953125 0.0109375 0.01640625
0 0.46015625 0.35703125 0.0078125 0.0140625
0 0.53359375 0.353125 0.0078125 0.0109375
0 0.48671875 0.3625 0.0078125 0.0140625
0 0.49453125 0.34453125 0.0078125 0.0109375
0 0.47265625 0.3984375 0.0109375 0.01953125