1 0.07890625 0.7640625 0.1578125 0.4
0 0.6828125 0.52890625 0.040625 0.053125
0 0.28671875 0.6609375 0.0671875 0.08359375
0 0.2875 0.54453125 0.046875 0.05546875
0 0.33671875 0.5765625 0.0515625 0.0640625
0 0.3859375 0.496875 0.0375 0.04453125
0 0.565625 0.515625 0.03125 0.053125
0 0.3703125 0.721875 0.071875 0.11640625
0 0.446875 0.4484375 0.028125 0.03046875
0 0.61484375 0.440625 0.0234375 0.03046875
0 0.409375 0.5765625 0.053125 0.08046875
0 0.41328125 0.446875 0.0203125 0.028125
0 0.571875 0.3859375 0.0125 0.01640625
0 0.54609375 0.38203125 0.0140625 0.01953125
0 0.390625 0.428125 0.01875 0.028125
0 0.403125 0.4109375 0.015625 0.021875
0 0.26640625 0.9 0.1109375 0.16640625
0 0.52578125 0.3875 0.0140625 0.01953125
0 0.46328125 0.409375 0.0171875 0.025
0 0.4296875 0.42109375 0.01875 0.025
0 0.4796875 0.3765625 0.0125 0.01953125
0 0.40625 0.3640625 0.00625 0.01640625
0 0.5234375 0.36640625 0.0125 0.021875
0 0.42578125 0.390625 0.0109375 0.01953125
0 0.43984375 0.40703125 0.0140625 0.025
0 0.55234375 0.3640625 0.0078125 0.0109375
0 0.53515625 0.3625 0.0078125 0.0140625
0 0.43203125 0.38046875 0.0109375 0.01640625
0 0.4578125 0.37890625 0.0125 0.01953125
0 0.4484375 0.365625 0.009375 0.0140625
0 0.4859375 0.3625 0.009375 0.01953125
0 0.47265625 0.39296875 0.0140625 0.01953125
0 0.52265625 0.35546875 0.0078125 0.0109375
0 0.44140625 0.375 0.0109375 0.01640625
0 0.50625 0.35703125 0.00625 0.0140625