0 0.378125 0.709375 0.06875 0.103125
0 0.68984375 0.53359375 0.0453125 0.0609375
0 0.671875 0.8015625 0.090625 0.1859375
0 0.22890625 0.775 0.0984375 0.121875
0 0.434375 0.4890625 0.034375 0.04453125
0 0.35546875 0.46953125 0.0265625 0.03359375
0 0.36796875 0.51640625 0.0359375 0.04453125
0 0.45859375 0.41953125 0.0171875 0.028125
0 0.553125 0.3875 0.0125 0.01953125
0 0.4015625 0.47109375 0.028125 0.0359375
0 0.40390625 0.4140625 0.0171875 0.028125
0 0.60546875 0.47890625 0.0265625 0.04140625
0 0.59453125 0.415625 0.0171875 0.025
0 0.52890625 0.38203125 0.0140625 0.01953125
0 0.42734375 0.41796875 0.0171875 0.025
0 0.6140625 0.44453125 0.01875 0.028125
0 0.09375 0.36796875 0.01875 0.01953125
0 0.52421875 0.37109375 0.0109375 0.0140625
0 0.5390625 0.3765625 0.009375 0.0140625
0 0.43515625 0.37890625 0.0109375 0.01953125
0 0.4703125 0.3890625 0.015625 0.021875
0 0.40703125 0.3625 0.0046875 0.0140625
0 0.50546875 0.35703125 0.0078125 0.0140625
0 0.48359375 0.34609375 0.0078125 0.0140625
0 0.4109375 0.359375 0.015625 0.01953125