1 0.1125 0.80859375 0.225 0.378125
1 0.44375 0.38203125 0.028125 0.05859375
0 0.37890625 0.70390625 0.0640625 0.096875
0 0.63359375 0.68359375 0.0640625 0.1
0 0.43828125 0.49609375 0.0296875 0.04140625
0 0.32734375 0.50390625 0.0296875 0.04140625
0 0.98515625 0.9234375 0.0265625 0.10859375
0 0.59921875 0.4234375 0.0171875 0.025
0 0.66171875 0.49453125 0.0390625 0.06640625
0 0.38828125 0.4984375 0.0265625 0.04140625
0 0.3828125 0.434375 0.01875 0.03046875
0 0.4578125 0.4390625 0.021875 0.028125
0 0.421875 0.428125 0.01875 0.028125
0 0.5453125 0.3765625 0.0125 0.025
0 0.40703125 0.45 0.0234375 0.03359375
0 0.52734375 0.384375 0.0109375 0.01953125
0 0.5703125 0.3859375 0.0125 0.01640625
0 0.58125 0.4 0.015625 0.021875
0 0.4625 0.4109375 0.015625 0.021875
0 0.5421875 0.3375 0.009375 0.01953125
0 0.19609375 0.65859375 0.0421875 0.071875
0 0.47109375 0.390625 0.0140625 0.01953125
0 0.5234375 0.3359375 0.00625 0.0109375
0 0.40625 0.3625 0.00625 0.0140625
0 0.50546875 0.35703125 0.0078125 0.0140625
0 0.5171875 0.3265625 0.0125 0.0140625
0 0.48046875 0.3734375 0.0109375 0.0140625
0 0.46171875 0.378125 0.0078125 0.01640625
0 0.4421875 0.40390625 0.015625 0.0140625
0 0.4875 0.3609375 0.009375 0.01640625