0 0.67421875 0.840625 0.0953125 0.1859375
0 0.4 0.63203125 0.053125 0.08046875
0 0.1234375 0.746875 0.109375 0.121875
0 0.64453125 0.475 0.0328125 0.05
0 0.73984375 0.5890625 0.0578125 0.08359375
0 0.34921875 0.5625 0.0421875 0.05859375
0 0.68125 0.6265625 0.059375 0.103125
0 0.33046875 0.503125 0.0359375 0.04453125
0 0.38359375 0.4375 0.0203125 0.03046875
0 0.440625 0.471875 0.03125 0.04453125
0 0.603125 0.43203125 0.01875 0.025
0 0.54921875 0.4625 0.0234375 0.0359375
0 0.41796875 0.43046875 0.0203125 0.03359375
0 0.45625 0.4234375 0.01875 0.03046875
0 0.5609375 0.4109375 0.015625 0.021875
0 0.42265625 0.39453125 0.0140625 0.021875
0 0.53359375 0.403125 0.0140625 0.028125
0 0.56796875 0.3859375 0.0140625 0.021875
0 0.4390625 0.40546875 0.015625 0.021875
0 0.5875 0.4140625 0.015625 0.021875
0 0.546875 0.3875 0.0125 0.01953125
0 0.465625 0.403125 0.0125 0.021875
0 0.52578125 0.3765625 0.0140625 0.0140625
0 0.43203125 0.38046875 0.0140625 0.021875
0 0.40625 0.3640625 0.00625 0.01640625
0 0.4421875 0.45 0.015625 0.01640625
0 0.446875 0.390625 0.0125 0.01953125
0 0.5578125 0.346875 0.0125 0.01640625
0 0.47421875 0.3890625 0.0109375 0.01640625
0 0.6984375 0.290625 0.01875 0.0140625
0 0.45703125 0.3765625 0.0109375 0.01953125
0 0.44453125 0.37109375 0.0140625 0.01953125
0 0.584375 0.4125 0.009375 0.01953125
0 0.47421875 0.309375 0.0078125 0.0140625
0 0.50546875 0.35703125 0.0078125 0.01953125
0 0.48125 0.371875 0.009375 0.01640625
0 0.5921875 0.41953125 0.009375 0.01640625