1 0.29453125 0.61953125 0.0828125 0.1390625
1 0.0359375 0.8109375 0.071875 0.3390625
0 0.6421875 0.48046875 0.03125 0.04453125
0 0.41328125 0.55703125 0.0390625 0.05859375
0 0.35234375 0.54296875 0.0390625 0.053125
0 0.53203125 0.4 0.0171875 0.028125
0 0.44453125 0.4625 0.0234375 0.0359375
0 0.265625 0.565625 0.040625 0.0640625
0 0.353125 0.478125 0.028125 0.0390625
0 0.46328125 0.415625 0.0171875 0.025
0 0.55625 0.36640625 0.009375 0.01640625
0 0.425 0.38203125 0.0125 0.025
0 0.26796875 0.99296875 0.0640625 0.00859375
0 0.41484375 0.4359375 0.0203125 0.03359375
0 0.39609375 0.421875 0.0171875 0.028125
0 0.4796875 0.38046875 0.0125 0.01640625
0 0.40625 0.3625 0.00625 0.0140625
0 0.4484375 0.390625 0.0125 0.01953125
0 0.446875 0.36796875 0.009375 0.0140625
0 0.4171875 0.403125 0.0125 0.021875
0 0.46484375 0.359375 0.0109375 0.01953125
0 0.5203125 0.375 0.00625 0.0109375
0 0.5234375 0.375 0.0125 0.01640625
0 0.43203125 0.409375 0.0171875 0.025
0 0.575 0.41953125 0.00625 0.021875
0 0.45859375 0.378125 0.0109375 0.01640625
0 0.0765625 0.99140625 0.078125 0.0109375
0 0.5046875 0.35703125 0.009375 0.0140625
0 0.53515625 0.35 0.0078125 0.0109375