1 0.18828125 0.74453125 0.2421875 0.3890625
1 0.38671875 0.45 0.0671875 0.1390625
1 0.446875 0.35546875 0.021875 0.0390625
1 0.7421875 0.659375 0.178125 0.303125
1 0.4640625 0.34140625 0.021875 0.05546875
0 0.40390625 0.60859375 0.0546875 0.071875
0 0.45 0.46953125 0.021875 0.03359375
0 0.55390625 0.45703125 0.0234375 0.0359375
0 0.44453125 0.39609375 0.0140625 0.01953125
0 0.703125 0.91796875 0.103125 0.15859375
0 0.4578125 0.43203125 0.01875 0.025
0 0.4234375 0.43046875 0.015625 0.028125
0 0.5578125 0.403125 0.01875 0.021875
0 0.4671875 0.39609375 0.015625 0.025
0 0.5578125 0.371875 0.009375 0.0109375
0 0.5265625 0.3890625 0.0125 0.01640625
0 0.52890625 0.4015625 0.0171875 0.03046875
0 0.475 0.378125 0.0125 0.01640625
0 0.41640625 0.4 0.0078125 0.021875
0 0.4828125 0.365625 0.009375 0.0140625
0 0.49296875 0.3515625 0.0109375 0.0140625
0 0.44453125 0.3640625 0.0140625 0.021875
0 0.703125 0.290625 0.0125 0.0140625
0 0.41015625 0.359375 0.0171875 0.025
0 0.50546875 0.35546875 0.0078125 0.01640625
0 0.4640625 0.36796875 0.0125 0.0140625
0 0.40703125 0.3640625 0.0078125 0.0109375
0 0.55234375 0.4 0.0078125 0.01640625
0 0.44140625 0.34453125 0.0109375 0.0109375
0 0.00625 0.25 0.0125 0.03359375