0 0.2640625 0.70546875 0.075 0.1
0 0.315625 0.9109375 0.109375 0.171875
0 0.72734375 0.68203125 0.0734375 0.1140625
0 0.64140625 0.471875 0.0296875 0.04453125
0 0.69140625 0.90390625 0.1140625 0.1859375
0 0.271875 0.571875 0.053125 0.0609375
0 0.60390625 0.4265625 0.0203125 0.03046875
0 0.5578125 0.4890625 0.028125 0.04453125
0 0.58671875 0.4640625 0.0265625 0.0390625
0 0.3609375 0.465625 0.028125 0.0359375
0 0.425 0.521875 0.040625 0.071875
0 0.39921875 0.4625 0.0265625 0.04140625
0 0.446875 0.4484375 0.021875 0.0359375
0 0.42890625 0.4234375 0.0171875 0.025
0 0.4109375 0.40703125 0.015625 0.025
0 0.53046875 0.403125 0.0140625 0.028125
0 0.459375 0.41796875 0.021875 0.025
0 0.5765625 0.3984375 0.009375 0.01953125
0 0.40625 0.3640625 0.00625 0.01640625
0 0.43984375 0.4015625 0.0140625 0.01953125
0 0.56875 0.39140625 0.009375 0.01640625
0 0.4703125 0.3984375 0.0125 0.01953125
0 0.45078125 0.384375 0.0109375 0.01953125
0 0.54765625 0.3875 0.0109375 0.0140625
0 0.55859375 0.371875 0.0109375 0.01640625
0 0.52265625 0.35859375 0.0109375 0.021875
0 0.52734375 0.38203125 0.0140625 0.0140625
0 0.43671875 0.378125 0.0109375 0.01640625
0 0.55234375 0.34296875 0.0109375 0.0140625
0 0.50390625 0.35703125 0.0109375 0.01953125
0 0.36953125 0.3265625 0.0109375 0.0140625
0 0.47265625 0.3109375 0.0078125 0.01640625
0 0.703125 0.29296875 0.0125 0.0140625
0 0.465625 0.365625 0.009375 0.0140625
0 0.475 0.38203125 0.0125 0.01953125
0 0.45390625 0.3640625 0.0078125 0.0109375
0 0.425 0.5015625 0.028125 0.03046875