1 0.40234375 0.39140625 0.0359375 0.071875
0 0.34375 0.84140625 0.09375 0.15
0 0.97421875 0.89609375 0.0484375 0.14140625
0 0.184375 0.85703125 0.109375 0.14140625
0 0.41328125 0.56953125 0.0453125 0.06640625
0 0.340625 0.5609375 0.05625 0.078125
0 0.40078125 0.459375 0.0296875 0.04140625
0 0.3546875 0.46953125 0.025 0.03359375
0 0.61171875 0.434375 0.0203125 0.03046875
0 0.440625 0.46640625 0.028125 0.03359375
0 0.66796875 0.5875 0.0484375 0.06953125
0 0.45625 0.434375 0.01875 0.025
0 0.68515625 0.525 0.0421875 0.05546875
0 0.4328125 0.41796875 0.015625 0.025
0 0.46875 0.40546875 0.0125 0.021875
0 0.57578125 0.3984375 0.0140625 0.01953125
0 0.43359375 0.38203125 0.0140625 0.01953125
0 0.5234375 0.365625 0.0125 0.0140625
0 0.44921875 0.390625 0.0140625 0.01953125
0 0.565625 0.38046875 0.009375 0.01640625
0 0.475 0.3125 0.0125 0.0140625
0 0.47890625 0.38203125 0.0140625 0.01953125
0 0.51796875 0.3234375 0.0109375 0.0140625
0 0.6578125 0.5 0.03125 0.03359375
0 0.45859375 0.35703125 0.0078125 0.0140625
0 0.55625 0.36796875 0.0125 0.01953125
0 0.534375 0.35546875 0.009375 0.01640625
0 0.675 0.515625 0.0625 0.075
0 0.44296875 0.4390625 0.0109375 0.021875
0 0.54375 0.346875 0.00625 0.01640625
0 0.45703125 0.37890625 0.0109375 0.01953125
0 0.53203125 0.334375 0.0109375 0.0140625
0 0.5734375 0.39296875 0.009375 0.01953125
0 0.67890625 0.49609375 0.0296875 0.0359375
0 0.38984375 0.41640625 0.0078125 0.01640625