1 0.26328125 0.68046875 0.0921875 0.1390625
1 0.06328125 0.77890625 0.1265625 0.346875
0 0.3890625 0.6859375 0.059375 0.0890625
0 0.6734375 0.8015625 0.084375 0.15859375
0 0.76171875 0.621875 0.0671875 0.09453125
0 0.62109375 0.44609375 0.0296875 0.046875
0 0.4296875 0.515625 0.03125 0.046875
0 0.684375 0.5359375 0.040625 0.05546875
0 0.35546875 0.534375 0.0390625 0.06953125
0 0.64921875 0.56796875 0.0453125 0.06953125
0 0.33125 0.496875 0.03125 0.04453125
0 0.2625 0.584375 0.053125 0.0640625
0 0.446875 0.4609375 0.021875 0.03359375
0 0.3953125 0.425 0.01875 0.028125
0 0.42109375 0.4359375 0.0203125 0.028125
0 0.53515625 0.41796875 0.0171875 0.025
0 0.56484375 0.4125 0.0171875 0.03046875
0 0.43515625 0.409375 0.0171875 0.025
0 0.55 0.3890625 0.0125 0.01640625
0 0.4296875 0.38203125 0.015625 0.025
0 0.525 0.38203125 0.0125 0.01953125
0 0.56015625 0.375 0.0109375 0.0109375
0 0.44921875 0.3890625 0.0140625 0.01640625
0 0.40625 0.3640625 0.00625 0.0109375
0 0.459375 0.43203125 0.015625 0.025
0 0.4578125 0.3609375 0.009375 0.01640625
0 0.56328125 0.40390625 0.0109375 0.0140625
0 0.02578125 0.75 0.0515625 0.19453125
0 0.4625 0.41640625 0.015625 0.021875
0 0.45859375 0.38046875 0.0109375 0.01640625
0 0.5484375 0.35703125 0.009375 0.0140625
0 0.465625 0.40390625 0.015625 0.01953125
0 0.47265625 0.38359375 0.0109375 0.01640625
0 0.03046875 0.88203125 0.0609375 0.14140625
0 0.48203125 0.371875 0.0109375 0.01640625