0 0.40390625 0.59296875 0.0484375 0.06953125
0 0.2140625 0.61953125 0.0625 0.071875
0 0.32421875 0.58203125 0.0453125 0.0640625
0 0.6546875 0.81796875 0.0875 0.16953125
0 0.721875 0.578125 0.053125 0.06640625
0 0.5875 0.40390625 0.015625 0.025
0 0.40625 0.45390625 0.021875 0.03046875
0 0.57578125 0.52109375 0.0390625 0.05859375
0 0.6015625 0.46953125 0.025 0.0390625
0 0.54765625 0.453125 0.0234375 0.03359375
0 0.409375 0.40390625 0.01875 0.025
0 0.53046875 0.39453125 0.0140625 0.028125
0 0.45390625 0.4375 0.0203125 0.03046875
0 0.43125 0.41640625 0.01875 0.028125
0 0.465625 0.40859375 0.015625 0.021875
0 0.56015625 0.375 0.0109375 0.01640625
0 0.44296875 0.39453125 0.0140625 0.021875
0 0.5234375 0.36953125 0.0125 0.01640625
0 0.53515625 0.340625 0.0109375 0.0140625
0 0.44375 0.36953125 0.009375 0.01640625
0 0.5515625 0.35703125 0.009375 0.01953125
0 0.47421875 0.38203125 0.0109375 0.01953125
0 0.46015625 0.3734375 0.0109375 0.0140625
0 0.40625 0.3640625 0.00625 0.0109375
0 0.55234375 0.3640625 0.0078125 0.0109375
0 0.48046875 0.36796875 0.0109375 0.0140625
0 0.4703125 0.3625 0.009375 0.0140625
0 0.4953125 0.34453125 0.009375 0.01640625