1 0.12890625 0.6890625 0.2578125 0.40546875
1 0.596875 0.4 0.0375 0.071875
0 0.37109375 0.725 0.0640625 0.1
0 0.425 0.5390625 0.0375 0.05
0 0.34296875 0.48046875 0.0296875 0.0390625
0 0.22578125 0.778125 0.1140625 0.15
0 0.72265625 0.690625 0.0671875 0.1140625
0 0.56953125 0.421875 0.0203125 0.03359375
0 0.45 0.459375 0.025 0.0359375
0 0.53515625 0.40859375 0.0171875 0.028125
0 0.5578125 0.46953125 0.03125 0.0390625
0 0.3984375 0.48046875 0.03125 0.0390625
0 0.43359375 0.415625 0.0171875 0.025
0 0.47265625 0.384375 0.0140625 0.01953125
0 0.45703125 0.41953125 0.0171875 0.021875
0 0.55390625 0.36796875 0.0078125 0.0140625
0 0.42109375 0.39140625 0.0140625 0.021875
0 0.48203125 0.36640625 0.0109375 0.01640625
0 0.40625 0.3625 0.00625 0.0140625
0 0.521875 0.35546875 0.009375 0.01640625
0 0.4359375 0.38046875 0.0125 0.01640625
0 0.44609375 0.39609375 0.0140625 0.01953125
0 0.44453125 0.371875 0.0109375 0.01640625
0 0.49375 0.3484375 0.009375 0.0140625
0 0.47421875 0.3109375 0.0078125 0.01640625
0 0.4640625 0.36953125 0.009375 0.0109375
0 0.3859375 0.4734375 0.009375 0.01953125
0 0.53359375 0.3390625 0.0078125 0.0109375
0 0.5203125 0.35703125 0.00625 0.0140625
0 0.50390625 0.35859375 0.0109375 0.01640625
0 0.45390625 0.38203125 0.0109375 0.01953125
0 0.45703125 0.359375 0.0078125 0.0140625
0 0.5265625 0.33359375 0.009375 0.0109375