1 0.59453125 0.44453125 0.0609375 0.121875
1 0.40390625 0.4109375 0.0171875 0.03359375
0 0.2375 0.75703125 0.09375 0.11953125
0 0.4078125 0.59140625 0.04375 0.0609375
0 0.4421875 0.4859375 0.03125 0.0390625
0 0.01796875 0.9140625 0.0359375 0.1
0 0.653125 0.49453125 0.03125 0.04453125
0 0.3796875 0.4875 0.034375 0.04140625
0 0.36171875 0.4625 0.0234375 0.0359375
0 0.41796875 0.4390625 0.0234375 0.03359375
0 0.559375 0.49140625 0.028125 0.04453125
0 0.56171875 0.36953125 0.0140625 0.021875
0 0.4609375 0.4234375 0.01875 0.03046875
0 0.434375 0.378125 0.0125 0.01640625
0 0.46796875 0.3984375 0.0140625 0.01953125
0 0.44296875 0.396875 0.0140625 0.021875
0 0.54765625 0.3890625 0.0140625 0.01640625
0 0.5296875 0.39609375 0.015625 0.01953125
0 0.4625 0.371875 0.0125 0.01640625
0 0.48203125 0.36953125 0.0109375 0.01640625
0 0.41640625 0.39296875 0.0140625 0.025
0 0.40703125 0.3625 0.0046875 0.0140625
0 0.36875 0.3234375 0.0125 0.0140625
0 0.4734375 0.3109375 0.009375 0.01640625
0 0.54921875 0.35703125 0.0109375 0.01953125
0 0.69921875 0.290625 0.0203125 0.0140625
0 0.703125 0.2890625 0.0125 0.0109375
0 0.49921875 0.34296875 0.0078125 0.0140625
0 0.56796875 0.4625 0.0171875 0.025
0 0.490625 0.353125 0.009375 0.01640625
0 0.490625 0.303125 0.009375 0.0109375
0 0.5375 0.365625 0.040625 0.0859375
0 0.0046875 0.2484375 0.009375 0.03046875