1 0.34609375 0.5125 0.1015625 0.19140625
1 0.42421875 0.571875 0.0484375 0.0890625
1 0.44453125 0.3875 0.0203125 0.04140625
0 0.12421875 0.921875 0.1484375 0.15
0 0.30859375 0.94453125 0.1171875 0.10546875
0 0.6234375 0.45390625 0.021875 0.04140625
0 0.4296875 0.50859375 0.03125 0.04453125
0 0.53125 0.40546875 0.01875 0.03359375
0 0.4171875 0.4390625 0.021875 0.028125
0 0.56328125 0.41640625 0.0171875 0.03359375
0 0.57578125 0.396875 0.0140625 0.021875
0 0.465625 0.40859375 0.015625 0.021875
0 0.4296875 0.384375 0.009375 0.01953125
0 0.52109375 0.3625 0.0109375 0.0140625
0 0.4125 0.40546875 0.015625 0.021875
0 0.428125 0.415625 0.015625 0.025
0 0.5625 0.37109375 0.015625 0.025
0 0.53828125 0.3625 0.0109375 0.01953125
0 0.39921875 0.53203125 0.0140625 0.04140625
0 0.53203125 0.34140625 0.0078125 0.01640625
0 0.4578125 0.37890625 0.009375 0.01953125
0 0.40625 0.365625 0.00625 0.0140625
0 0.4796875 0.37109375 0.0125 0.01953125
0 0.50390625 0.35703125 0.0109375 0.01953125
0 0.4765625 0.35390625 0.009375 0.0140625
0 0.46953125 0.39609375 0.0140625 0.01953125
0 0.38046875 0.421875 0.0140625 0.0109375
0 0.546875 0.35859375 0.009375 0.021875
0 0.46484375 0.3765625 0.0078125 0.0140625