1 0.42265625 0.38046875 0.0421875 0.071875
1 0.4140625 0.39453125 0.021875 0.04453125
0 0.140625 0.90546875 0.134375 0.1609375
0 0.29296875 0.5375 0.0390625 0.053125
0 0.33828125 0.57109375 0.0421875 0.05859375
0 0.40390625 0.59296875 0.0515625 0.0859375
0 0.3734375 0.446875 0.021875 0.03359375
0 0.45625 0.44140625 0.021875 0.028125
0 0.396875 0.46796875 0.028125 0.0359375
0 0.534375 0.3515625 0.009375 0.0140625
0 0.434375 0.409375 0.015625 0.025
0 0.465625 0.4 0.015625 0.021875
0 0.45 0.39296875 0.0125 0.01953125
0 0.525 0.334375 0.00625 0.00859375
0 0.45546875 0.37890625 0.0109375 0.01953125
0 0.5015625 0.3359375 0.009375 0.01640625
0 0.475 0.38203125 0.0125 0.01953125
0 0.50390625 0.35703125 0.0109375 0.01953125
0 0.45859375 0.35859375 0.0078125 0.0109375
0 0.4703125 0.3609375 0.009375 0.01640625
0 0.4828125 0.36796875 0.009375 0.0140625
0 0.44765625 0.37109375 0.0078125 0.0140625
0 0.4921875 0.353125 0.009375 0.0109375
0 0.41171875 0.40546875 0.0140625 0.021875