1 0.221875 0.596875 0.09375 0.128125
1 0.59609375 0.603125 0.0484375 0.1109375
1 0.41328125 0.41953125 0.0453125 0.071875
1 0.39296875 0.46640625 0.0328125 0.05
1 0.465625 0.40859375 0.01875 0.0390625
0 0.3078125 0.9015625 0.10625 0.1640625
0 0.1828125 0.853125 0.11875 0.15
0 0.80234375 0.665625 0.0734375 0.096875
0 0.415625 0.55 0.034375 0.05546875
0 0.5984375 0.478125 0.028125 0.0390625
0 0.6578125 0.496875 0.03125 0.04453125
0 0.44921875 0.45390625 0.0234375 0.0359375
0 0.37265625 0.44140625 0.0234375 0.028125
0 0.5421875 0.434375 0.021875 0.03046875
0 0.571875 0.390625 0.009375 0.0140625
0 0.54921875 0.390625 0.0140625 0.01953125
0 0.56015625 0.375 0.0109375 0.01640625
0 0.29140625 0.43046875 0.0109375 0.028125
0 0.43828125 0.409375 0.0078125 0.03046875
0 0.5296875 0.40390625 0.01875 0.03046875
0 0.478125 0.378125 0.0125 0.021875
0 0.52265625 0.384375 0.0109375 0.01953125
0 0.4484375 0.390625 0.015625 0.01953125
0 0.5203125 0.34453125 0.009375 0.01640625
0 0.5359375 0.35703125 0.009375 0.01953125
0 0.40625 0.365625 0.00625 0.0140625
0 0.503125 0.35703125 0.009375 0.01953125
0 0.3890625 0.43046875 0.015625 0.021875
0 0.44375 0.3734375 0.009375 0.0140625
0 0.46328125 0.3734375 0.0109375 0.0140625
0 0.4359375 0.3765625 0.009375 0.0140625
0 0.51796875 0.35703125 0.0078125 0.0140625