1 0.87890625 0.33203125 0.2171875 0.1140625
0 0.06953125 0.80703125 0.1265625 0.13046875
0 0.365625 0.45859375 0.025 0.03359375
0 0.79609375 0.65859375 0.0796875 0.11640625
0 0.58125 0.4 0.015625 0.021875
0 0.465625 0.40390625 0.015625 0.025
0 0.43828125 0.46796875 0.0265625 0.0359375
0 0.440625 0.40390625 0.015625 0.025
0 0.54609375 0.37890625 0.0109375 0.01953125
0 0.42421875 0.42890625 0.0171875 0.025
0 0.4390625 0.371875 0.0125 0.01640625
0 0.45390625 0.4359375 0.0171875 0.028125
0 0.53359375 0.3515625 0.0078125 0.0140625
0 0.4765625 0.375 0.0125 0.01640625
0 0.5375 0.3640625 0.009375 0.0109375
0 0.40703125 0.3625 0.0046875 0.0140625
0 0.54765625 0.353125 0.0078125 0.0109375
0 0.70234375 0.290625 0.0109375 0.0140625
0 0.4421875 0.440625 0.009375 0.0140625
0 0.54296875 0.328125 0.0078125 0.0109375
0 0.48515625 0.36640625 0.0109375 0.01640625
0 0.5046875 0.35546875 0.009375 0.01640625
0 0.4609375 0.37109375 0.009375 0.0140625