1 0.28515625 0.634375 0.0890625 0.146875
1 0.021875 0.83046875 0.04375 0.28359375
0 0.97265625 0.896875 0.0515625 0.15546875
0 0.63515625 0.4734375 0.0296875 0.04140625
0 0.4109375 0.56640625 0.040625 0.0609375
0 0.346875 0.5515625 0.040625 0.05859375
0 0.44453125 0.46640625 0.0234375 0.03359375
0 0.26015625 0.57109375 0.0484375 0.0640625
0 0.46328125 0.41640625 0.0171875 0.028125
0 0.34921875 0.48203125 0.0296875 0.04140625
0 0.53125 0.39609375 0.015625 0.025
0 0.5546875 0.36640625 0.009375 0.01640625
0 0.39375 0.425 0.01875 0.028125
0 0.4125 0.4390625 0.021875 0.03359375
0 0.42421875 0.38359375 0.0140625 0.021875
0 0.02109375 0.9125 0.0421875 0.1140625
0 0.52265625 0.3765625 0.0109375 0.0140625
0 0.47890625 0.38046875 0.0109375 0.01640625
0 0.73515625 0.93046875 0.1453125 0.13359375
0 0.40625 0.3625 0.00625 0.0140625
0 0.57109375 0.41640625 0.0078125 0.028125
0 0.446875 0.39296875 0.0125 0.01953125
0 0.415625 0.40390625 0.015625 0.025
0 0.43125 0.4109375 0.01875 0.028125
0 0.47421875 0.3125 0.0109375 0.01953125
0 0.44609375 0.36796875 0.0109375 0.0140625
0 0.5703125 0.409375 0.00625 0.0140625
0 0.45859375 0.37890625 0.0109375 0.01953125
0 0.3578125 0.475 0.0125 0.028125
0 0.5046875 0.35546875 0.009375 0.01640625
0 0.4640625 0.365625 0.009375 0.0140625
0 0.70234375 0.290625 0.0109375 0.0140625
0 0.02109375 0.75390625 0.0421875 0.13046875
0 0.5390625 0.3484375 0.015625 0.0140625
0 0.52265625 0.38203125 0.0109375 0.025