1 0.42578125 0.3859375 0.0171875 0.028125
0 0.79765625 0.81796875 0.1046875 0.175
0 0.20390625 0.65 0.0734375 0.08359375
0 0.3890625 0.671875 0.059375 0.0890625
0 0.36015625 0.5375 0.0421875 0.053125
0 0.64453125 0.5484375 0.0421875 0.0640625
0 0.5921875 0.6234375 0.046875 0.0859375
0 0.45 0.465625 0.025 0.0359375
0 0.6 0.4734375 0.028125 0.04140625
0 0.409375 0.45546875 0.028125 0.03359375
0 0.60390625 0.4265625 0.0203125 0.03046875
0 0.434375 0.409375 0.01875 0.03046875
0 0.37578125 0.4515625 0.0265625 0.0359375
0 0.5578125 0.44609375 0.021875 0.0359375
0 0.39609375 0.42109375 0.0171875 0.03046875
0 0.45703125 0.41796875 0.0078125 0.025
0 0.40625 0.3625 0.00625 0.0140625
0 0.45546875 0.38046875 0.0140625 0.01640625
0 0.525 0.37890625 0.015625 0.025
0 0.5609375 0.409375 0.015625 0.025
0 0.47578125 0.38359375 0.0109375 0.01640625
0 0.4515625 0.3640625 0.009375 0.01640625
0 0.55390625 0.3984375 0.0140625 0.025
0 0.56484375 0.3765625 0.0140625 0.01953125
0 0.4625 0.36796875 0.009375 0.0140625
0 0.553125 0.3625 0.009375 0.0140625
0 0.48359375 0.36796875 0.0109375 0.01953125
0 0.5453125 0.3765625 0.009375 0.0140625
0 0.38359375 0.4359375 0.0109375 0.021875