1 0.4609375 0.325 0.015625 0.028125
0 0.16171875 0.8875 0.1296875 0.175
0 0.7421875 0.603125 0.053125 0.071875
0 0.95390625 0.875 0.0890625 0.2
0 0.246875 0.5984375 0.0625 0.075
0 0.31875 0.6109375 0.053125 0.071875
0 0.64921875 0.4859375 0.0328125 0.04453125
0 0.42890625 0.52109375 0.0328125 0.046875
0 0.3265625 0.49140625 0.034375 0.04453125
0 0.5625 0.4875 0.034375 0.053125
0 0.37734375 0.515625 0.0359375 0.046875
0 0.6 0.48046875 0.03125 0.04453125
0 0.4078125 0.45703125 0.025 0.0359375
0 0.55859375 0.4 0.0171875 0.028125
0 0.453125 0.45390625 0.021875 0.03046875
0 0.46484375 0.415625 0.0171875 0.025
0 0.53984375 0.425 0.0203125 0.028125
0 0.103125 0.365625 0.0125 0.01953125
0 0.43203125 0.415625 0.0203125 0.025
0 0.525 0.3875 0.015625 0.03046875
0 0.121875 0.3265625 0.009375 0.00859375
0 0.41796875 0.396875 0.0140625 0.021875
0 0.471875 0.390625 0.0125 0.01953125
0 0.40546875 0.415625 0.0078125 0.025
0 0.42890625 0.38203125 0.0109375 0.01953125
0 0.55390625 0.3609375 0.0109375 0.01640625
0 0.5578125 0.371875 0.009375 0.0109375
0 0.4609375 0.36640625 0.009375 0.01640625
0 0.40703125 0.3625 0.0046875 0.0140625
0 0.4421875 0.39609375 0.015625 0.025
0 0.4421875 0.3765625 0.009375 0.0140625
0 0.45234375 0.3859375 0.0109375 0.01640625
0 0.48046875 0.3765625 0.0109375 0.0140625
0 0.52265625 0.359375 0.0109375 0.0140625
0 0.50625 0.35703125 0.00625 0.0140625
0 0.48671875 0.3609375 0.0109375 0.01640625
0 0.5375 0.3625 0.009375 0.0140625
0 0.33828125 0.49296875 0.0109375 0.03046875
0 0.4515625 0.365625 0.00625 0.0140625