1 0.31953125 0.54609375 0.1265625 0.21953125
1 0.45390625 0.36953125 0.0234375 0.04453125
0 0.71796875 0.56796875 0.0484375 0.0640625
0 0.26640625 0.9640625 0.1171875 0.06640625
0 0.6125 0.4359375 0.021875 0.03359375
0 0.5515625 0.45859375 0.021875 0.03359375
0 0.43671875 0.5015625 0.0265625 0.04140625
0 0.575 0.42890625 0.021875 0.0359375
0 0.64453125 0.4765625 0.0296875 0.04140625
0 0.3796875 0.44296875 0.0125 0.03046875
0 0.4578125 0.428125 0.01875 0.028125
0 0.4234375 0.4359375 0.01875 0.028125
0 0.2328125 0.5984375 0.053125 0.06953125
0 0.53359375 0.353125 0.0078125 0.0109375
0 0.4375 0.403125 0.0125 0.021875
0 0.4078125 0.40390625 0.015625 0.025
0 0.52265625 0.34296875 0.0078125 0.0140625
0 0.42734375 0.4140625 0.0171875 0.021875
0 0.5453125 0.3359375 0.009375 0.0109375
0 0.4796875 0.3734375 0.009375 0.0140625
0 0.146875 0.58359375 0.01875 0.03359375
0 0.4703125 0.403125 0.015625 0.021875
0 0.453125 0.3875 0.015625 0.0140625
0 0.51796875 0.325 0.0078125 0.01640625
0 0.4703125 0.365625 0.009375 0.01953125
0 0.50546875 0.35546875 0.0078125 0.01640625
0 0.36953125 0.3265625 0.0109375 0.0140625
0 0.2546875 0.5765625 0.009375 0.03046875
0 0.471875 0.3875 0.0125 0.0140625
0 0.40703125 0.3640625 0.0046875 0.0109375
0 0.5453125 0.346875 0.009375 0.0109375