1 0.40234375 0.3890625 0.0390625 0.078125
1 0.4609375 0.34296875 0.028125 0.0640625
0 0.21328125 0.77890625 0.0953125 0.11953125
0 0.74609375 0.75 0.0828125 0.13359375
0 0.43203125 0.5109375 0.0296875 0.05
0 0.64609375 0.484375 0.0328125 0.04140625
0 0.25 0.5859375 0.059375 0.071875
0 0.31796875 0.6234375 0.0546875 0.075
0 0.38828125 0.484375 0.0296875 0.04140625
0 0.58515625 0.446875 0.0234375 0.03359375
0 0.32578125 0.5015625 0.0328125 0.04140625
0 0.41796875 0.43359375 0.0203125 0.028125
0 0.584375 0.40546875 0.015625 0.021875
0 0.42734375 0.384375 0.0109375 0.01953125
0 0.4578125 0.43359375 0.021875 0.03359375
0 0.5671875 0.38203125 0.0125 0.01953125
0 0.47421875 0.384375 0.0140625 0.01953125
0 0.465625 0.40703125 0.015625 0.025
0 0.3546875 0.54140625 0.04375 0.0609375
0 0.440625 0.4 0.015625 0.021875
0 0.45 0.3859375 0.0125 0.01640625
0 0.525 0.371875 0.0125 0.01640625
0 0.5546875 0.359375 0.0125 0.01953125
0 0.44296875 0.36953125 0.0078125 0.01640625
0 0.3984375 0.41796875 0.021875 0.01953125
0 0.53828125 0.3625 0.0109375 0.01953125
0 0.48828125 0.35703125 0.0140625 0.01953125
0 0.55625 0.34296875 0.0125 0.0140625