1 0.74609375 0.55 0.1484375 0.228125
1 0.6015625 0.44296875 0.059375 0.125
1 0.41640625 0.38046875 0.0328125 0.0609375
0 0.325 0.896875 0.103125 0.1609375
0 0.1171875 0.94140625 0.14375 0.1109375
0 0.2453125 0.5859375 0.071875 0.08359375
0 0.39296875 0.65859375 0.0640625 0.1
0 0.41796875 0.56796875 0.0421875 0.0640625
0 0.3390625 0.4859375 0.03125 0.0390625
0 0.54921875 0.459375 0.0296875 0.046875
0 0.4359375 0.503125 0.028125 0.04453125
0 0.353125 0.5390625 0.04375 0.06640625
0 0.37734375 0.5140625 0.0296875 0.04453125
0 0.528125 0.3984375 0.015625 0.01953125
0 0.45 0.465625 0.025 0.0359375
0 0.3984375 0.425 0.01875 0.028125
0 0.3953125 0.47890625 0.028125 0.053125
0 0.409375 0.45390625 0.021875 0.03046875
0 0.584375 0.375 0.01875 0.021875
0 0.38671875 0.4359375 0.0234375 0.028125
0 0.43671875 0.378125 0.0078125 0.01640625
0 0.47421875 0.359375 0.0109375 0.01953125
0 0.54609375 0.378125 0.0140625 0.01640625
0 0.521875 0.37109375 0.0125 0.01953125
0 0.43046875 0.4265625 0.0171875 0.025
0 0.45234375 0.4265625 0.0171875 0.025
0 0.41875 0.4390625 0.021875 0.028125
0 0.39140625 0.46796875 0.0203125 0.03046875
0 0.4640625 0.36640625 0.009375 0.01640625
0 0.465625 0.415625 0.015625 0.025
0 0.5640625 0.39609375 0.01875 0.03046875
0 0.453125 0.446875 0.021875 0.021875
0 0.44296875 0.40390625 0.0140625 0.025
0 0.61015625 0.4640625 0.0390625 0.08359375