1 0.425 0.38046875 0.01875 0.03359375
0 0.24140625 0.60703125 0.0640625 0.06953125
0 0.6390625 0.746875 0.071875 0.121875
0 0.43828125 0.4890625 0.0296875 0.04453125
0 0.346875 0.553125 0.04375 0.0609375
0 0.025 0.94453125 0.05 0.10546875
0 0.45703125 0.4375 0.0234375 0.03046875
0 0.29921875 0.9859375 0.0890625 0.021875
0 0.46484375 0.4140625 0.0171875 0.021875
0 0.4234375 0.4265625 0.021875 0.0359375
0 0.36015625 0.46953125 0.0296875 0.04453125
0 0.40390625 0.4125 0.0171875 0.025
0 0.37734375 0.44453125 0.0234375 0.03359375
0 0.52265625 0.359375 0.0109375 0.01953125
0 0.4765625 0.37890625 0.0125 0.01953125
0 0.44453125 0.39609375 0.0140625 0.01953125
0 0.40625 0.365625 0.00625 0.0140625
0 0.4640625 0.36796875 0.009375 0.0140625
0 0.54375 0.35859375 0.015625 0.021875
0 0.4453125 0.36953125 0.0125 0.01640625
0 0.47421875 0.35859375 0.0109375 0.01640625
0 0.50390625 0.35703125 0.0109375 0.01953125
0 0.4390625 0.38046875 0.009375 0.01640625
0 0.4875 0.35390625 0.0125 0.01953125