1 0.56875 0.371875 0.025 0.05
1 0.403125 0.4 0.034375 0.0609375
1 0.46875 0.35 0.01875 0.0390625
0 0.2796875 0.55859375 0.046875 0.05546875
0 0.459375 0.428125 0.01875 0.028125
0 0.43125 0.49296875 0.03125 0.046875
0 0.615625 0.44453125 0.021875 0.03359375
0 0.559375 0.46953125 0.021875 0.0390625
0 0.36171875 0.4609375 0.0296875 0.04453125
0 0.35859375 0.5375 0.0421875 0.05859375
0 0.5234375 0.384375 0.0125 0.01953125
0 0.425 0.425 0.01875 0.028125
0 0.453125 0.3859375 0.0125 0.01640625
0 0.35234375 0.50703125 0.0203125 0.025
0 0.42265625 0.39296875 0.0109375 0.01953125
0 0.54921875 0.3609375 0.0109375 0.01640625
0 0.47734375 0.3765625 0.0140625 0.01953125
0 0.53828125 0.340625 0.0078125 0.0140625
0 0.4515625 0.36796875 0.009375 0.0140625
0 0.53359375 0.3609375 0.0078125 0.0109375
0 0.41015625 0.37890625 0.0171875 0.01953125
0 0.45703125 0.35859375 0.0078125 0.01640625
0 0.40625 0.3625 0.00625 0.0140625
0 0.571875 0.384375 0.015625 0.025
0 0.41484375 0.3859375 0.0265625 0.03359375