1 0.34140625 0.475 0.0484375 0.0609375
0 0.29765625 0.93203125 0.1234375 0.13046875
0 0.3515625 0.540625 0.040625 0.053125
0 0.2890625 0.65 0.06875 0.08359375
0 0.41640625 0.5765625 0.0421875 0.0640625
0 0.2328125 0.61953125 0.059375 0.071875
0 0.8515625 0.903125 0.140625 0.1890625
0 0.4484375 0.44609375 0.025 0.03046875
0 0.4328125 0.4890625 0.034375 0.04453125
0 0.3984375 0.4625 0.028125 0.0359375
0 0.7078125 0.946875 0.09375 0.1
0 0.68203125 0.575 0.0484375 0.071875
0 0.54453125 0.45 0.0234375 0.03359375
0 0.5953125 0.42109375 0.01875 0.025
0 0.4453125 0.3890625 0.015625 0.021875
0 0.41796875 0.43046875 0.0171875 0.028125
0 0.4203125 0.39140625 0.0125 0.021875
0 0.5609375 0.409375 0.015625 0.025
0 0.4671875 0.403125 0.015625 0.021875
0 0.5703125 0.3875 0.0125 0.01953125
0 0.53984375 0.37109375 0.0109375 0.0140625
0 0.40625 0.3640625 0.00625 0.01640625
0 0.521875 0.36640625 0.009375 0.01640625
0 0.52265625 0.40703125 0.0046875 0.0140625
0 0.4546875 0.3609375 0.009375 0.0109375
0 0.521875 0.3484375 0.009375 0.01953125
0 0.6640625 0.31796875 0.009375 0.00859375
0 0.47265625 0.38359375 0.0140625 0.021875
0 0.4828125 0.34609375 0.009375 0.0140625
0 0.48515625 0.36796875 0.0109375 0.01953125
0 0.50546875 0.35859375 0.0109375 0.01640625
0 0.68984375 0.5875 0.0328125 0.04140625
0 0.54609375 0.353125 0.0109375 0.0109375
0 0.465625 0.3625 0.009375 0.0140625
0 0.35703125 0.465625 0.0203125 0.04140625
0 0.55625 0.37109375 0.00625 0.0140625