1 0.203125 0.765625 0.14375 0.24140625
1 0.778125 0.6125 0.084375 0.1640625
0 0.37890625 0.7265625 0.0703125 0.103125
0 0.42734375 0.5234375 0.0328125 0.046875
0 0.57109375 0.4234375 0.0171875 0.025
0 0.56328125 0.52109375 0.0296875 0.053125
0 0.6453125 0.5734375 0.05 0.08046875
0 0.10234375 0.75546875 0.0859375 0.11640625
0 0.3890625 0.43203125 0.01875 0.03046875
0 0.446875 0.44609375 0.025 0.0359375
0 0.36015625 0.51953125 0.0484375 0.078125
0 0.36640625 0.45390625 0.0265625 0.03046875
0 0.53359375 0.415625 0.0171875 0.025
0 0.61953125 0.684375 0.0609375 0.10859375
0 0.5484375 0.353125 0.009375 0.021875
0 0.46171875 0.41640625 0.0171875 0.028125
0 0.5328125 0.35 0.009375 0.01640625
0 0.425 0.425 0.01875 0.028125
0 0.44765625 0.39453125 0.0140625 0.021875
0 0.4796875 0.375 0.0125 0.01640625
0 0.5203125 0.35859375 0.009375 0.01640625
0 0.46171875 0.375 0.0109375 0.01640625
0 0.40625 0.3640625 0.00625 0.0109375
0 0.4203125 0.396875 0.0125 0.021875
0 0.61328125 0.48203125 0.0109375 0.0140625
0 0.4328125 0.38046875 0.0125 0.021875
0 0.490625 0.35546875 0.009375 0.01640625
0 0.48515625 0.36640625 0.0109375 0.01640625
0 0.4296875 0.40546875 0.015625 0.021875