1 0.2171875 0.5890625 0.1 0.1609375
1 0.4234375 0.50859375 0.04375 0.0890625
0 0.23515625 0.75 0.0890625 0.11640625
0 0.69453125 0.54453125 0.0390625 0.05546875
0 0.3984375 0.63046875 0.053125 0.078125
0 0.39375 0.471875 0.028125 0.0390625
0 0.31015625 0.5234375 0.0421875 0.053125
0 0.34140625 0.56640625 0.0515625 0.06640625
0 0.5453125 0.45 0.025 0.04453125
0 0.621875 0.45546875 0.021875 0.03359375
0 0.3765625 0.44453125 0.01875 0.028125
0 0.58671875 0.40390625 0.0171875 0.03046875
0 0.4484375 0.465625 0.025 0.0359375
0 0.571875 0.43046875 0.01875 0.028125
0 0.43203125 0.38203125 0.0140625 0.01953125
0 0.41796875 0.3984375 0.0140625 0.01953125
0 0.46328125 0.4140625 0.0171875 0.021875
0 0.4515625 0.3859375 0.0125 0.021875
0 0.46953125 0.390625 0.0140625 0.01953125
0 0.52734375 0.38359375 0.0140625 0.021875
0 0.40625 0.3640625 0.00625 0.01640625
0 0.48515625 0.3609375 0.0140625 0.021875
0 0.534375 0.3359375 0.009375 0.01640625
0 0.540625 0.3640625 0.009375 0.01640625
0 0.52109375 0.365625 0.0078125 0.01953125
0 0.459375 0.35546875 0.009375 0.01640625
0 0.54140625 0.32890625 0.0078125 0.0140625
0 0.49375 0.3484375 0.009375 0.0140625
0 0.52578125 0.33203125 0.0078125 0.0140625
0 0.46484375 0.3625 0.0109375 0.0140625
0 0.475 0.353125 0.009375 0.01640625
0 0.53203125 0.3609375 0.0296875 0.071875