1 0.43828125 0.35546875 0.0203125 0.0390625
0 0.22265625 0.775 0.0984375 0.13359375
0 0.63359375 0.51953125 0.0390625 0.05546875
0 0.7484375 0.603125 0.059375 0.08359375
0 0.10703125 0.7375 0.1109375 0.125
0 0.40078125 0.62890625 0.0546875 0.075
0 0.5828125 0.4390625 0.021875 0.03359375
0 0.35 0.5484375 0.04375 0.05859375
0 0.3421875 0.484375 0.03125 0.04140625
0 0.371875 0.44609375 0.021875 0.03046875
0 0.434375 0.47890625 0.028125 0.0359375
0 0.45234375 0.44453125 0.0234375 0.028125
0 0.4015625 0.4609375 0.025 0.0390625
0 0.421875 0.43359375 0.021875 0.028125
0 0.5578125 0.37109375 0.009375 0.0140625
0 0.43515625 0.409375 0.0171875 0.025
0 0.5359375 0.359375 0.009375 0.0140625
0 0.41875 0.4 0.015625 0.021875
0 0.52109375 0.346875 0.0078125 0.0109375
0 0.4625 0.4 0.015625 0.03359375
0 0.43125 0.390625 0.015625 0.01953125
0 0.14921875 0.58359375 0.0171875 0.03359375
0 0.4734375 0.3140625 0.009375 0.01640625
0 0.47421875 0.390625 0.0109375 0.03046875
0 0.54765625 0.3484375 0.0078125 0.0140625
0 0.40703125 0.3640625 0.0046875 0.0109375
0 0.46171875 0.375 0.0109375 0.01640625
0 0.70234375 0.2890625 0.0109375 0.0109375