1 0.60546875 0.4109375 0.0390625 0.078125
1 0.4140625 0.396875 0.01875 0.03359375
1 0.565625 0.365625 0.021875 0.046875
0 0.2375 0.74140625 0.0875 0.1109375
0 0.6546875 0.51953125 0.040625 0.05546875
0 0.38203125 0.65546875 0.0609375 0.0890625
0 0.4375 0.50390625 0.034375 0.046875
0 0.390625 0.471875 0.028125 0.0390625
0 0.45390625 0.44140625 0.0234375 0.028125
0 0.36484375 0.459375 0.0234375 0.0359375
0 0.44140625 0.40546875 0.0171875 0.021875
0 0.525 0.3875 0.015625 0.01953125
0 0.55 0.390625 0.0125 0.01953125
0 0.578125 0.39609375 0.015625 0.01953125
0 0.46640625 0.396875 0.0171875 0.021875
0 0.53828125 0.3640625 0.0109375 0.01640625
0 0.47578125 0.38046875 0.0109375 0.01640625
0 0.4484375 0.36953125 0.009375 0.0109375
0 0.45625 0.378125 0.0125 0.01640625
0 0.5671875 0.38203125 0.015625 0.01953125
0 0.40703125 0.3625 0.0046875 0.0140625
0 0.465625 0.36796875 0.009375 0.0140625
0 0.6609375 0.528125 0.028125 0.03359375
0 0.48828125 0.35390625 0.0140625 0.01953125
0 0.50625 0.35546875 0.00625 0.01640625