1 0.43359375 0.3890625 0.0390625 0.078125
1 0.5453125 0.3375 0.009375 0.025
1 0.478125 0.340625 0.0125 0.03046875
0 0.61640625 0.515625 0.0359375 0.053125
0 0.2640625 0.578125 0.053125 0.06640625
0 0.43125 0.5140625 0.03125 0.05546875
0 0.94140625 0.86796875 0.1140625 0.1859375
0 0.46171875 0.4125 0.0171875 0.025
0 0.59296875 0.42109375 0.0171875 0.025
0 0.4078125 0.40859375 0.015625 0.021875
0 0.56015625 0.4125 0.0140625 0.025
0 0.54921875 0.37890625 0.0140625 0.01953125
0 0.5234375 0.378125 0.0125 0.021875
0 0.3671875 0.5234375 0.040625 0.053125
0 0.478125 0.3765625 0.0125 0.025
0 0.46640625 0.35859375 0.0140625 0.028125
0 0.40625 0.365625 0.00625 0.0140625
0 0.4515625 0.38203125 0.00625 0.03046875
0 0.47421875 0.3109375 0.0078125 0.01640625
0 0.6734375 0.334375 0.009375 0.00859375
0 0.4875 0.3640625 0.009375 0.01640625
0 0.45234375 0.3640625 0.0078125 0.01640625
0 0.4953125 0.353125 0.009375 0.01640625
0 0.53515625 0.3515625 0.0078125 0.0140625
0 0.40859375 0.3625 0.0109375 0.01953125
0 0.50546875 0.35390625 0.0046875 0.0140625
0 0.00625 0.878125 0.0125 0.23359375
0 0.00625 0.790625 0.0125 0.05859375
0 0.54453125 0.34453125 0.0078125 0.0109375