1 0.08515625 0.75390625 0.1703125 0.39140625
1 0.6 0.403125 0.04375 0.08359375
0 0.38984375 0.64453125 0.0546875 0.078125
0 0.30078125 0.64453125 0.0640625 0.078125
0 0.23125 0.625 0.065625 0.071875
0 0.29765625 0.946875 0.1203125 0.1
0 0.38359375 0.48046875 0.0328125 0.0390625
0 0.65 0.55546875 0.046875 0.078125
0 0.4390625 0.484375 0.028125 0.04140625
0 0.4109375 0.40546875 0.015625 0.021875
0 0.44765625 0.4375 0.0234375 0.03046875
0 0.55078125 0.390625 0.0140625 0.01953125
0 0.5234375 0.38359375 0.0125 0.01640625
0 0.44296875 0.3984375 0.0140625 0.01953125
0 0.56328125 0.378125 0.0109375 0.01640625
0 0.46640625 0.403125 0.0171875 0.028125
0 0.57578125 0.3984375 0.0078125 0.01953125
0 0.45390625 0.359375 0.0078125 0.0140625
0 0.4421875 0.371875 0.0125 0.01640625
0 0.52265625 0.359375 0.0109375 0.01953125
0 0.45390625 0.38046875 0.0109375 0.01640625
0 0.5359375 0.35859375 0.009375 0.01640625
0 0.47578125 0.3875 0.0109375 0.01953125
0 0.40703125 0.3625 0.0046875 0.0140625
0 0.503125 0.35859375 0.009375 0.01640625
0 0.49140625 0.3359375 0.0078125 0.01640625
0 0.54765625 0.328125 0.0078125 0.0109375
0 0.48359375 0.35859375 0.0109375 0.01640625
0 0.46328125 0.37109375 0.0078125 0.0140625
0 0.54921875 0.359375 0.0046875 0.0140625