1 0.3625 0.42890625 0.059375 0.103125
0 0.3015625 0.6265625 0.065625 0.075
0 0.13046875 0.73046875 0.1078125 0.128125
0 0.30546875 0.9234375 0.1109375 0.146875
0 0.38828125 0.678125 0.0546875 0.09453125
0 0.378125 0.5125 0.0375 0.046875
0 0.3015625 0.534375 0.040625 0.046875
0 0.44296875 0.465625 0.0265625 0.0359375
0 0.59296875 0.45 0.0234375 0.03359375
0 0.57734375 0.39609375 0.0109375 0.01953125
0 0.46015625 0.4265625 0.0171875 0.025
0 0.5625 0.415625 0.015625 0.025
0 0.54296875 0.378125 0.0109375 0.01640625
0 0.4203125 0.434375 0.021875 0.03046875
0 0.4078125 0.415625 0.015625 0.025
0 0.5234375 0.3859375 0.0125 0.021875
0 0.29296875 0.43046875 0.0140625 0.028125
0 0.43828125 0.40703125 0.0171875 0.01953125
0 0.634375 0.4640625 0.009375 0.0390625
0 0.45 0.390625 0.0125 0.01953125
0 0.43671875 0.38046875 0.0140625 0.021875
0 0.471875 0.396875 0.021875 0.028125
0 0.4484375 0.3640625 0.009375 0.01640625
0 0.49921875 0.33203125 0.0109375 0.0140625
0 0.40703125 0.3640625 0.0078125 0.01640625
0 0.63359375 0.453125 0.0078125 0.01640625
0 0.5875 0.4359375 0.015625 0.021875
0 0.5546875 0.4375 0.009375 0.01953125
0 0.4796875 0.375 0.0125 0.01640625
0 0.4640625 0.36640625 0.0125 0.01640625
0 0.54296875 0.40859375 0.0078125 0.01640625
0 0.42109375 0.39609375 0.0140625 0.01953125
0 0.53671875 0.359375 0.0109375 0.0140625
0 0.475 0.35546875 0.009375 0.01640625