1 0.6375 0.4390625 0.065625 0.1109375
1 0.409375 0.3875 0.034375 0.0640625
1 0.56875 0.39609375 0.034375 0.08046875
0 0.29921875 0.95 0.1140625 0.09453125
0 0.1875 0.65 0.09375 0.10546875
0 0.37890625 0.70546875 0.0703125 0.1109375
0 0.603125 0.53046875 0.0375 0.05546875
0 0.4078125 0.6 0.04375 0.071875
0 0.4296875 0.525 0.03125 0.05
0 0.3203125 0.50546875 0.034375 0.04453125
0 0.5328125 0.40390625 0.015625 0.03046875
0 0.44765625 0.4765625 0.0265625 0.0359375
0 0.3453125 0.55 0.046875 0.071875
0 0.3734375 0.52109375 0.03125 0.053125
0 0.43203125 0.38203125 0.0109375 0.01953125
0 0.39140625 0.43046875 0.0171875 0.028125
0 0.39296875 0.48203125 0.0265625 0.05859375
0 0.3796875 0.44453125 0.021875 0.028125
0 0.521875 0.3734375 0.0125 0.01953125
0 0.409375 0.45390625 0.021875 0.03046875
0 0.46484375 0.41953125 0.0171875 0.028125
0 0.4484375 0.43203125 0.01875 0.03046875
0 0.5546875 0.371875 0.021875 0.03359375
0 0.41875 0.4390625 0.021875 0.028125
0 0.42890625 0.428125 0.0171875 0.028125
0 0.4625 0.36796875 0.009375 0.0140625
0 0.4421875 0.40703125 0.015625 0.025
0 0.3765625 0.5 0.01875 0.021875
0 0.453125 0.3890625 0.009375 0.01640625
0 0.39140625 0.46796875 0.0234375 0.03046875
0 0.4484375 0.390625 0.0125 0.01953125
0 0.4671875 0.39609375 0.0125 0.01953125
0 0.5484375 0.3765625 0.009375 0.025