1 0.41484375 0.40546875 0.0546875 0.0890625
0 0.38359375 0.696875 0.0640625 0.09453125
0 0.64296875 0.753125 0.0734375 0.15
0 0.2203125 0.61953125 0.071875 0.0890625
0 0.32265625 0.60859375 0.0609375 0.0890625
0 0.35 0.475 0.028125 0.0390625
0 0.44375 0.4765625 0.025 0.0359375
0 0.61171875 0.5015625 0.0328125 0.046875
0 0.64921875 0.490625 0.0328125 0.04140625
0 0.396875 0.48046875 0.028125 0.0390625
0 0.3859375 0.43359375 0.01875 0.028125
0 0.55078125 0.45703125 0.0234375 0.04140625
0 0.459375 0.42890625 0.01875 0.025
0 0.53515625 0.40703125 0.0171875 0.03046875
0 0.55234375 0.390625 0.0140625 0.025
0 0.59140625 0.4359375 0.0234375 0.028125
0 0.5875 0.4125 0.015625 0.025
0 0.525 0.375 0.0125 0.021875
0 0.46171875 0.40859375 0.0171875 0.021875
0 0.5703125 0.384375 0.0125 0.01953125
0 0.4734375 0.39296875 0.0125 0.01953125
0 0.50390625 0.35703125 0.0109375 0.01953125
0 0.41015625 0.3609375 0.0140625 0.01640625
0 0.5578125 0.365625 0.009375 0.0140625
0 0.465625 0.35 0.009375 0.01640625
0 0.4765625 0.37890625 0.0125 0.0140625
0 0.45859375 0.3765625 0.0078125 0.01953125
0 0.5375 0.365625 0.009375 0.0140625