1 0.11875 0.81796875 0.2375 0.35859375
1 0.44609375 0.37890625 0.0296875 0.0640625
0 0.665625 0.59609375 0.05 0.075
0 0.33515625 0.56796875 0.0453125 0.05859375
0 0.66171875 0.496875 0.0328125 0.04453125
0 0.584375 0.446875 0.021875 0.03359375
0 0.38046875 0.7015625 0.0671875 0.096875
0 0.44296875 0.4859375 0.0265625 0.0390625
0 0.3453125 0.478125 0.034375 0.04453125
0 0.565625 0.38046875 0.0125 0.021875
0 0.5328125 0.4 0.015625 0.021875
0 0.45390625 0.44609375 0.0203125 0.03046875
0 0.3734375 0.4515625 0.01875 0.03046875
0 0.403125 0.4140625 0.015625 0.021875
0 0.43046875 0.42109375 0.0171875 0.025
0 0.46640625 0.40546875 0.0140625 0.021875
0 0.38828125 0.4765625 0.0328125 0.053125
0 0.53515625 0.35390625 0.0078125 0.0140625
0 0.4765625 0.37890625 0.0125 0.01953125
0 0.41875 0.39609375 0.0125 0.01953125
0 0.428125 0.3890625 0.009375 0.021875
0 0.553125 0.3640625 0.00625 0.0109375
0 0.40703125 0.3640625 0.0046875 0.0109375
0 0.4421875 0.396875 0.015625 0.028125
0 0.50546875 0.35703125 0.0078125 0.0140625
0 0.5203125 0.353125 0.00625 0.0109375
0 0.48515625 0.36640625 0.0109375 0.01640625
0 0.48125 0.346875 0.009375 0.0109375
0 0.4609375 0.3765625 0.00625 0.0140625
0 0.54609375 0.353125 0.0078125 0.0109375