1 0.6265625 0.43046875 0.05625 0.10546875
1 0.4359375 0.37109375 0.021875 0.04140625
1 0.4796875 0.340625 0.015625 0.03046875
1 0.3125 0.82109375 0.125 0.25859375
1 0.46171875 0.328125 0.0171875 0.028125
0 0.28671875 0.665625 0.0703125 0.09140625
0 0.42109375 0.54140625 0.0421875 0.05546875
0 0.60625 0.63046875 0.05 0.0890625
0 0.365625 0.515625 0.0375 0.05859375
0 0.39296875 0.425 0.0203125 0.028125
0 0.38359375 0.46953125 0.0296875 0.0390625
0 0.578125 0.4 0.015625 0.021875
0 0.428125 0.41640625 0.01875 0.03359375
0 0.46171875 0.40859375 0.0171875 0.021875
0 0.47421875 0.3859375 0.0140625 0.01640625
0 0.54453125 0.38046875 0.0109375 0.01640625
0 0.45234375 0.384375 0.0109375 0.01953125
0 0.5359375 0.346875 0.009375 0.01640625
0 0.48515625 0.35859375 0.0109375 0.01640625
0 0.4671875 0.365625 0.009375 0.0140625
0 0.5515625 0.403125 0.015625 0.021875
0 0.41875 0.396875 0.0125 0.021875
0 0.55390625 0.36640625 0.0046875 0.0109375
0 0.40625 0.3625 0.00625 0.0140625
0 0.521875 0.3515625 0.00625 0.0140625
0 0.50546875 0.35703125 0.0078125 0.0140625
0 0.56484375 0.353125 0.0046875 0.0109375
0 0.52265625 0.3609375 0.0109375 0.01640625
0 0.5015625 0.34296875 0.00625 0.0140625
0 0.0046875 0.240625 0.009375 0.025