1 0.32890625 0.4609375 0.0828125 0.14453125
1 0.56796875 0.37109375 0.0234375 0.046875
1 0.39453125 0.40390625 0.0265625 0.0640625
0 0.140625 0.89140625 0.13125 0.15546875
0 0.77109375 0.640625 0.0671875 0.09140625
0 0.1609375 0.6875 0.08125 0.09140625
0 0.42265625 0.546875 0.0359375 0.05546875
0 0.63125 0.5515625 0.040625 0.0640625
0 0.446875 0.4609375 0.025 0.0390625
0 0.365625 0.525 0.040625 0.05
0 0.58203125 0.4625 0.0265625 0.04140625
0 0.390625 0.4859375 0.028125 0.0390625
0 0.6296875 0.46953125 0.025 0.0390625
0 0.4078125 0.4515625 0.025 0.0359375
0 0.53359375 0.40859375 0.0171875 0.028125
0 0.4625 0.41796875 0.015625 0.025
0 0.4296875 0.41953125 0.015625 0.028125
0 0.44296875 0.39453125 0.0140625 0.021875
0 0.41953125 0.39296875 0.0140625 0.025
0 0.44140625 0.371875 0.0109375 0.01640625
0 0.3953125 0.42109375 0.021875 0.03046875
0 0.46953125 0.396875 0.0140625 0.021875
0 0.571875 0.359375 0.015625 0.01953125
0 0.36875 0.3265625 0.0125 0.0140625
0 0.55234375 0.40390625 0.0140625 0.025
0 0.52578125 0.384375 0.0140625 0.01953125
0 0.50546875 0.35546875 0.0078125 0.01640625
0 0.40703125 0.3625 0.0046875 0.0140625
0 0.54765625 0.35703125 0.0109375 0.01953125
0 0.390625 0.425 0.0125 0.021875
0 0.46171875 0.375 0.0109375 0.01640625
0 0.56875 0.38046875 0.01875 0.028125
0 0.43203125 0.34453125 0.0140625 0.01640625
0 0.45546875 0.3625 0.0109375 0.0140625
0 0.5296875 0.3859375 0.009375 0.01640625
0 0.490625 0.33046875 0.00625 0.0109375
0 0.546875 0.3859375 0.0125 0.01640625