1 0.175 0.7125 0.146875 0.2140625
1 0.415625 0.38203125 0.03125 0.05859375
1 0.12421875 0.8015625 0.2484375 0.39140625
1 0.44609375 0.38046875 0.0265625 0.05546875
1 0.09453125 0.88203125 0.1890625 0.23046875
1 0.48515625 0.33359375 0.0109375 0.028125
0 0.403125 0.62109375 0.05 0.06953125
0 0.78984375 0.6609375 0.0703125 0.1
0 0.353125 0.47109375 0.03125 0.04140625
0 0.571875 0.53359375 0.034375 0.05546875
0 0.3109375 0.60703125 0.059375 0.0859375
0 0.2875 0.978125 0.1 0.0390625
0 0.39609375 0.4765625 0.0265625 0.04140625
0 0.43515625 0.48203125 0.0265625 0.04140625
0 0.2296875 0.6125 0.05625 0.0640625
0 0.42109375 0.43359375 0.0234375 0.03359375
0 0.5453125 0.44296875 0.021875 0.03046875
0 0.5625 0.40859375 0.015625 0.021875
0 0.56328125 0.38046875 0.0109375 0.01640625
0 0.4484375 0.45546875 0.021875 0.03359375
0 0.46484375 0.40859375 0.0171875 0.021875
0 0.52734375 0.3734375 0.0140625 0.025
0 0.471875 0.3890625 0.0125 0.021875
0 0.55 0.35859375 0.009375 0.01640625
0 0.45546875 0.43359375 0.0203125 0.028125
0 0.48203125 0.36953125 0.0109375 0.01640625
0 0.2015625 0.8890625 0.0875 0.21640625
0 0.471875 0.35703125 0.009375 0.0140625
0 0.490625 0.35859375 0.009375 0.01640625
0 0.52265625 0.34453125 0.0078125 0.0109375
0 0.51953125 0.3625 0.0078125 0.0140625
0 0.53671875 0.334375 0.0078125 0.0140625
0 0.50546875 0.35703125 0.0078125 0.0140625
0 0.41328125 0.40546875 0.0203125 0.01640625
0 0.45859375 0.38359375 0.0046875 0.01640625