1 0.38125 0.4140625 0.05 0.08359375
0 0.11328125 0.746875 0.1046875 0.10546875
0 0.66796875 0.6015625 0.0484375 0.075
0 0.4078125 0.59453125 0.04375 0.06640625
0 0.3046875 0.93203125 0.125 0.13046875
0 0.31953125 0.61640625 0.0578125 0.078125
0 0.578125 0.4375 0.021875 0.03046875
0 0.37890625 0.503125 0.0328125 0.04453125
0 0.53984375 0.44453125 0.0203125 0.03359375
0 0.4390625 0.484375 0.028125 0.04140625
0 0.428125 0.425 0.01875 0.028125
0 0.45234375 0.44609375 0.0203125 0.03046875
0 0.40078125 0.4640625 0.0234375 0.03359375
0 0.546875 0.384375 0.0125 0.01953125
0 0.434375 0.37890625 0.0125 0.01953125
0 0.44453125 0.39609375 0.0140625 0.01953125
0 0.46796875 0.3984375 0.0140625 0.025
0 0.52734375 0.39609375 0.0109375 0.01953125
0 0.5203125 0.365625 0.0125 0.0140625
0 0.55625 0.346875 0.0125 0.01640625
0 0.4578125 0.3765625 0.0125 0.01953125
0 0.4625 0.4125 0.015625 0.025
0 0.53359375 0.35859375 0.0109375 0.028125
0 0.47578125 0.38203125 0.0109375 0.01953125
0 0.52890625 0.33046875 0.0078125 0.0109375
0 0.44609375 0.37109375 0.0109375 0.01953125
0 0.52265625 0.38203125 0.0140625 0.01953125
0 0.53515625 0.365625 0.0078125 0.0140625