1 0.0859375 0.765625 0.171875 0.41953125
1 0.8734375 0.7140625 0.25 0.44453125
1 0.60390625 0.40703125 0.0421875 0.08046875
1 0.565625 0.37109375 0.021875 0.04140625
0 0.34609375 0.7890625 0.0921875 0.1390625
0 0.4359375 0.5125 0.034375 0.046875
0 0.290625 0.54140625 0.04375 0.05546875
0 0.7484375 0.7234375 0.078125 0.11953125
0 0.3640625 0.534375 0.0375 0.053125
0 0.68828125 0.9109375 0.1171875 0.171875
0 0.56953125 0.52109375 0.0328125 0.053125
0 0.359375 0.4640625 0.025 0.03359375
0 0.4140625 0.4484375 0.01875 0.03046875
0 0.58359375 0.44453125 0.0234375 0.03359375
0 0.53984375 0.4375 0.0203125 0.03046875
0 0.64140625 0.46640625 0.0296875 0.05
0 0.42109375 0.39609375 0.0140625 0.025
0 0.4578125 0.42109375 0.01875 0.03046875
0 0.47109375 0.403125 0.0140625 0.021875
0 0.478125 0.375 0.009375 0.01640625
0 0.5578125 0.40390625 0.015625 0.025
0 0.57578125 0.39609375 0.0140625 0.01953125
0 0.5265625 0.390625 0.015625 0.01953125
0 0.44921875 0.390625 0.0140625 0.01953125
0 0.44140625 0.371875 0.0109375 0.01640625
0 0.48671875 0.353125 0.0140625 0.028125
0 0.50546875 0.35546875 0.0078125 0.01640625
0 0.64140625 0.45 0.0171875 0.021875
0 0.54375 0.34453125 0.009375 0.0109375
0 0.40703125 0.3625 0.0046875 0.0140625
0 0.75859375 0.6265625 0.0171875 0.0359375
0 0.475 0.3109375 0.0125 0.021875
0 0.45703125 0.378125 0.0109375 0.01640625
0 0.4765625 0.35703125 0.009375 0.0140625
0 0.5046875 0.878125 0.134375 0.2390625
0 0.46328125 0.36953125 0.0078125 0.01640625
0 0.5234375 0.371875 0.0125 0.01640625
0 0.7 0.290625 0.021875 0.0140625