1 0.08125 0.87109375 0.1625 0.253125
1 0.596875 0.4015625 0.0375 0.075
0 0.3515625 0.80703125 0.0875 0.1359375
0 0.365625 0.52890625 0.040625 0.046875
0 0.2421875 0.74296875 0.090625 0.1140625
0 0.97578125 0.90390625 0.0453125 0.1359375
0 0.16328125 0.6875 0.0859375 0.09140625
0 0.434375 0.49453125 0.028125 0.0390625
0 0.45390625 0.4375 0.0203125 0.03046875
0 0.5546875 0.459375 0.025 0.0359375
0 0.55703125 0.40859375 0.0171875 0.028125
0 0.4375 0.40546875 0.015625 0.021875
0 0.52890625 0.3859375 0.0140625 0.021875
0 0.40546875 0.4125 0.0234375 0.025
0 0.5546875 0.365625 0.0125 0.01953125
0 0.46484375 0.40703125 0.0171875 0.025
0 0.44375 0.37109375 0.0125 0.01953125
0 0.4765625 0.37890625 0.0125 0.01953125
0 0.45703125 0.375 0.0140625 0.021875
0 0.57421875 0.39453125 0.0078125 0.021875
0 0.40703125 0.3625 0.0046875 0.0140625
0 0.53359375 0.34609375 0.0078125 0.0140625
0 0.4109375 0.409375 0.015625 0.025
0 0.53828125 0.3625 0.0109375 0.0140625
0 0.52109375 0.3609375 0.0109375 0.01640625
0 0.48203125 0.3640625 0.0109375 0.01640625
0 0.52109375 0.34296875 0.0078125 0.0140625