1 0.41953125 0.43359375 0.0234375 0.0390625
0 0.11796875 0.75 0.1046875 0.1109375
0 0.36015625 0.7640625 0.0796875 0.11640625
0 0.6875 0.521875 0.0375 0.05546875
0 0.746875 0.715625 0.075 0.1140625
0 0.3375 0.49609375 0.03125 0.04140625
0 0.3 0.64453125 0.065625 0.08359375
0 0.44296875 0.471875 0.0265625 0.04453125
0 0.25703125 0.5890625 0.0578125 0.06640625
0 0.56796875 0.5109375 0.0359375 0.05546875
0 0.38671875 0.49296875 0.0359375 0.04140625
0 0.54296875 0.43203125 0.0203125 0.03046875
0 0.3859375 0.43359375 0.01875 0.028125
0 0.77890625 0.9265625 0.1671875 0.14140625
0 0.46015625 0.43046875 0.0203125 0.028125
0 0.61171875 0.49296875 0.0328125 0.053125
0 0.409375 0.409375 0.0125 0.025
0 0.5796875 0.396875 0.015625 0.021875
0 0.40625 0.3640625 0.00625 0.01640625
0 0.60859375 0.4390625 0.0203125 0.028125
0 0.47421875 0.3140625 0.0078125 0.01640625
0 0.4265625 0.3890625 0.015625 0.01640625
0 0.5515625 0.4015625 0.015625 0.01953125
0 0.5921875 0.41796875 0.015625 0.025
0 0.54375 0.38203125 0.0125 0.0140625
0 0.42890625 0.41640625 0.0203125 0.028125
0 0.4453125 0.36796875 0.0125 0.01953125
0 0.4671875 0.40546875 0.015625 0.021875
0 0.615625 0.44296875 0.00625 0.01953125
0 0.44765625 0.39296875 0.0140625 0.01953125
0 0.703125 0.29140625 0.0125 0.0109375
0 0.46484375 0.36953125 0.0109375 0.01640625
0 0.5203125 0.35859375 0.009375 0.01640625
0 0.45625 0.37890625 0.009375 0.01953125
0 0.61015625 0.4859375 0.0203125 0.0390625
0 0.4734375 0.3109375 0.00625 0.0109375