1 0.22890625 0.60390625 0.0765625 0.103125
0 0.41015625 0.596875 0.0484375 0.06640625
0 0.75078125 0.721875 0.0890625 0.11640625
0 0.1578125 0.9 0.121875 0.15546875
0 0.34375 0.4859375 0.034375 0.0390625
0 0.6703125 0.51953125 0.0375 0.05
0 0.29609375 0.9140625 0.1234375 0.16640625
0 0.74375 0.603125 0.059375 0.06640625
0 0.0453125 0.85 0.090625 0.221875
0 0.54453125 0.4515625 0.0234375 0.0359375
0 0.571875 0.4234375 0.01875 0.03046875
0 0.44140625 0.484375 0.0296875 0.04140625
0 0.40859375 0.45859375 0.0234375 0.03359375
0 0.40625 0.415625 0.015625 0.025
0 0.3828125 0.4390625 0.025 0.0390625
0 0.44765625 0.4515625 0.0265625 0.03046875
0 0.56171875 0.378125 0.0109375 0.01640625
0 0.425 0.41953125 0.01875 0.028125
0 0.40625 0.365625 0.00625 0.0140625
0 0.44375 0.396875 0.0125 0.021875
0 0.4640625 0.4125 0.01875 0.025
0 0.4234375 0.39296875 0.0125 0.01953125
0 0.43828125 0.38046875 0.0109375 0.01640625
0 0.52265625 0.35859375 0.0109375 0.01640625
0 0.446875 0.37109375 0.009375 0.0140625
0 0.5515625 0.36796875 0.0125 0.01953125
0 0.69765625 0.290625 0.0171875 0.0140625
0 0.45703125 0.38046875 0.0140625 0.01640625
0 0.46953125 0.39140625 0.0140625 0.01640625
0 0.46640625 0.365625 0.0109375 0.0140625
0 0.53203125 0.39296875 0.0140625 0.01953125