1 0.34609375 0.50546875 0.1015625 0.18359375
0 0.4140625 0.59609375 0.046875 0.075
0 0.27734375 0.965625 0.1203125 0.0640625
0 0.165625 0.696875 0.09375 0.1
0 0.91796875 0.95546875 0.1265625 0.08359375
0 0.25 0.5875 0.053125 0.06953125
0 0.61171875 0.5140625 0.0359375 0.05546875
0 0.45546875 0.43203125 0.0171875 0.03046875
0 0.58671875 0.40390625 0.0171875 0.03046875
0 0.52890625 0.396875 0.0171875 0.021875
0 0.56953125 0.415625 0.0171875 0.03046875
0 0.2140625 0.7609375 0.1125 0.14453125
0 0.4078125 0.45859375 0.021875 0.03359375
0 0.296875 0.515625 0.009375 0.04140625
0 0.44296875 0.465625 0.0328125 0.06953125
0 0.41953125 0.39296875 0.0140625 0.01953125
0 0.428125 0.425 0.01875 0.028125
0 0.4375 0.3765625 0.0125 0.01953125
0 0.47265625 0.384375 0.0140625 0.01953125
0 0.45625 0.38046875 0.0125 0.01640625
0 0.396875 0.41640625 0.015625 0.021875
0 0.52265625 0.36796875 0.0109375 0.01953125
0 0.55859375 0.36953125 0.0109375 0.01640625
0 0.40703125 0.3640625 0.0046875 0.0109375
0 0.06171875 0.99140625 0.0921875 0.0109375
0 0.54296875 0.334375 0.0078125 0.0140625
0 0.48515625 0.365625 0.0109375 0.0140625
0 0.534375 0.359375 0.009375 0.0140625
0 0.50078125 0.3390625 0.0078125 0.01640625
0 0.5484375 0.35546875 0.009375 0.01640625
0 0.55625 0.37109375 0.00625 0.0140625
0 0.39296875 0.48046875 0.0078125 0.05
0 0.5609375 0.36953125 0.00625 0.01640625