1 0.2828125 0.60859375 0.146875 0.2390625
1 0.3140625 0.4640625 0.08125 0.0890625
1 0.44609375 0.3765625 0.0265625 0.053125
0 0.33359375 0.8734375 0.1015625 0.15859375
0 0.8828125 0.75859375 0.10625 0.15546875
0 0.725 0.575 0.05 0.06640625
0 0.07734375 0.95 0.1546875 0.09453125
0 0.39375 0.634375 0.053125 0.08046875
0 0.634375 0.46640625 0.028125 0.04453125
0 0.59375 0.471875 0.03125 0.0390625
0 0.38359375 0.5 0.0328125 0.04453125
0 0.4296875 0.50390625 0.03125 0.046875
0 0.4453125 0.4609375 0.025 0.03359375
0 0.57734375 0.396875 0.0140625 0.021875
0 0.39609375 0.41640625 0.0171875 0.028125
0 0.41640625 0.440625 0.0234375 0.03046875
0 0.5390625 0.41640625 0.01875 0.028125
0 0.43359375 0.415625 0.0171875 0.025
0 0.45546875 0.421875 0.0203125 0.028125
0 0.47734375 0.3859375 0.0140625 0.01640625
0 0.40625 0.3640625 0.00625 0.01640625
0 0.5515625 0.4015625 0.015625 0.01953125
0 0.54609375 0.38203125 0.0109375 0.0140625
0 0.4265625 0.390625 0.0125 0.01953125
0 0.52578125 0.3875 0.0140625 0.01953125
0 0.25625 0.6265625 0.0375 0.053125
0 0.47265625 0.3125 0.0078125 0.0140625
0 0.52109375 0.34609375 0.0078125 0.0140625
0 0.35 0.534375 0.0125 0.05859375
0 0.46484375 0.36796875 0.0109375 0.01953125
0 0.4671875 0.403125 0.0125 0.021875
0 0.52578125 0.36796875 0.0109375 0.0140625
0 0.5484375 0.325 0.00625 0.0109375
0 0.55 0.359375 0.009375 0.0140625
0 0.48515625 0.3625 0.0109375 0.0140625
0 0.44375 0.39296875 0.015625 0.01953125