1 0.1015625 0.7375 0.203125 0.44140625
1 0.31875 0.5375 0.125 0.23046875
1 0.634375 0.45703125 0.034375 0.0640625
0 0.42890625 0.509375 0.0328125 0.046875
0 0.63828125 0.721875 0.0734375 0.128125
0 0.4546875 0.45 0.021875 0.03359375
0 0.284375 0.97109375 0.1125 0.053125
0 0.4 0.4625 0.028125 0.0359375
0 0.6078125 0.43046875 0.01875 0.028125
0 0.40703125 0.40703125 0.0171875 0.025
0 0.60078125 0.475 0.0265625 0.04453125
0 0.44140625 0.40390625 0.0140625 0.025
0 0.578125 0.3984375 0.0125 0.01953125
0 0.53203125 0.40390625 0.0171875 0.025
0 0.38046875 0.44609375 0.0109375 0.03046875
0 0.53984375 0.45 0.0203125 0.028125
0 0.46875 0.396875 0.0125 0.021875
0 0.45234375 0.3859375 0.0140625 0.021875
0 0.40625 0.3640625 0.00625 0.01640625
0 0.5453125 0.37890625 0.015625 0.01953125
0 0.5234375 0.3765625 0.0125 0.01953125
0 0.4515625 0.3640625 0.009375 0.01640625
0 0.47421875 0.3109375 0.0109375 0.01640625
0 0.53359375 0.346875 0.0078125 0.01640625
0 0.55546875 0.3625 0.0140625 0.01953125
0 0.4765625 0.3765625 0.0125 0.01953125
0 0.15625 0.725 0.08125 0.11640625
0 0.025 0.90390625 0.05 0.1140625
0 0.37578125 0.521875 0.0109375 0.071875