1 0.57890625 0.41796875 0.0453125 0.096875
0 0.18828125 0.64140625 0.0796875 0.09453125
0 0.33984375 0.78359375 0.0859375 0.13359375
0 0.97109375 0.9109375 0.0546875 0.1609375
0 0.321875 0.603125 0.053125 0.06640625
0 0.72578125 0.578125 0.0484375 0.06640625
0 0.65859375 0.77890625 0.0953125 0.175
0 0.296875 0.54609375 0.040625 0.046875
0 0.73203125 0.70703125 0.0796875 0.1359375
0 0.4203125 0.53359375 0.0375 0.05546875
0 0.6765625 0.52109375 0.0375 0.053125
0 0.6390625 0.48046875 0.028125 0.0390625
0 0.35625 0.47109375 0.028125 0.0359375
0 0.4546875 0.44296875 0.01875 0.03046875
0 0.43671875 0.4875 0.0265625 0.04140625
0 0.38515625 0.490625 0.0328125 0.04140625
0 0.465625 0.4109375 0.015625 0.021875
0 0.546875 0.45859375 0.025 0.0390625
0 0.43203125 0.4125 0.0171875 0.025
0 0.4 0.41796875 0.01875 0.025
0 0.375 0.44140625 0.021875 0.03359375
0 0.40234375 0.459375 0.0203125 0.03046875
0 0.47421875 0.38359375 0.0140625 0.01640625
0 0.60703125 0.4390625 0.0171875 0.028125
0 0.5296875 0.4015625 0.015625 0.025
0 0.44921875 0.3890625 0.0140625 0.021875
0 0.40625 0.3640625 0.00625 0.01640625
0 0.4890625 0.35703125 0.009375 0.0140625
0 0.58046875 0.4484375 0.0328125 0.0359375
0 0.4890625 0.3515625 0.009375 0.025
0 0.54921875 0.39453125 0.0171875 0.028125
0 0.525 0.38046875 0.0125 0.021875
0 0.70390625 0.290625 0.0140625 0.0140625
0 0.46171875 0.375 0.0109375 0.01640625
0 0.4421875 0.378125 0.009375 0.01640625
0 0.5375 0.3625 0.009375 0.0140625
0 0.55078125 0.365625 0.0140625 0.01953125
0 0.51953125 0.353125 0.0078125 0.01640625
0 0.475 0.35703125 0.00625 0.0140625
0 0.5453125 0.4390625 0.015625 0.01640625
0 0.54921875 0.340625 0.0078125 0.0140625