1 0.22109375 0.546875 0.1765625 0.26640625
0 0.653125 0.49296875 0.028125 0.04140625
0 0.59921875 0.61640625 0.0515625 0.1
0 0.546875 0.48359375 0.028125 0.04453125
0 0.5796875 0.4 0.0125 0.021875
0 0.43125 0.51796875 0.03125 0.046875
0 0.3703125 0.51953125 0.0375 0.05
0 0.44765625 0.459375 0.0234375 0.03046875
0 0.34453125 0.484375 0.0296875 0.04140625
0 0.41328125 0.45390625 0.0203125 0.03046875
0 0.528125 0.390625 0.015625 0.025
0 0.55859375 0.409375 0.0171875 0.025
0 0.46484375 0.4125 0.0171875 0.025
0 0.38671875 0.4375 0.0203125 0.03046875
0 0.42890625 0.4234375 0.0171875 0.025
0 0.4015625 0.41640625 0.01875 0.021875
0 0.4375 0.3765625 0.0125 0.01953125
0 0.52109375 0.3515625 0.0109375 0.01953125
0 0.40625 0.3640625 0.00625 0.01640625
0 0.45390625 0.390625 0.0140625 0.025
0 0.4734375 0.3875 0.0125 0.01953125
0 0.4375 0.40390625 0.015625 0.025
0 0.3015625 0.48046875 0.015625 0.05
0 0.2796875 0.58203125 0.0125 0.03046875
0 0.4859375 0.3484375 0.01875 0.025
0 0.55390625 0.3640625 0.0078125 0.01640625
0 0.7 0.290625 0.021875 0.0140625
0 0.4625 0.36796875 0.009375 0.01953125
0 0.45390625 0.365625 0.0078125 0.0140625
0 0.52890625 0.33359375 0.0140625 0.01640625
0 0.48125 0.37109375 0.009375 0.0140625
0 0.546875 0.35390625 0.009375 0.0140625
0 0.5453125 0.38203125 0.009375 0.0140625
0 0.30625 0.490625 0.009375 0.025