1 0.40625 0.39453125 0.0375 0.0890625
0 0.2046875 0.63046875 0.065625 0.078125
0 0.2890625 0.92890625 0.11875 0.1359375
0 0.40390625 0.62890625 0.0546875 0.075
0 0.3296875 0.6015625 0.05625 0.075
0 0.6203125 0.45 0.021875 0.03359375
0 0.38515625 0.496875 0.0359375 0.04453125
0 0.36015625 0.4625 0.0265625 0.0359375
0 0.55234375 0.46953125 0.0234375 0.0390625
0 0.14921875 0.896875 0.1359375 0.18359375
0 0.39453125 0.425 0.0171875 0.028125
0 0.54296875 0.42890625 0.0203125 0.03046875
0 0.43828125 0.465625 0.0265625 0.05859375
0 0.55546875 0.396875 0.0140625 0.021875
0 0.56484375 0.38359375 0.0109375 0.01640625
0 0.45546875 0.4359375 0.0203125 0.028125
0 0.428125 0.3875 0.009375 0.01953125
0 0.43359375 0.41640625 0.0140625 0.021875
0 0.4703125 0.396875 0.0125 0.021875
0 0.44765625 0.365625 0.0109375 0.0140625
0 0.4453125 0.3984375 0.015625 0.03046875
0 0.46171875 0.375 0.0140625 0.01640625
0 0.4625 0.4125 0.015625 0.025
0 0.48203125 0.3734375 0.0109375 0.0140625
0 0.4734375 0.3109375 0.009375 0.01640625
0 0.53671875 0.35859375 0.0078125 0.0109375
0 0.51640625 0.321875 0.0046875 0.0109375
0 0.50546875 0.35546875 0.0078125 0.01640625
0 0.4890625 0.359375 0.009375 0.0140625
0 0.525 0.33359375 0.00625 0.0109375
0 0.459375 0.35703125 0.009375 0.0140625
0 0.53125 0.3375 0.00625 0.0140625
0 0.54375 0.34296875 0.00625 0.0140625
0 0.53515625 0.37109375 0.0109375 0.01953125