1 0.44921875 0.35546875 0.0203125 0.0390625
0 0.3828125 0.69140625 0.06875 0.10546875
0 0.28671875 0.55546875 0.0484375 0.05546875
0 0.384375 0.490625 0.03125 0.04140625
0 0.31328125 0.621875 0.0578125 0.071875
0 0.603125 0.47890625 0.028125 0.04140625
0 0.440625 0.4875 0.028125 0.04140625
0 0.1265625 0.9390625 0.15 0.11640625
0 0.35 0.4765625 0.028125 0.0359375
0 0.584375 0.40703125 0.015625 0.025
0 0.56484375 0.375 0.0109375 0.01640625
0 0.4265625 0.425 0.01875 0.028125
0 0.5453125 0.38203125 0.0125 0.01953125
0 0.471875 0.3859375 0.0125 0.01640625
0 0.409375 0.40390625 0.015625 0.025
0 0.4546875 0.37890625 0.0125 0.01953125
0 0.44296875 0.4 0.0140625 0.021875
0 0.8859375 0.778125 0.0375 0.1
0 0.4328125 0.38359375 0.0125 0.01640625
0 0.4078125 0.3625 0.00625 0.0140625
0 0.47890625 0.36953125 0.0109375 0.01640625
0 0.52421875 0.37109375 0.0109375 0.0140625
0 0.1703125 0.91640625 0.0625 0.071875
0 0.4953125 0.3484375 0.009375 0.0140625
0 0.4640625 0.36796875 0.009375 0.0140625
0 0.53671875 0.3609375 0.0078125 0.0109375
0 0.50703125 0.35703125 0.0078125 0.0140625
0 0.47578125 0.34609375 0.0078125 0.0140625