0 0.2609375 0.7109375 0.08125 0.1109375
0 0.3421875 0.8390625 0.096875 0.1609375
0 0.87421875 0.76640625 0.0984375 0.1390625
0 0.35390625 0.5484375 0.0390625 0.05859375
0 0.690625 0.534375 0.04375 0.05859375
0 0.59140625 0.5734375 0.0484375 0.09140625
0 0.39453125 0.4859375 0.0296875 0.0390625
0 0.35 0.46640625 0.03125 0.0390625
0 0.29453125 0.54140625 0.0453125 0.0609375
0 0.43984375 0.48359375 0.0265625 0.0390625
0 0.6375 0.54609375 0.04375 0.0640625
0 0.56640625 0.415625 0.0203125 0.03046875
0 0.55 0.45703125 0.025 0.0359375
0 0.41640625 0.440625 0.0234375 0.03046875
0 0.45703125 0.4359375 0.0234375 0.028125
0 0.56015625 0.371875 0.0109375 0.01640625
0 0.10234375 0.365625 0.0140625 0.01953125
0 0.4671875 0.40390625 0.015625 0.01953125
0 0.121875 0.3265625 0.009375 0.00859375
0 0.528125 0.396875 0.01875 0.04453125
0 0.43828125 0.40546875 0.0171875 0.021875
0 0.4234375 0.39140625 0.0125 0.021875
0 0.55546875 0.3625 0.0078125 0.0140625
0 0.41328125 0.40546875 0.0109375 0.021875
0 0.40703125 0.3625 0.0046875 0.0140625
0 0.475 0.38359375 0.0125 0.01640625
0 0.43515625 0.378125 0.0109375 0.01640625
0 0.52265625 0.3640625 0.0109375 0.01640625
0 0.540625 0.36796875 0.009375 0.0140625
0 0.44765625 0.390625 0.0140625 0.01953125
0 0.4640625 0.3640625 0.009375 0.01640625
0 0.5265625 0.3859375 0.015625 0.021875
0 0.5046875 0.35703125 0.009375 0.0140625
0 0.45625 0.38046875 0.009375 0.01640625
0 0.48125 0.37109375 0.0125 0.0140625
0 0.52890625 0.40859375 0.0171875 0.021875
0 0.44609375 0.37109375 0.0109375 0.0140625