1 0.4328125 0.39609375 0.03125 0.0640625
0 0.1078125 0.765625 0.1125 0.1140625
0 0.68046875 0.60703125 0.0546875 0.08046875
0 0.2765625 0.67890625 0.071875 0.103125
0 0.35546875 0.475 0.0296875 0.0390625
0 0.40078125 0.6125 0.0515625 0.08046875
0 0.45 0.44296875 0.021875 0.03046875
0 0.40234375 0.46953125 0.0296875 0.04453125
0 0.39453125 0.41796875 0.0171875 0.025
0 0.57421875 0.43046875 0.0171875 0.028125
0 0.58359375 0.40703125 0.0140625 0.01953125
0 0.45078125 0.3890625 0.0078125 0.021875
0 0.54296875 0.378125 0.0109375 0.01640625
0 0.50390625 0.35703125 0.0109375 0.01953125
0 0.55546875 0.36796875 0.0109375 0.0140625
0 0.5359375 0.35703125 0.009375 0.0140625
0 0.47734375 0.38203125 0.0140625 0.0140625
0 0.40625 0.3640625 0.00625 0.01640625
0 0.46953125 0.359375 0.0078125 0.0140625
0 0.48125 0.3515625 0.00625 0.0140625
0 0.6984375 0.2890625 0.01875 0.01640625
0 0.4578125 0.359375 0.00625 0.0140625
0 0.484375 0.36640625 0.009375 0.0109375
0 0.47421875 0.3109375 0.0078125 0.01640625
0 0.4421875 0.41640625 0.0125 0.01640625
0 0.521875 0.34140625 0.00625 0.0109375