1 0.3734375 0.4109375 0.053125 0.09453125
1 0.378125 0.48203125 0.04375 0.075
0 0.2765625 0.69609375 0.078125 0.096875
0 0.63515625 0.47109375 0.0265625 0.0359375
0 0.275 0.5625 0.046875 0.05859375
0 0.684375 0.628125 0.059375 0.0890625
0 0.4 0.578125 0.05 0.10546875
0 0.43359375 0.49296875 0.0296875 0.04140625
0 0.5484375 0.44296875 0.021875 0.0359375
0 0.346875 0.47890625 0.021875 0.04140625
0 0.58671875 0.4640625 0.0234375 0.0390625
0 0.56640625 0.3859375 0.0109375 0.01640625
0 0.4078125 0.45859375 0.021875 0.03359375
0 0.40625 0.409375 0.0125 0.025
0 0.44921875 0.4484375 0.0234375 0.03046875
0 0.4578125 0.41953125 0.01875 0.028125
0 0.4359375 0.37890625 0.0125 0.01953125
0 0.42734375 0.43203125 0.0203125 0.025
0 0.43359375 0.4109375 0.0140625 0.021875
0 0.47578125 0.3890625 0.0109375 0.01640625
0 0.29140625 0.43203125 0.0109375 0.03046875
0 0.45078125 0.3875 0.0140625 0.01953125
0 0.4734375 0.3125 0.009375 0.0140625
0 0.459375 0.35703125 0.009375 0.0140625
0 0.28671875 0.3890625 0.0234375 0.01640625
0 0.52578125 0.38046875 0.0140625 0.021875
0 0.52265625 0.371875 0.0109375 0.01640625
0 0.33046875 0.453125 0.0109375 0.01640625
0 0.53984375 0.3640625 0.0078125 0.01640625
0 0.45625 0.38046875 0.0125 0.01640625
0 0.40625 0.3640625 0.00625 0.01640625