0 0.16875 0.6859375 0.078125 0.0890625
0 0.29765625 0.6375 0.0640625 0.08046875
0 0.60703125 0.63046875 0.0515625 0.0890625
0 0.69375 0.5359375 0.04375 0.0609375
0 0.41484375 0.5890625 0.0484375 0.078125
0 0.29609375 0.5390625 0.0453125 0.05
0 0.6390625 0.475 0.028125 0.0390625
0 0.3453125 0.4875 0.03125 0.04140625
0 0.42890625 0.528125 0.0328125 0.05
0 0.38125 0.440625 0.021875 0.03046875
0 0.3828125 0.5015625 0.034375 0.04140625
0 0.5875 0.4640625 0.025 0.0390625
0 0.415625 0.44140625 0.021875 0.03359375
0 0.60390625 0.4265625 0.0203125 0.03046875
0 0.4609375 0.42109375 0.01875 0.03046875
0 0.5640625 0.41953125 0.01875 0.028125
0 0.4109375 0.40390625 0.015625 0.025
0 0.53984375 0.3765625 0.0109375 0.0140625
0 0.40625 0.365625 0.00625 0.0140625
0 0.55390625 0.36953125 0.0109375 0.021875
0 0.5859375 0.38359375 0.028125 0.03359375
0 0.5234375 0.37890625 0.0125 0.01953125
0 0.42890625 0.3875 0.0109375 0.01953125
0 0.4375 0.40546875 0.01875 0.028125
0 0.47109375 0.4 0.0140625 0.021875
0 0.5875 0.4109375 0.021875 0.03359375
0 0.56484375 0.38359375 0.0109375 0.021875
0 0.44375 0.39453125 0.015625 0.021875
0 0.45703125 0.359375 0.0109375 0.0140625
0 0.4421875 0.3765625 0.0125 0.0140625
0 0.45859375 0.37890625 0.0109375 0.0140625