0 0.38984375 0.6625 0.0640625 0.096875
0 0.30703125 0.9640625 0.1078125 0.06640625
0 0.31640625 0.5015625 0.0390625 0.046875
0 0.37734375 0.50546875 0.0359375 0.05
0 0.55390625 0.3984375 0.0140625 0.025
0 0.44453125 0.4734375 0.0265625 0.0359375
0 0.33359375 0.5890625 0.0484375 0.06640625
0 0.28671875 0.55703125 0.0453125 0.05859375
0 0.58984375 0.409375 0.0140625 0.01953125
0 0.409375 0.45 0.025 0.03359375
0 0.39296875 0.428125 0.0203125 0.028125
0 0.465625 0.40703125 0.015625 0.025
0 0.453125 0.43046875 0.021875 0.021875
0 0.52265625 0.365625 0.0109375 0.0140625
0 0.4296875 0.42109375 0.015625 0.01953125
0 0.53828125 0.3640625 0.0109375 0.0109375
0 0.40625 0.365625 0.00625 0.0140625
0 0.4390625 0.37890625 0.0125 0.01953125
0 0.4421875 0.4 0.015625 0.021875
0 0.4078125 0.40546875 0.015625 0.021875
0 0.45234375 0.3875 0.0140625 0.01953125
0 0.55234375 0.35859375 0.0078125 0.0109375
0 0.47265625 0.37890625 0.0140625 0.025
0 0.44765625 0.36953125 0.0109375 0.01640625
0 0.503125 0.35859375 0.009375 0.01640625
0 0.48203125 0.371875 0.0109375 0.021875