0 0.1140625 0.7625 0.096875 0.10859375
0 0.2671875 0.703125 0.08125 0.1
0 0.32578125 0.84453125 0.0984375 0.14453125
0 0.28828125 0.55546875 0.0453125 0.05546875
0 0.70625 0.55546875 0.04375 0.05546875
0 0.79453125 0.846875 0.1171875 0.20546875
0 0.62265625 0.534375 0.0390625 0.05859375
0 0.36171875 0.4609375 0.0296875 0.03359375
0 0.41328125 0.571875 0.0453125 0.078125
0 0.378125 0.50859375 0.0375 0.04453125
0 0.40703125 0.4609375 0.0265625 0.03359375
0 0.43828125 0.48203125 0.0265625 0.0359375
0 0.5953125 0.4609375 0.025 0.03359375
0 0.409375 0.40390625 0.015625 0.025
0 0.59609375 0.421875 0.0171875 0.021875
0 0.43046875 0.41640625 0.0171875 0.028125
0 0.53515625 0.425 0.0171875 0.028125
0 0.55859375 0.4015625 0.0140625 0.025
0 0.45703125 0.4390625 0.0203125 0.028125
0 0.46015625 0.4125 0.0171875 0.025
0 0.52578125 0.38359375 0.0140625 0.021875
0 0.571875 0.39140625 0.0125 0.01640625
0 0.46875 0.39453125 0.0125 0.021875
0 0.40625 0.3625 0.00625 0.0140625
0 0.5359375 0.359375 0.0125 0.01953125
0 0.44609375 0.4 0.0109375 0.01640625
0 0.490625 0.3390625 0.009375 0.01640625
0 0.45859375 0.3765625 0.0109375 0.0140625
0 0.43828125 0.375 0.0109375 0.01640625
0 0.559375 0.371875 0.009375 0.01640625
0 0.52109375 0.35 0.0078125 0.021875
0 0.4765625 0.38203125 0.0125 0.01953125
0 0.54609375 0.38203125 0.0140625 0.01953125
0 0.4875 0.35859375 0.0125 0.01640625
0 0.44609375 0.37109375 0.0109375 0.0140625
0 0.4796875 0.34453125 0.009375 0.01640625
0 0.453125 0.3640625 0.009375 0.01640625
0 0.53984375 0.34140625 0.0078125 0.0109375
0 0.475 0.34609375 0.00625 0.0140625
0 0.48203125 0.365625 0.0109375 0.0140625
0 0.4640625 0.35390625 0.009375 0.0140625