1 0.33671875 0.52109375 0.1109375 0.196875
1 0.2125 0.55703125 0.1625 0.23046875
1 0.409375 0.390625 0.03125 0.05859375
1 0.453125 0.3640625 0.028125 0.0609375
0 0.4265625 0.5390625 0.040625 0.05546875
0 0.6171875 0.4359375 0.021875 0.0390625
0 0.209375 0.79140625 0.103125 0.14453125
0 0.803125 0.90859375 0.125 0.178125
0 0.4640625 0.415625 0.015625 0.025
0 0.3421875 0.79609375 0.090625 0.1640625
0 0.42734375 0.41796875 0.0203125 0.03046875
0 0.396875 0.440625 0.025 0.03046875
0 0.5453125 0.378125 0.0125 0.01640625
0 0.4453125 0.3984375 0.015625 0.01953125
0 0.46875 0.39609375 0.0125 0.01953125
0 0.41015625 0.37109375 0.0203125 0.025
0 0.5046875 0.35546875 0.009375 0.01640625
0 0.4328125 0.38046875 0.015625 0.01640625
0 0.48046875 0.3734375 0.0140625 0.01953125
0 0.52265625 0.3484375 0.0109375 0.0140625
0 0.54296875 0.34609375 0.0078125 0.0140625
0 0.33515625 0.365625 0.0234375 0.0140625
0 0.471875 0.359375 0.009375 0.0140625
0 0.4375 0.37890625 0.00625 0.0140625
0 0.53984375 0.3625 0.0078125 0.0140625
0 0.47734375 0.3765625 0.0109375 0.0140625
0 0.39140625 0.46796875 0.0078125 0.025