1 0.08203125 0.7375 0.1640625 0.23046875
1 0.43515625 0.484375 0.0328125 0.05859375
1 0.5453125 0.3390625 0.009375 0.028125
0 0.4109375 0.60703125 0.046875 0.06953125
0 0.7796875 0.640625 0.071875 0.103125
0 0.1734375 0.85859375 0.121875 0.1609375
0 0.3453125 0.48359375 0.03125 0.0390625
0 0.3671875 0.528125 0.040625 0.0609375
0 0.26328125 0.978125 0.1140625 0.0390625
0 0.396875 0.48359375 0.03125 0.0390625
0 0.54375 0.384375 0.0125 0.01953125
0 0.45390625 0.428125 0.0203125 0.028125
0 0.37734375 0.4375 0.0234375 0.03046875
0 0.41484375 0.4390625 0.0203125 0.028125
0 0.4484375 0.390625 0.0125 0.01953125
0 0.57578125 0.39453125 0.0140625 0.021875
0 0.178125 0.665625 0.0625 0.10859375
0 0.46796875 0.3984375 0.0140625 0.025
0 0.39453125 0.409375 0.0203125 0.03046875
0 0.53203125 0.3375 0.0078125 0.01953125
0 0.50546875 0.35703125 0.0109375 0.01953125
0 0.47421875 0.38359375 0.0109375 0.01640625
0 0.42109375 0.39453125 0.0109375 0.021875
0 0.44453125 0.37109375 0.0140625 0.01953125
0 0.703125 0.290625 0.0125 0.0140625
0 0.4828125 0.3734375 0.009375 0.0140625
0 0.49609375 0.340625 0.0078125 0.01953125
0 0.48828125 0.35859375 0.0109375 0.01640625
0 0.45078125 0.71796875 0.0265625 0.09140625
0 0.54453125 0.34453125 0.0078125 0.01640625