1 0.41328125 0.39296875 0.0234375 0.04140625
0 0.83046875 0.69609375 0.0828125 0.11953125
0 0.65390625 0.5640625 0.0421875 0.0609375
0 0.2984375 0.5375 0.046875 0.053125
0 0.31875 0.60390625 0.05625 0.06953125
0 0.0125 0.9140625 0.025 0.0890625
0 0.890625 0.9015625 0.159375 0.19140625
0 0.3640625 0.52109375 0.0375 0.053125
0 0.378125 0.690625 0.065625 0.125
0 0.55078125 0.475 0.0234375 0.0390625
0 0.42890625 0.5234375 0.0328125 0.046875
0 0.38984375 0.425 0.0171875 0.028125
0 0.56484375 0.4125 0.0171875 0.025
0 0.43671875 0.4875 0.0296875 0.04140625
0 0.53359375 0.415625 0.0171875 0.025
0 0.40859375 0.4484375 0.0265625 0.04140625
0 0.57578125 0.39453125 0.0109375 0.021875
0 0.44375 0.3984375 0.0125 0.01953125
0 0.42578125 0.42109375 0.0140625 0.025
0 0.45625 0.440625 0.021875 0.0359375
0 0.45 0.3640625 0.009375 0.01640625
0 0.378125 0.64296875 0.03125 0.0359375
0 0.56640625 0.38359375 0.0109375 0.01640625
0 0.4734375 0.3859375 0.0125 0.01640625
0 0.46484375 0.40546875 0.0140625 0.021875
0 0.43984375 0.3734375 0.0109375 0.01953125
0 0.52109375 0.36796875 0.0109375 0.0140625
0 0.52421875 0.38359375 0.0140625 0.01640625
0 0.47421875 0.3109375 0.0078125 0.0109375
0 0.5484375 0.38359375 0.0125 0.01640625
0 0.4640625 0.36796875 0.009375 0.0140625
0 0.459375 0.42109375 0.015625 0.01953125
0 0.48828125 0.35703125 0.0109375 0.0140625
0 0.4796875 0.371875 0.009375 0.01640625
0 0.475 0.35390625 0.015625 0.01953125
0 0.40703125 0.3640625 0.0078125 0.01640625