1 0.390625 0.44453125 0.0625 0.121875
0 0.22890625 0.7609375 0.0984375 0.1390625
0 0.73046875 0.571875 0.0515625 0.06640625
0 0.85625 0.740625 0.090625 0.11953125
0 0.24296875 0.59453125 0.0578125 0.06640625
0 0.4375 0.50703125 0.03125 0.046875
0 0.57734375 0.53203125 0.0390625 0.0640625
0 0.6 0.4765625 0.028125 0.04140625
0 0.415625 0.56953125 0.040625 0.06640625
0 0.6015625 0.4265625 0.015625 0.025
0 0.57421875 0.390625 0.0140625 0.01953125
0 0.428125 0.428125 0.015625 0.028125
0 0.54375 0.465625 0.028125 0.0359375
0 0.45625 0.428125 0.01875 0.028125
0 0.521875 0.365625 0.0125 0.0140625
0 0.53359375 0.40703125 0.0171875 0.025
0 0.4390625 0.3765625 0.0125 0.0140625
0 0.48046875 0.36796875 0.0140625 0.01953125
0 0.46796875 0.4015625 0.0140625 0.01953125
0 0.40703125 0.3640625 0.0078125 0.01640625
0 0.47421875 0.309375 0.0109375 0.01953125
0 0.46484375 0.365625 0.0109375 0.01953125
0 0.0890625 0.321875 0.015625 0.01640625
0 0.55234375 0.359375 0.0140625 0.01953125
0 0.475 0.384375 0.0125 0.0140625
0 0.54140625 0.440625 0.0109375 0.0140625
0 0.44921875 0.38359375 0.0171875 0.021875
0 0.534375 0.35546875 0.009375 0.01640625
0 0.5453125 0.4375 0.01875 0.01953125
0 0.0046875 0.2515625 0.009375 0.03046875
0 0.54453125 0.38359375 0.0140625 0.01640625