1 0.4484375 0.35546875 0.01875 0.03359375
1 0.584375 0.39453125 0.021875 0.04453125
0 0.19765625 0.64140625 0.0796875 0.08359375
0 0.8375 0.7 0.0875 0.11640625
0 0.32109375 0.90859375 0.1109375 0.1609375
0 0.765625 0.76953125 0.09375 0.14453125
0 0.56328125 0.51953125 0.0328125 0.05546875
0 0.665625 0.57109375 0.053125 0.08046875
0 0.365625 0.51640625 0.040625 0.05546875
0 0.4203125 0.54140625 0.0375 0.078125
0 0.578125 0.43203125 0.021875 0.03046875
0 0.4484375 0.453125 0.025 0.03359375
0 0.53671875 0.42890625 0.0203125 0.03046875
0 0.46953125 0.39453125 0.0140625 0.021875
0 0.42578125 0.42109375 0.0203125 0.025
0 0.459375 0.41796875 0.01875 0.025
0 0.43203125 0.384375 0.0109375 0.0140625
0 0.40703125 0.4109375 0.0171875 0.021875
0 0.54765625 0.3875 0.0140625 0.01953125
0 0.5296875 0.39453125 0.015625 0.021875
0 0.40703125 0.3625 0.0046875 0.0140625
0 0.4234375 0.515625 0.021875 0.025
0 0.46875 0.3609375 0.009375 0.01640625
0 0.4921875 0.34296875 0.0125 0.01953125
0 0.5390625 0.36796875 0.009375 0.0140625
0 0.50390625 0.35703125 0.0109375 0.01953125
0 0.525 0.37890625 0.0125 0.01953125
0 0.54375 0.34609375 0.009375 0.01953125
0 0.53359375 0.34609375 0.0078125 0.0140625
0 0.446875 0.36796875 0.0125 0.0140625
0 0.578125 0.38046875 0.009375 0.01640625
0 0.584375 0.384375 0.021875 0.025
0 0.5390625 0.34453125 0.01875 0.021875