1 0.38046875 0.4625 0.0703125 0.1359375
1 0.4203125 0.440625 0.015625 0.04140625
1 0.43203125 0.371875 0.0234375 0.0390625
0 0.40390625 0.6390625 0.0578125 0.08359375
0 0.2046875 0.81640625 0.10625 0.13359375
0 0.20859375 0.62890625 0.0765625 0.0859375
0 0.63125 0.459375 0.025 0.0359375
0 0.31328125 0.6140625 0.0578125 0.071875
0 0.878125 0.77109375 0.10625 0.1359375
0 0.57578125 0.434375 0.0203125 0.03046875
0 0.453125 0.4515625 0.021875 0.03046875
0 0.34140625 0.47109375 0.0078125 0.03046875
0 0.43671875 0.40546875 0.0140625 0.021875
0 0.5296875 0.3875 0.0125 0.01953125
0 0.4640625 0.40859375 0.021875 0.03359375
0 0.584375 0.40859375 0.015625 0.021875
0 0.5359375 0.35859375 0.009375 0.01640625
0 0.52421875 0.36953125 0.0109375 0.01640625
0 0.48125 0.371875 0.0125 0.021875
0 0.4125 0.3609375 0.015625 0.021875
0 0.2796875 0.4890625 0.0125 0.028125
0 0.55234375 0.3234375 0.0109375 0.0140625
0 0.4390625 0.45 0.015625 0.03359375
0 0.57421875 0.39609375 0.0046875 0.0140625
0 0.46953125 0.38359375 0.0140625 0.01640625
0 0.4078125 0.3640625 0.00625 0.01640625
0 0.49375 0.353125 0.0125 0.01640625
0 0.58046875 0.409375 0.0078125 0.0140625
0 0.5671875 0.32890625 0.0125 0.0140625
0 0.896875 0.79296875 0.06875 0.0859375