1 0.77109375 0.578125 0.1734375 0.26640625
0 0.1375 0.746875 0.1125 0.11640625
0 0.27421875 0.55546875 0.0515625 0.05546875
0 0.4046875 0.625 0.05 0.078125
0 0.33515625 0.56640625 0.0484375 0.0609375
0 0.58515625 0.590625 0.0484375 0.075
0 0.36171875 0.4625 0.0265625 0.0359375
0 0.80625 0.82890625 0.11875 0.19140625
0 0.4421875 0.484375 0.028125 0.0359375
0 0.09609375 0.9640625 0.1484375 0.06640625
0 0.4546875 0.4265625 0.021875 0.025
0 0.42109375 0.43203125 0.0203125 0.03046875
0 0.5484375 0.465625 0.028125 0.04140625
0 0.603125 0.48359375 0.034375 0.0609375
0 0.39765625 0.42109375 0.0203125 0.025
0 0.596875 0.415625 0.01875 0.025
0 0.62109375 0.4515625 0.0203125 0.0359375
0 0.47109375 0.390625 0.0140625 0.01953125
0 0.575 0.39296875 0.015625 0.025
0 0.453125 0.38359375 0.0125 0.01640625
0 0.4390625 0.39609375 0.015625 0.01953125
0 0.56640625 0.41796875 0.0171875 0.025
0 0.48984375 0.35390625 0.0109375 0.0140625
0 0.5328125 0.40546875 0.015625 0.021875
0 0.459375 0.3640625 0.01875 0.021875
0 0.40625 0.3625 0.00625 0.0140625
0 0.54140625 0.3375 0.0078125 0.01953125
0 0.5328125 0.34296875 0.009375 0.01953125
0 0.553125 0.39296875 0.0125 0.025
0 0.43359375 0.38359375 0.0140625 0.01640625
0 0.525 0.3859375 0.015625 0.01640625
0 0.50546875 0.35703125 0.0078125 0.0140625
0 0.696875 0.50390625 0.015625 0.0359375
0 0.52265625 0.365625 0.0109375 0.0140625
0 0.47421875 0.35 0.0078125 0.021875
0 0.53671875 0.359375 0.0109375 0.0140625
0 0.134375 0.9640625 0.071875 0.06640625