1 0.296875 0.621875 0.075 0.1109375
0 0.13046875 0.82109375 0.1359375 0.14140625
0 0.62265625 0.684375 0.0671875 0.1140625
0 0.946875 0.871875 0.103125 0.171875
0 0.6421875 0.478125 0.025 0.0390625
0 0.39921875 0.63046875 0.0609375 0.10546875
0 0.29609375 0.54296875 0.0421875 0.053125
0 0.57421875 0.43203125 0.0203125 0.03046875
0 0.39765625 0.48203125 0.0328125 0.0359375
0 0.35859375 0.4640625 0.0296875 0.0390625
0 0.421875 0.50546875 0.034375 0.04453125
0 0.44375 0.4734375 0.025 0.04140625
0 0.45625 0.434375 0.01875 0.025
0 0.425 0.4234375 0.01875 0.025
0 0.525 0.38203125 0.015625 0.025
0 0.41171875 0.40546875 0.0140625 0.021875
0 0.19921875 0.36640625 0.0109375 0.01640625
0 0.40625 0.365625 0.00625 0.0140625
0 0.55234375 0.390625 0.0109375 0.01953125
0 0.55859375 0.37109375 0.0078125 0.0140625
0 0.475 0.38359375 0.0125 0.028125
0 0.1484375 0.58203125 0.015625 0.0359375
0 0.465625 0.40703125 0.0125 0.025
0 0.52265625 0.3625 0.0078125 0.0140625
0 0.440625 0.40546875 0.0125 0.01640625
0 0.55 0.3625 0.009375 0.0140625
0 0.4859375 0.3640625 0.0125 0.021875
0 0.46328125 0.36953125 0.0109375 0.01640625
0 0.44453125 0.3734375 0.0109375 0.0140625
0 0.45234375 0.39140625 0.0140625 0.021875
0 0.9484375 0.965625 0.1 0.0640625