1 0.43828125 0.37109375 0.0109375 0.025
1 0.44921875 0.37890625 0.0171875 0.03046875
0 0.115625 0.925 0.159375 0.14453125
0 0.2078125 0.6359375 0.065625 0.078125
0 0.603125 0.43046875 0.021875 0.03359375
0 0.565625 0.49453125 0.03125 0.04453125
0 0.6875 0.52890625 0.040625 0.053125
0 0.3453125 0.55390625 0.04375 0.0640625
0 0.96484375 0.92109375 0.0671875 0.153125
0 0.340625 0.47890625 0.034375 0.046875
0 0.39765625 0.478125 0.0296875 0.0390625
0 0.4234375 0.54140625 0.040625 0.06640625
0 0.53984375 0.4375 0.0203125 0.03046875
0 0.55546875 0.39453125 0.0140625 0.021875
0 0.45625 0.43046875 0.01875 0.028125
0 0.53984375 0.3734375 0.0109375 0.0140625
0 0.40625 0.3640625 0.00625 0.01640625
0 0.4390625 0.403125 0.0125 0.021875
0 0.41953125 0.39609375 0.0109375 0.01953125
0 0.4640625 0.4109375 0.015625 0.021875
0 0.465625 0.36796875 0.009375 0.0140625
0 0.47578125 0.37890625 0.0109375 0.01953125
0 0.4734375 0.3125 0.00625 0.0140625
0 0.46953125 0.39453125 0.0140625 0.01640625
0 0.4875 0.3609375 0.009375 0.01640625
0 0.4734375 0.35546875 0.009375 0.01640625
0 0.50546875 0.35703125 0.0078125 0.01953125
0 0.4234375 0.39296875 0.021875 0.03046875