1 0.30234375 0.5125 0.0578125 0.0859375
1 0.43515625 0.39609375 0.0328125 0.05859375
1 0.41875 0.42890625 0.025 0.0359375
1 0.4140625 0.39140625 0.015625 0.03359375
0 0.20390625 0.765625 0.0921875 0.10859375
0 0.38984375 0.63359375 0.0546875 0.078125
0 0.59609375 0.59609375 0.0453125 0.075
0 0.26953125 0.94296875 0.1265625 0.10859375
0 0.85234375 0.903125 0.1390625 0.1890625
0 0.44140625 0.471875 0.0265625 0.0390625
0 0.06875 0.95 0.1375 0.09453125
0 0.5546875 0.4765625 0.03125 0.053125
0 0.53125 0.421875 0.01875 0.028125
0 0.59140625 0.415625 0.0140625 0.025
0 0.57109375 0.43359375 0.0203125 0.028125
0 0.46015625 0.42109375 0.0171875 0.03046875
0 0.325 0.596875 0.053125 0.06640625
0 0.39296875 0.421875 0.0203125 0.028125
0 0.89765625 0.79453125 0.1109375 0.15
0 0.5453125 0.3859375 0.0125 0.01640625
0 0.57265625 0.390625 0.0109375 0.01953125
0 0.40625 0.3640625 0.00625 0.01640625
0 0.540625 0.36640625 0.009375 0.01640625
0 0.521875 0.36953125 0.0125 0.01640625
0 0.45703125 0.37890625 0.0140625 0.01953125
0 0.48203125 0.36796875 0.0109375 0.01953125
0 0.09765625 0.975 0.0765625 0.04453125
0 0.46953125 0.36640625 0.0140625 0.01640625
0 0.45078125 0.365625 0.0078125 0.0140625