1 0.31875 0.503125 0.040625 0.0609375
0 0.17109375 0.6859375 0.0859375 0.0890625
0 0.63828125 0.553125 0.0390625 0.05546875
0 0.83359375 0.9 0.1234375 0.19453125
0 0.42890625 0.546875 0.0359375 0.05546875
0 0.7109375 0.5515625 0.05 0.06953125
0 0.9796875 0.9234375 0.0375 0.13046875
0 0.634375 0.471875 0.03125 0.0390625
0 0.56953125 0.52109375 0.0328125 0.053125
0 0.3796875 0.51796875 0.03125 0.046875
0 0.4546875 0.44453125 0.021875 0.03359375
0 0.409375 0.45546875 0.025 0.03359375
0 0.53828125 0.428125 0.0203125 0.028125
0 0.3921875 0.425 0.01875 0.028125
0 0.35703125 0.46953125 0.0265625 0.0390625
0 0.43203125 0.42109375 0.0171875 0.025
0 0.565625 0.3859375 0.0125 0.021875
0 0.5578125 0.403125 0.015625 0.021875
0 0.41015625 0.4015625 0.0171875 0.025
0 0.52734375 0.39609375 0.0140625 0.025
0 0.55859375 0.36953125 0.0109375 0.01640625
0 0.46796875 0.39609375 0.0140625 0.025
0 0.42578125 0.390625 0.0140625 0.025
0 0.521875 0.37109375 0.0125 0.0140625
0 0.53828125 0.365625 0.0109375 0.0140625
0 0.40625 0.3625 0.00625 0.0140625
0 0.4875 0.359375 0.0125 0.01953125
0 0.4765625 0.37890625 0.015625 0.025
0 0.4515625 0.384375 0.009375 0.01953125
0 0.49375 0.39609375 0.00625 0.03046875