1 0.45 0.37109375 0.025 0.053125
0 0.11796875 0.7515625 0.1078125 0.1140625
0 0.3765625 0.6875 0.065625 0.09140625
0 0.29453125 0.53046875 0.0390625 0.05
0 0.81875 0.68203125 0.08125 0.11953125
0 0.2953125 0.6359375 0.0625 0.078125
0 0.65390625 0.70703125 0.0703125 0.1359375
0 0.43828125 0.5109375 0.0296875 0.04453125
0 0.39921875 0.46953125 0.0296875 0.0390625
0 0.6359375 0.47109375 0.025 0.0359375
0 0.65234375 0.56796875 0.0453125 0.06953125
0 0.56484375 0.49453125 0.0328125 0.05546875
0 0.38359375 0.43359375 0.0203125 0.028125
0 0.4578125 0.421875 0.01875 0.021875
0 0.425 0.428125 0.01875 0.028125
0 0.4296875 0.3859375 0.0125 0.01640625
0 0.4703125 0.39453125 0.0125 0.021875
0 0.59140625 0.41953125 0.0171875 0.021875
0 0.55078125 0.4484375 0.0234375 0.0359375
0 0.53359375 0.40546875 0.0171875 0.028125
0 0.52265625 0.35859375 0.0109375 0.021875
0 0.47890625 0.375 0.0109375 0.01640625
0 0.5515625 0.35546875 0.009375 0.021875
0 0.58046875 0.403125 0.0140625 0.021875
0 0.5515625 0.3984375 0.0125 0.01953125
0 0.5703125 0.3890625 0.0125 0.01640625
0 0.40703125 0.3640625 0.0046875 0.0109375
0 0.0546875 0.99140625 0.109375 0.0109375
0 0.56484375 0.37890625 0.0109375 0.01953125
0 0.4671875 0.3625 0.0125 0.025
0 0.47421875 0.3515625 0.0078125 0.01953125
0 0.5046875 0.35546875 0.009375 0.01640625
0 0.54453125 0.38046875 0.0078125 0.01640625
0 0.54765625 0.37890625 0.0140625 0.01953125