1 0.3640625 0.48203125 0.08125 0.16953125
1 0.34765625 0.440625 0.0515625 0.09140625
0 0.365625 0.73359375 0.075 0.1
0 0.278125 0.95 0.125 0.09453125
0 0.16171875 0.89140625 0.1359375 0.16640625
0 0.86328125 0.7484375 0.1046875 0.1359375
0 0.4234375 0.53046875 0.034375 0.05
0 0.30078125 0.528125 0.0453125 0.05
0 0.60546875 0.4890625 0.0265625 0.04453125
0 0.44765625 0.4625 0.0234375 0.0359375
0 0.72421875 0.9140625 0.1453125 0.16640625
0 0.54140625 0.4484375 0.0203125 0.03046875
0 0.46015625 0.4234375 0.0171875 0.025
0 0.4265625 0.4265625 0.01875 0.025
0 0.41015625 0.45546875 0.0171875 0.03359375
0 0.57890625 0.3984375 0.0140625 0.01953125
0 0.3765625 0.5859375 0.021875 0.05
0 0.534375 0.4140625 0.015625 0.021875
0 0.55234375 0.390625 0.0140625 0.01953125
0 0.38203125 0.428125 0.0390625 0.0390625
0 0.40625 0.365625 0.00625 0.0140625
0 0.41640625 0.3984375 0.0140625 0.025
0 0.36953125 0.4875 0.0453125 0.053125
0 0.52421875 0.38359375 0.0140625 0.021875
0 0.36953125 0.3265625 0.0109375 0.0140625
0 0.5609375 0.371875 0.015625 0.021875
0 0.37265625 0.59140625 0.0140625 0.0390625
0 0.43125 0.3875 0.0125 0.01953125
0 0.46953125 0.39453125 0.0140625 0.021875
0 0.521875 0.3609375 0.0125 0.01640625
0 0.54375 0.38359375 0.00625 0.01640625
0 0.6984375 0.290625 0.01875 0.0140625
0 0.32890625 0.4734375 0.0109375 0.01953125
0 0.48046875 0.36953125 0.0109375 0.01640625
0 0.3515625 0.5265625 0.05625 0.08046875
0 0.453125 0.3890625 0.0125 0.01640625
0 0.575 0.39609375 0.009375 0.01953125