1 0.69296875 0.5 0.0953125 0.1390625
1 0.3453125 0.44609375 0.071875 0.1140625
1 0.49609375 0.3359375 0.0109375 0.03359375
0 0.6828125 0.9 0.115625 0.19453125
0 0.384375 0.69609375 0.0625 0.10859375
0 0.57421875 0.55703125 0.0390625 0.0640625
0 0.88984375 0.7734375 0.1078125 0.146875
0 0.18671875 0.6625 0.0765625 0.0859375
0 0.25546875 0.7015625 0.0890625 0.11953125
0 0.4421875 0.490625 0.03125 0.046875
0 0.403125 0.415625 0.01875 0.025
0 0.38359375 0.49609375 0.0328125 0.04140625
0 0.55 0.45546875 0.025 0.0390625
0 0.45390625 0.4359375 0.0203125 0.03359375
0 0.46953125 0.4 0.0140625 0.021875
0 0.43828125 0.40390625 0.0171875 0.025
0 0.5359375 0.4140625 0.015625 0.028125
0 0.615625 0.44609375 0.021875 0.03046875
0 0.42734375 0.3875 0.0140625 0.01953125
0 0.5765625 0.43203125 0.01875 0.025
0 0.55703125 0.36640625 0.0109375 0.01640625
0 0.45703125 0.37890625 0.0109375 0.01953125
0 0.528125 0.3890625 0.015625 0.021875
0 0.58515625 0.40390625 0.0140625 0.01953125
0 0.5984375 0.42109375 0.01875 0.025
0 0.678125 0.44609375 0.05625 0.03046875
0 0.453125 0.3640625 0.009375 0.01640625
0 0.5578125 0.3984375 0.00625 0.0140625
0 0.52421875 0.36953125 0.0140625 0.021875
0 0.47890625 0.37109375 0.0078125 0.0140625
0 0.55390625 0.396875 0.0140625 0.021875
0 0.40703125 0.3625 0.0046875 0.0140625
0 0.50546875 0.8765625 0.1359375 0.24140625
0 0.55 0.396875 0.009375 0.01640625
0 0.36796875 0.484375 0.0140625 0.025
0 0.48671875 0.3609375 0.0109375 0.01640625