1 0.43671875 0.3875 0.0359375 0.0640625
0 0.340625 0.809375 0.084375 0.13046875
0 0.16640625 0.89140625 0.1296875 0.15546875
0 0.5890625 0.571875 0.05 0.0890625
0 0.43203125 0.50859375 0.0328125 0.04453125
0 0.446875 0.4484375 0.021875 0.03046875
0 0.29140625 0.54296875 0.0484375 0.053125
0 0.346875 0.47890625 0.03125 0.0359375
0 0.33359375 0.571875 0.0484375 0.0609375
0 0.596875 0.42109375 0.01875 0.025
0 0.396875 0.4765625 0.028125 0.0359375
0 0.63125 0.509375 0.04375 0.075
0 0.5671875 0.38359375 0.0125 0.021875
0 0.528125 0.39296875 0.015625 0.025
0 0.375 0.44140625 0.021875 0.03359375
0 0.62578125 0.45546875 0.0265625 0.03359375
0 0.54296875 0.440625 0.0234375 0.03046875
0 0.56484375 0.4234375 0.0171875 0.03046875
0 0.4671875 0.403125 0.015625 0.028125
0 0.40625 0.4109375 0.015625 0.021875
0 0.08359375 0.76953125 0.1171875 0.128125
0 0.703125 0.290625 0.0125 0.0140625
0 0.40703125 0.3625 0.0046875 0.0140625
0 0.54296875 0.37109375 0.0109375 0.0140625
0 0.475 0.384375 0.0125 0.01953125
0 0.45390625 0.3890625 0.0046875 0.021875
0 0.48515625 0.34296875 0.0078125 0.0140625
0 0.5328125 0.346875 0.009375 0.01640625
0 0.48671875 0.35859375 0.0109375 0.01640625
0 0.49921875 0.340625 0.0078125 0.0140625
0 0.4609375 0.375 0.0125 0.01640625
0 0.5046875 0.35546875 0.009375 0.01640625
0 0.41875 0.39609375 0.00625 0.01953125
0 0.48046875 0.365625 0.0109375 0.0140625
0 0.43671875 0.4140625 0.0234375 0.01640625
0 0.5421875 0.35703125 0.009375 0.0140625
0 0.7 0.290625 0.021875 0.0140625