1 0.4171875 0.38359375 0.03125 0.0609375
0 0.13671875 0.7265625 0.0921875 0.103125
0 0.41796875 0.5625 0.0359375 0.05859375
0 0.315625 0.50859375 0.0375 0.05
0 0.4546875 0.446875 0.025 0.03359375
0 0.66015625 0.50546875 0.0359375 0.05
0 0.30625 0.621875 0.065625 0.0890625
0 0.58984375 0.4109375 0.0171875 0.028125
0 0.378125 0.4359375 0.01875 0.028125
0 0.3890625 0.478125 0.028125 0.04453125
0 0.59140625 0.4734375 0.0296875 0.046875
0 0.95234375 0.90859375 0.0921875 0.178125
0 0.53125 0.40390625 0.015625 0.025
0 0.415625 0.4390625 0.025 0.0390625
0 0.440625 0.4 0.015625 0.028125
0 0.525 0.38046875 0.0125 0.021875
0 0.5625 0.3734375 0.015625 0.03046875
0 0.44453125 0.371875 0.0109375 0.01640625
0 0.546875 0.38203125 0.0125 0.01953125
0 0.47265625 0.38359375 0.0109375 0.021875
0 0.4609375 0.375 0.0125 0.01640625
0 0.5203125 0.3484375 0.009375 0.01953125
0 0.56484375 0.38203125 0.0109375 0.0140625
0 0.54375 0.36796875 0.05625 0.103125