1 0.428125 0.396875 0.0375 0.078125
1 0.61015625 0.425 0.0359375 0.05546875
1 0.4609375 0.328125 0.015625 0.028125
0 0.40234375 0.60390625 0.0484375 0.06953125
0 0.88046875 0.775 0.0984375 0.1390625
0 0.71328125 0.69609375 0.0703125 0.1140625
0 0.3109375 0.51796875 0.0375 0.046875
0 0.1484375 0.909375 0.140625 0.175
0 0.31015625 0.9109375 0.1140625 0.171875
0 0.73125 0.5890625 0.053125 0.071875
0 0.346875 0.55703125 0.046875 0.0640625
0 0.38046875 0.4390625 0.0234375 0.03359375
0 0.42734375 0.50546875 0.0328125 0.05546875
0 0.56875 0.51640625 0.034375 0.0609375
0 0.59453125 0.48203125 0.0296875 0.04140625
0 0.4046875 0.47109375 0.028125 0.0359375
0 0.45234375 0.44140625 0.0203125 0.03359375
0 0.52734375 0.39140625 0.0171875 0.021875
0 0.54453125 0.446875 0.0234375 0.03359375
0 0.46640625 0.415625 0.0171875 0.025
0 0.57109375 0.42890625 0.0203125 0.03046875
0 0.453125 0.3859375 0.0125 0.01640625
0 0.58125 0.3984375 0.015625 0.025
0 0.40703125 0.3640625 0.0078125 0.01640625
0 0.1984375 0.36640625 0.009375 0.01640625
0 0.559375 0.3734375 0.009375 0.01953125
0 0.478125 0.3765625 0.0125 0.01953125
0 0.54296875 0.37109375 0.0109375 0.0140625
0 0.45703125 0.3734375 0.0140625 0.01953125
0 0.54140625 0.34296875 0.0078125 0.0140625
0 0.50546875 0.87890625 0.1359375 0.2359375
0 0.56796875 0.3859375 0.0078125 0.01640625
0 0.72421875 0.5765625 0.0390625 0.046875