0 0.1109375 0.75703125 0.1 0.10859375
0 0.65390625 0.5015625 0.0328125 0.046875
0 0.26953125 0.69140625 0.0765625 0.09453125
0 0.3046875 0.92109375 0.1125 0.153125
0 0.3671875 0.7015625 0.065625 0.096875
0 0.41484375 0.5875 0.0421875 0.0640625
0 0.3875 0.4890625 0.03125 0.0390625
0 0.36796875 0.45 0.0234375 0.03359375
0 0.32421875 0.50546875 0.0359375 0.04453125
0 0.440625 0.4890625 0.028125 0.0390625
0 0.41796875 0.4375 0.0234375 0.03046875
0 0.40625 0.40859375 0.015625 0.021875
0 0.33515625 0.56953125 0.0546875 0.078125
0 0.56015625 0.4109375 0.0171875 0.028125
0 0.453125 0.453125 0.021875 0.03359375
0 0.46328125 0.41953125 0.0171875 0.028125
0 0.5421875 0.375 0.0125 0.021875
0 0.4703125 0.39140625 0.015625 0.021875
0 0.43828125 0.40546875 0.0140625 0.021875
0 0.4359375 0.38046875 0.0125 0.01640625
0 0.575 0.4 0.015625 0.021875
0 0.453125 0.38359375 0.009375 0.01640625
0 0.434375 0.346875 0.0125 0.01640625
0 0.50390625 0.35703125 0.0109375 0.01953125
0 0.446875 0.390625 0.0125 0.01953125
0 0.46796875 0.3609375 0.0109375 0.021875
0 0.40625 0.365625 0.00625 0.0140625
0 0.55546875 0.36953125 0.0109375 0.01640625
0 0.5234375 0.34453125 0.009375 0.01640625
0 0.36953125 0.3265625 0.0109375 0.0140625
0 0.47734375 0.35703125 0.0078125 0.0140625
0 0.546875 0.35390625 0.009375 0.0140625
0 0.5578125 0.37109375 0.00625 0.0140625
0 0.4796875 0.37109375 0.009375 0.0140625
0 0.48671875 0.3625 0.0078125 0.0140625