1 0.26796875 0.525 0.1359375 0.21640625
1 0.371875 0.42109375 0.053125 0.096875
1 0.43671875 0.365625 0.0203125 0.04140625
1 0.54296875 0.3359375 0.0109375 0.021875
0 0.35859375 0.759375 0.0796875 0.13046875
0 0.05703125 0.82890625 0.1140625 0.13046875
0 0.421875 0.5640625 0.04375 0.0609375
0 0.6703125 0.6125 0.053125 0.0859375
0 0.30625 0.63203125 0.059375 0.08046875
0 0.1078125 0.94453125 0.1625 0.10546875
0 0.64296875 0.475 0.0265625 0.0390625
0 0.5890625 0.596875 0.046875 0.08359375
0 0.934375 0.81640625 0.128125 0.19453125
0 0.59140625 0.4625 0.0265625 0.04140625
0 0.4390625 0.4609375 0.025 0.0390625
0 0.4015625 0.4640625 0.025 0.03359375
0 0.43203125 0.415625 0.0171875 0.025
0 0.4625 0.425 0.01875 0.028125
0 0.415625 0.4 0.0125 0.021875
0 0.56875 0.41953125 0.01875 0.028125
0 0.4671875 0.396875 0.015625 0.021875
0 0.5265625 0.371875 0.0125 0.01640625
0 0.57109375 0.3859375 0.0140625 0.01640625
0 0.5515625 0.3890625 0.0125 0.01640625
0 0.58203125 0.40390625 0.0140625 0.01953125
0 0.48046875 0.37109375 0.0109375 0.0140625
0 0.46171875 0.375 0.0109375 0.01640625
0 0.325 0.534375 0.01875 0.04140625
0 0.50546875 0.35546875 0.0078125 0.01640625
0 0.46875 0.359375 0.0125 0.01953125
0 0.7 0.2890625 0.021875 0.01640625
0 0.43984375 0.3765625 0.0140625 0.01953125
0 0.55625 0.37109375 0.009375 0.0140625
0 0.49296875 0.346875 0.0109375 0.01640625
0 0.54921875 0.35859375 0.0078125 0.01640625
0 0.15 0.93359375 0.078125 0.08359375
0 0.49921875 0.3375 0.0078125 0.0140625
0 0.52265625 0.3515625 0.0109375 0.01953125
0 0.33359375 0.46796875 0.0078125 0.025
0 0.40703125 0.3625 0.0046875 0.0140625
0 0.00546875 0.246875 0.0109375 0.03359375