1 0.3953125 0.4515625 0.05625 0.10859375
0 0.29765625 0.953125 0.1140625 0.0890625
0 0.43515625 0.5125 0.0296875 0.046875
0 0.32265625 0.6015625 0.0546875 0.08046875
0 0.5625 0.40390625 0.015625 0.025
0 0.59609375 0.48203125 0.0296875 0.0359375
0 0.4671875 0.40390625 0.015625 0.025
0 0.534375 0.40703125 0.015625 0.025
0 0.54609375 0.384375 0.0140625 0.01953125
0 0.47421875 0.38203125 0.0140625 0.0140625
0 0.43828125 0.390625 0.0140625 0.01953125
0 0.48984375 0.35859375 0.0078125 0.01640625
0 0.43125 0.384375 0.0125 0.01953125
0 0.47421875 0.309375 0.0109375 0.01953125
0 0.4546875 0.38359375 0.0125 0.01640625
0 0.40703125 0.3625 0.0046875 0.0140625
0 0.50546875 0.35546875 0.0109375 0.01640625
0 0.45859375 0.359375 0.0109375 0.0140625
0 0.46640625 0.3625 0.0109375 0.0140625
0 0.440625 0.3734375 0.009375 0.0140625
0 0.590625 0.471875 0.01875 0.01640625
0 0.44921875 0.365625 0.0109375 0.0140625
0 0.54609375 0.353125 0.0109375 0.01640625
0 0.47734375 0.3515625 0.0109375 0.0140625
0 0.00546875 0.24609375 0.0109375 0.03046875