1 0.7015625 0.53203125 0.05625 0.096875
0 0.36875 0.796875 0.075 0.128125
0 0.16796875 0.68046875 0.0828125 0.09453125
0 0.35078125 0.5484375 0.0453125 0.05859375
0 0.4390625 0.5125 0.03125 0.046875
0 0.39375 0.4734375 0.028125 0.0359375
0 0.3515625 0.471875 0.028125 0.0390625
0 0.65546875 0.58203125 0.0515625 0.075
0 0.575 0.5515625 0.040625 0.06953125
0 0.8265625 0.9 0.13125 0.19453125
0 0.609375 0.4375 0.021875 0.03046875
0 0.4296875 0.4140625 0.015625 0.028125
0 0.40859375 0.40859375 0.0140625 0.021875
0 0.44453125 0.39140625 0.0140625 0.021875
0 0.45625 0.42109375 0.015625 0.025
0 0.475 0.38359375 0.0125 0.021875
0 0.56796875 0.38203125 0.0109375 0.01953125
0 0.4515625 0.3640625 0.009375 0.01640625
0 0.4640625 0.4015625 0.015625 0.03046875
0 0.40625 0.3625 0.00625 0.0140625
0 0.55859375 0.37109375 0.0109375 0.0140625
0 0.06875 0.990625 0.084375 0.0140625
0 0.5515625 0.35859375 0.009375 0.01640625
0 0.53671875 0.36640625 0.0109375 0.01640625
0 0.36953125 0.3265625 0.0109375 0.0140625
0 0.50546875 0.35703125 0.0078125 0.0140625
0 0.4640625 0.36796875 0.009375 0.0140625
0 0.48046875 0.365625 0.0109375 0.0140625
0 0.5421875 0.34453125 0.009375 0.01640625
0 0.46328125 0.39453125 0.0140625 0.01640625
0 0.53203125 0.340625 0.0078125 0.0140625
0 0.709375 0.5484375 0.040625 0.0640625