1 0.315625 0.553125 0.13125 0.228125
1 0.42890625 0.371875 0.0296875 0.05
0 0.1765625 0.68203125 0.0875 0.09140625
0 0.4328125 0.53359375 0.034375 0.05
0 0.64453125 0.4734375 0.0359375 0.053125
0 0.396875 0.48203125 0.03125 0.04140625
0 0.44765625 0.453125 0.0265625 0.0390625
0 0.39296875 0.421875 0.0171875 0.028125
0 0.23515625 0.60546875 0.0390625 0.071875
0 0.60703125 0.5890625 0.0515625 0.08359375
0 0.59765625 0.47890625 0.0296875 0.04140625
0 0.53359375 0.415625 0.0171875 0.025
0 0.40390625 0.64296875 0.0484375 0.08046875
0 0.5484375 0.45703125 0.025 0.04140625
0 0.43359375 0.409375 0.0171875 0.025
0 0.5640625 0.4109375 0.015625 0.028125
0 0.4625 0.4125 0.01875 0.025
0 0.5515625 0.3890625 0.0125 0.021875
0 0.14921875 0.578125 0.0140625 0.028125
0 0.4515625 0.3875 0.0125 0.01953125
0 0.47734375 0.38046875 0.0140625 0.01640625
0 0.45078125 0.365625 0.0109375 0.0140625
0 0.71640625 0.315625 0.0109375 0.00859375
0 0.4296875 0.34609375 0.015625 0.0140625
0 0.54765625 0.3515625 0.0078125 0.0140625
0 0.40625 0.3640625 0.00625 0.0109375
0 0.52421875 0.3734375 0.0140625 0.01953125
0 0.53359375 0.35546875 0.0078125 0.01640625
0 0.48359375 0.36640625 0.0109375 0.01640625
0 0.4890625 0.359375 0.009375 0.0140625
0 0.2046875 0.63046875 0.03125 0.04453125
0 0.6046875 0.54140625 0.034375 0.03359375
0 0.53984375 0.37109375 0.0078125 0.0140625