1 0.459375 0.3359375 0.01875 0.05546875
0 0.315625 0.621875 0.05625 0.06640625
0 0.39453125 0.6734375 0.0578125 0.0859375
0 0.628125 0.4640625 0.025 0.0390625
0 0.046875 0.875 0.09375 0.1609375
0 0.85859375 0.9015625 0.1328125 0.19140625
0 0.3765625 0.50859375 0.034375 0.04453125
0 0.43359375 0.50703125 0.0359375 0.053125
0 0.58359375 0.4 0.0140625 0.021875
0 0.3546875 0.4734375 0.03125 0.0359375
0 0.5640625 0.421875 0.01875 0.028125
0 0.41796875 0.4375 0.0203125 0.03046875
0 0.3828125 0.4375 0.01875 0.025
0 0.453125 0.43203125 0.025 0.025
0 0.5328125 0.39453125 0.015625 0.021875
0 0.428125 0.3859375 0.0125 0.021875
0 0.40703125 0.3625 0.0046875 0.0140625
0 0.709375 0.334375 0.00625 0.00859375
0 0.44453125 0.3984375 0.0140625 0.025
0 0.45546875 0.38046875 0.0109375 0.01640625
0 0.47109375 0.35859375 0.0109375 0.01640625
0 0.5265625 0.378125 0.0125 0.01640625
0 0.46328125 0.36640625 0.0078125 0.01640625
0 0.54375 0.37890625 0.009375 0.0140625
0 0.44296875 0.3765625 0.0140625 0.0140625
0 0.50703125 0.35546875 0.0078125 0.01640625
0 0.47890625 0.371875 0.0140625 0.01640625
0 0.5234375 0.35703125 0.0125 0.0140625