1 0.37265625 0.45 0.0765625 0.1890625
1 0.11015625 0.7265625 0.2203125 0.375
1 0.56015625 0.4015625 0.0203125 0.04140625
1 0.41796875 0.44453125 0.0203125 0.05
0 0.75078125 0.76640625 0.0953125 0.14453125
0 0.33125 0.59609375 0.05625 0.075
0 0.3 0.9265625 0.115625 0.14140625
0 0.94765625 0.88203125 0.1015625 0.18046875
0 0.0859375 0.94609375 0.171875 0.103125
0 0.31015625 0.51796875 0.0390625 0.046875
0 0.4328125 0.5125 0.03125 0.046875
0 0.66015625 0.565625 0.0453125 0.06953125
0 0.6265625 0.45390625 0.025 0.04140625
0 0.45 0.4625 0.025 0.0359375
0 0.5796875 0.3984375 0.0125 0.025
0 0.46015625 0.42890625 0.0171875 0.025
0 0.4375 0.4125 0.01875 0.03046875
0 0.5453125 0.3875 0.0125 0.01953125
0 0.44921875 0.3890625 0.0140625 0.028125
0 0.43046875 0.34453125 0.0140625 0.01640625
0 0.146875 0.43359375 0.03125 0.028125
0 0.5421875 0.36953125 0.009375 0.01640625
0 0.21328125 0.571875 0.0171875 0.04453125
0 0.5046875 0.35546875 0.009375 0.01640625
0 0.4578125 0.36953125 0.0125 0.01640625
0 0.44765625 0.34609375 0.0078125 0.0140625
0 0.50546875 0.88359375 0.1359375 0.228125
0 0.975 0.98203125 0.046875 0.03046875
0 0.47265625 0.38046875 0.0140625 0.01640625
0 0.4484375 0.37109375 0.009375 0.0140625
0 0.38125 0.371875 0.025 0.028125