1 0.28203125 0.59609375 0.1703125 0.303125
1 0.4375 0.3875 0.034375 0.08046875
0 0.62109375 0.66796875 0.0578125 0.103125
0 0.08359375 0.95 0.1453125 0.09453125
0 0.39453125 0.66640625 0.0546875 0.08359375
0 0.01328125 0.9 0.0265625 0.09453125
0 0.4453125 0.465625 0.025 0.0359375
0 0.771875 0.6359375 0.075 0.121875
0 0.375 0.4484375 0.021875 0.03046875
0 0.375 0.528125 0.021875 0.05
0 0.53359375 0.4 0.0171875 0.028125
0 0.41796875 0.396875 0.0109375 0.021875
0 0.3953125 0.48046875 0.03125 0.0390625
0 0.5484375 0.384375 0.015625 0.03046875
0 0.45625 0.4265625 0.01875 0.03046875
0 0.52421875 0.37890625 0.0140625 0.01953125
0 0.48046875 0.371875 0.0109375 0.01640625
0 0.4671875 0.403125 0.0125 0.021875
0 0.35859375 0.46796875 0.0140625 0.0359375
0 0.45703125 0.35 0.0140625 0.028125
0 0.703125 0.290625 0.0125 0.0140625
0 0.5328125 0.3359375 0.00625 0.0109375
0 0.35625 0.459375 0.009375 0.01953125
0 0.540625 0.33046875 0.00625 0.01640625
0 0.36953125 0.3265625 0.0109375 0.0140625
0 0.40703125 0.3640625 0.0046875 0.0109375
0 0.43359375 0.415625 0.0234375 0.025
0 0.46796875 0.365625 0.0109375 0.01953125
0 0.5046875 0.35546875 0.009375 0.01640625
0 0.42890625 0.34609375 0.0109375 0.0140625
0 0.45546875 0.38203125 0.0078125 0.01953125
0 0.42890625 0.415625 0.0140625 0.01953125
0 0.53671875 0.359375 0.0078125 0.01953125
0 0.69296875 0.29140625 0.0078125 0.0109375
0 0.3703125 0.503125 0.015625 0.03359375