1 0.54765625 0.34609375 0.0203125 0.0359375
1 0.43046875 0.36953125 0.0265625 0.05
1 0.4609375 0.328125 0.015625 0.028125
0 0.26953125 0.57109375 0.0515625 0.05859375
0 0.17578125 0.68359375 0.0859375 0.09453125
0 0.609375 0.628125 0.05 0.08359375
0 0.40859375 0.6 0.0484375 0.071875
0 0.43203125 0.52109375 0.0328125 0.046875
0 0.171875 0.8875 0.14375 0.175
0 0.36171875 0.53359375 0.0359375 0.05
0 0.62890625 0.51796875 0.0359375 0.046875
0 0.37265625 0.44453125 0.0265625 0.03359375
0 0.4171875 0.4375 0.021875 0.03046875
0 0.45234375 0.4484375 0.0203125 0.03046875
0 0.53125 0.40390625 0.01875 0.025
0 0.296875 0.93046875 0.1125 0.13359375
0 0.56875 0.3875 0.0125 0.01953125
0 0.41484375 0.403125 0.0140625 0.021875
0 0.4421875 0.403125 0.015625 0.021875
0 0.54375 0.3734375 0.0125 0.01953125
0 0.52265625 0.365625 0.0109375 0.0140625
0 0.46953125 0.3875 0.0140625 0.01953125
0 0.45859375 0.375 0.0109375 0.01640625
0 0.40625 0.3625 0.00625 0.0140625
0 0.428125 0.3875 0.015625 0.0140625
0 0.4796875 0.375 0.009375 0.01640625
0 0.50703125 0.35546875 0.0078125 0.01640625
0 0.51875 0.3234375 0.015625 0.0140625
0 0.46953125 0.3484375 0.0078125 0.0140625
0 0.55 0.35390625 0.0125 0.01953125