1 0.421875 0.378125 0.03125 0.05546875
0 0.29296875 0.65859375 0.0640625 0.08359375
0 0.3015625 0.946875 0.109375 0.1
0 0.41953125 0.55390625 0.0390625 0.053125
0 0.82890625 0.86796875 0.1171875 0.196875
0 0.85390625 0.7390625 0.0890625 0.128125
0 0.6078125 0.43359375 0.01875 0.028125
0 0.39296875 0.4859375 0.0265625 0.0390625
0 0.44296875 0.4734375 0.0265625 0.0359375
0 0.58203125 0.44453125 0.0234375 0.03359375
0 0.3796875 0.440625 0.025 0.03046875
0 0.40234375 0.415625 0.0171875 0.025
0 0.459375 0.4234375 0.01875 0.03046875
0 0.43671875 0.4109375 0.0171875 0.021875
0 0.4671875 0.3984375 0.015625 0.025
0 0.4734375 0.3109375 0.009375 0.01640625
0 0.45 0.36640625 0.009375 0.01640625
0 0.50390625 0.35859375 0.0109375 0.01640625
0 0.47421875 0.38046875 0.0109375 0.01640625
0 0.4828125 0.36640625 0.009375 0.01640625
0 0.459375 0.359375 0.009375 0.0140625
0 0.54453125 0.35 0.0046875 0.0109375
0 0.41796875 0.3984375 0.0140625 0.0140625
0 0.48984375 0.35390625 0.0078125 0.0140625
0 0.43515625 0.38359375 0.0078125 0.021875
0 0.4640625 0.37109375 0.009375 0.0140625