1 0.37734375 0.43203125 0.0296875 0.053125
1 0.4609375 0.328125 0.015625 0.028125
0 0.17265625 0.671875 0.0828125 0.0890625
0 0.2984375 0.64296875 0.065625 0.08046875
0 0.33046875 0.49609375 0.0328125 0.04140625
0 0.71171875 0.5640625 0.0484375 0.06640625
0 0.03203125 0.90703125 0.0640625 0.125
0 0.60078125 0.60390625 0.0546875 0.10859375
0 0.2859375 0.55546875 0.04375 0.05546875
0 0.4359375 0.5125 0.03125 0.046875
0 0.384375 0.490625 0.034375 0.04140625
0 0.6328125 0.46640625 0.028125 0.0390625
0 0.54609375 0.425 0.0171875 0.028125
0 0.40859375 0.60859375 0.0484375 0.071875
0 0.41015625 0.4515625 0.0234375 0.03046875
0 0.5734375 0.39453125 0.0125 0.021875
0 0.44453125 0.46796875 0.0296875 0.0359375
0 0.43046875 0.41640625 0.0203125 0.028125
0 0.45625 0.44609375 0.021875 0.03046875
0 0.54453125 0.38046875 0.0140625 0.01640625
0 0.5234375 0.371875 0.0125 0.01640625
0 0.4625 0.40859375 0.015625 0.021875
0 0.39921875 0.63359375 0.0296875 0.0390625
0 0.53984375 0.334375 0.0078125 0.0140625
0 0.45390625 0.38046875 0.0109375 0.01640625
0 0.475 0.3859375 0.015625 0.021875
0 0.44609375 0.39453125 0.0109375 0.01640625
0 0.5375 0.3625 0.0125 0.01953125
0 0.703125 0.29140625 0.0125 0.0109375
0 0.5140625 0.325 0.009375 0.01640625
0 0.6359375 0.475 0.021875 0.021875
0 0.459375 0.4265625 0.01875 0.01953125
0 0.00546875 0.2484375 0.0109375 0.03046875