1 0.10078125 0.77109375 0.2015625 0.43046875
1 0.3671875 0.45703125 0.08125 0.196875
1 0.55703125 0.396875 0.0203125 0.0390625
1 0.415625 0.4484375 0.021875 0.05859375
0 0.884375 0.778125 0.115625 0.1390625
0 0.70234375 0.67890625 0.0703125 0.10859375
0 0.30078125 0.528125 0.0421875 0.05
0 0.321875 0.6125 0.059375 0.075
0 0.61953125 0.44453125 0.0234375 0.0390625
0 0.64453125 0.5375 0.0390625 0.05859375
0 0.4296875 0.521875 0.034375 0.05
0 0.284375 0.978125 0.09375 0.0390625
0 0.44765625 0.46796875 0.0265625 0.0359375
0 0.45859375 0.43359375 0.0171875 0.028125
0 0.5765625 0.39453125 0.0125 0.021875
0 0.06015625 0.990625 0.1203125 0.0140625
0 0.54296875 0.38359375 0.0109375 0.01640625
0 0.4484375 0.390625 0.0125 0.025
0 0.43046875 0.34453125 0.0140625 0.01640625
0 0.46875 0.4015625 0.0125 0.01953125
0 0.29375 0.4265625 0.015625 0.03046875
0 0.15546875 0.43203125 0.0140625 0.025
0 0.10078125 0.64296875 0.2015625 0.16953125
0 0.446875 0.34609375 0.00625 0.0140625
0 0.446875 0.371875 0.009375 0.01640625
0 0.5046875 0.35546875 0.009375 0.01640625
0 0.4578125 0.3734375 0.0125 0.01953125