1 0.33203125 0.525 0.1140625 0.19453125
1 0.10859375 0.834375 0.2171875 0.325
1 0.44453125 0.37890625 0.0328125 0.06953125
1 0.41171875 0.571875 0.0484375 0.09453125
0 0.36328125 0.74140625 0.0734375 0.1109375
0 0.734375 0.584375 0.05625 0.06953125
0 0.83515625 0.86796875 0.1265625 0.1859375
0 0.44609375 0.4625 0.0265625 0.0359375
0 0.26875 0.5484375 0.015625 0.0359375
0 0.42421875 0.4265625 0.0203125 0.03046875
0 0.3984375 0.478125 0.025 0.0390625
0 0.54609375 0.446875 0.0203125 0.03359375
0 0.55625 0.3890625 0.015625 0.028125
0 0.4046875 0.40859375 0.015625 0.021875
0 0.42734375 0.53046875 0.0296875 0.05
0 0.46640625 0.40703125 0.0171875 0.025
0 0.52421875 0.36640625 0.0140625 0.028125
0 0.2078125 0.75703125 0.03125 0.08046875
0 0.28125 0.99296875 0.053125 0.00859375
0 0.09765625 0.8625 0.0328125 0.09140625
0 0.3921875 0.553125 0.021875 0.05546875
0 0.47890625 0.37890625 0.0140625 0.01953125
0 0.38671875 0.56796875 0.0109375 0.03046875
0 0.20703125 0.840625 0.0234375 0.0859375
0 0.15 0.58359375 0.015625 0.03359375
0 0.4078125 0.3640625 0.00625 0.0109375
0 0.4109375 0.3609375 0.0125 0.01640625
0 0.4703125 0.34609375 0.009375 0.0140625
0 0.48125 0.3640625 0.0125 0.01640625
0 0.46328125 0.3625 0.0109375 0.01953125
0 0.3671875 0.39296875 0.009375 0.0140625
0 0.56171875 0.36796875 0.0140625 0.01953125
0 0.1984375 0.734375 0.0125 0.0359375
0 0.44296875 0.40546875 0.0171875 0.01640625
0 0.3953125 0.5375 0.009375 0.025
0 0.50546875 0.35390625 0.0078125 0.0140625
0 0.28203125 0.9875 0.0546875 0.01953125