1 0.38515625 0.43203125 0.0265625 0.0359375
0 0.27109375 0.6984375 0.0734375 0.09140625
0 0.6578125 0.84609375 0.096875 0.203125
0 0.40859375 0.60703125 0.0453125 0.06953125
0 0.015625 0.93203125 0.03125 0.103125
0 0.39609375 0.48203125 0.0296875 0.04140625
0 0.35625 0.47109375 0.03125 0.04140625
0 0.61953125 0.45703125 0.0265625 0.0359375
0 0.57109375 0.43359375 0.0203125 0.028125
0 0.61328125 0.503125 0.0296875 0.04453125
0 0.58515625 0.40859375 0.0171875 0.021875
0 0.66953125 0.503125 0.0421875 0.0609375
0 0.44140625 0.4875 0.0265625 0.0359375
0 0.52734375 0.38046875 0.0109375 0.01640625
0 0.42734375 0.421875 0.0203125 0.028125
0 0.4515625 0.45390625 0.01875 0.025
0 0.55234375 0.3890625 0.0171875 0.03359375
0 0.47109375 0.39296875 0.0140625 0.01953125
0 0.459375 0.4234375 0.01875 0.03046875
0 0.44375 0.396875 0.015625 0.021875
0 0.40625 0.3640625 0.00625 0.01640625
0 0.41484375 0.40390625 0.0140625 0.01953125
0 0.56484375 0.38203125 0.0078125 0.0140625
0 0.6578125 0.46640625 0.025 0.028125
0 0.2078125 0.36640625 0.009375 0.01640625
0 0.45703125 0.38203125 0.0109375 0.0140625
0 0.434375 0.38359375 0.0125 0.01640625
0 0.76875 0.34140625 0.00625 0.0109375
0 0.47265625 0.3125 0.0078125 0.01953125
0 0.48046875 0.371875 0.0109375 0.01640625
0 0.5203125 0.35546875 0.009375 0.01640625
0 0.5421875 0.36640625 0.0125 0.01640625
0 0.45 0.37109375 0.0125 0.0140625