0 0.15703125 0.709375 0.0796875 0.09140625
0 0.30078125 0.5375 0.0421875 0.053125
0 0.3421875 0.79140625 0.0875 0.128125
0 0.290625 0.65859375 0.06875 0.0890625
0 0.74453125 0.6015625 0.0578125 0.075
0 0.646875 0.57890625 0.046875 0.06953125
0 0.384375 0.49453125 0.034375 0.04453125
0 0.603125 0.4765625 0.03125 0.04140625
0 0.41875 0.55703125 0.04375 0.075
0 0.603125 0.42890625 0.01875 0.025
0 0.36796875 0.45546875 0.0265625 0.03359375
0 0.41171875 0.4015625 0.0140625 0.025
0 0.41015625 0.45390625 0.0265625 0.03046875
0 0.4421875 0.4734375 0.025 0.0359375
0 0.4578125 0.43359375 0.01875 0.028125
0 0.53984375 0.4375 0.0203125 0.03046875
0 0.5625 0.40859375 0.015625 0.021875
0 0.52734375 0.390625 0.0171875 0.025
0 0.43203125 0.4125 0.0171875 0.025
0 0.9140625 0.9890625 0.078125 0.01640625
0 0.40625 0.3640625 0.00625 0.01640625
0 0.46171875 0.409375 0.0171875 0.025
0 0.54765625 0.3859375 0.0140625 0.021875
0 0.5734375 0.39296875 0.0125 0.01953125
0 0.4703125 0.39296875 0.0125 0.01953125
0 0.56015625 0.3734375 0.0109375 0.0140625
0 0.4390625 0.3765625 0.009375 0.0140625
0 0.46015625 0.3734375 0.0109375 0.0140625
0 0.49140625 0.3390625 0.0078125 0.01640625
0 0.478125 0.38203125 0.0125 0.01953125
0 0.91484375 0.965625 0.0828125 0.0640625
0 0.4484375 0.39609375 0.0125 0.01953125
0 0.53671875 0.3625 0.0109375 0.01953125
0 0.48828125 0.35859375 0.0109375 0.01640625
0 0.446875 0.37109375 0.009375 0.0140625
0 0.5015625 0.3390625 0.00625 0.01640625
0 0.52109375 0.35390625 0.0078125 0.0140625
0 0.54140625 0.34296875 0.0078125 0.0140625
0 0.48046875 0.34296875 0.0078125 0.01953125
0 0.54921875 0.36953125 0.0109375 0.01640625