1 0.43125 0.36796875 0.021875 0.053125
0 0.7765625 0.80859375 0.1 0.1609375
0 0.22890625 0.753125 0.0921875 0.128125
0 0.3171875 0.515625 0.0375 0.046875
0 0.40078125 0.5859375 0.0484375 0.06640625
0 0.57109375 0.5625 0.0390625 0.0640625
0 0.23203125 0.603125 0.0640625 0.08359375
0 0.6359375 0.4734375 0.025 0.0359375
0 0.615625 0.50703125 0.028125 0.046875
0 0.4515625 0.440625 0.021875 0.03046875
0 0.38359375 0.4375 0.0171875 0.025
0 0.40859375 0.4109375 0.0140625 0.021875
0 0.5453125 0.45390625 0.021875 0.0359375
0 0.56796875 0.4234375 0.0171875 0.025
0 0.58984375 0.4140625 0.0140625 0.028125
0 0.57421875 0.390625 0.0140625 0.01953125
0 0.4640625 0.40390625 0.015625 0.025
0 0.43828125 0.40703125 0.0171875 0.03046875
0 0.40625 0.365625 0.00625 0.0140625
0 0.55 0.390625 0.0125 0.01953125
0 0.4765625 0.38046875 0.0125 0.01640625
0 0.48984375 0.35859375 0.0078125 0.01640625
0 0.5265625 0.39609375 0.015625 0.025
0 0.4578125 0.375 0.0125 0.01640625
0 0.44453125 0.3734375 0.0046875 0.0140625
0 0.54296875 0.38203125 0.0078125 0.0140625
0 0.53515625 0.32890625 0.0109375 0.0140625
0 0.52421875 0.371875 0.0109375 0.01640625
0 0.46796875 0.3625 0.0109375 0.0140625
0 0.4734375 0.3109375 0.00625 0.0109375
0 0.5421875 0.3484375 0.009375 0.0140625
0 0.42890625 0.3859375 0.0140625 0.01640625
0 0.70390625 0.29140625 0.0140625 0.0109375
0 0.5203125 0.35390625 0.009375 0.0140625
0 0.45859375 0.359375 0.0078125 0.0140625
0 0.546875 0.35546875 0.009375 0.0109375
0 0.5359375 0.35703125 0.009375 0.0140625
0 0.48125 0.365625 0.009375 0.0140625
0 0.440625 0.396875 0.0125 0.01640625