1 0.40390625 0.39140625 0.0359375 0.071875
0 0.2140625 0.8015625 0.096875 0.125
0 0.35859375 0.7859375 0.0828125 0.128125
0 0.68984375 0.621875 0.0546875 0.08359375
0 0.4171875 0.55859375 0.04375 0.06640625
0 0.35859375 0.4640625 0.0265625 0.03359375
0 0.40234375 0.45703125 0.0296875 0.04140625
0 0.615625 0.440625 0.01875 0.03046875
0 0.346875 0.553125 0.053125 0.071875
0 0.44140625 0.4640625 0.0296875 0.03359375
0 0.6984375 0.5359375 0.046875 0.06640625
0 0.434375 0.415625 0.015625 0.025
0 0.665625 0.5140625 0.028125 0.0390625
0 0.434375 0.38046875 0.0125 0.01640625
0 0.57734375 0.4 0.0140625 0.021875
0 0.45234375 0.43359375 0.0265625 0.028125
0 0.4703125 0.40390625 0.015625 0.01953125
0 0.45078125 0.3890625 0.0140625 0.01640625
0 0.4796875 0.38046875 0.0125 0.01640625
0 0.5234375 0.36640625 0.0125 0.01640625
0 0.55625 0.36640625 0.0125 0.01640625
0 0.56640625 0.38203125 0.0109375 0.01953125
0 0.50078125 0.3375 0.0078125 0.0140625
0 0.45859375 0.35703125 0.0078125 0.0140625
0 0.534375 0.35703125 0.009375 0.0140625
0 0.51796875 0.321875 0.0109375 0.0109375
0 0.54375 0.346875 0.00625 0.01640625
0 0.4578125 0.37890625 0.009375 0.01953125
0 0.53203125 0.334375 0.0109375 0.0140625
0 0.39140625 0.415625 0.0078125 0.01953125
0 0.44453125 0.43359375 0.0109375 0.021875
0 0.6921875 0.51796875 0.034375 0.03046875