1 0.41640625 0.38203125 0.0328125 0.05859375
0 0.328125 0.87109375 0.096875 0.153125
0 0.634375 0.6984375 0.075 0.153125
0 0.30078125 0.65 0.0671875 0.08359375
0 0.42265625 0.54609375 0.0359375 0.053125
0 0.34375 0.553125 0.040625 0.05546875
0 0.20546875 0.6484375 0.0671875 0.08046875
0 0.0125 0.928125 0.025 0.08359375
0 0.69453125 0.5359375 0.0453125 0.06640625
0 0.62890625 0.53359375 0.0421875 0.05546875
0 0.6125 0.440625 0.021875 0.03046875
0 0.39140625 0.475 0.0296875 0.0390625
0 0.34921875 0.47890625 0.0265625 0.0359375
0 0.4484375 0.440625 0.01875 0.03046875
0 0.571875 0.478125 0.021875 0.0390625
0 0.584375 0.40859375 0.015625 0.021875
0 0.4 0.41796875 0.01875 0.025
0 0.43125 0.41796875 0.01875 0.025
0 0.56953125 0.3875 0.0140625 0.01953125
0 0.378125 0.440625 0.01875 0.03046875
0 0.5390625 0.36796875 0.009375 0.0140625
0 0.4578125 0.375 0.015625 0.021875
0 0.4734375 0.38359375 0.0125 0.01640625
0 0.465625 0.403125 0.015625 0.021875
0 0.5046875 0.35703125 0.009375 0.01953125
0 0.521875 0.37109375 0.00625 0.0140625
0 0.52578125 0.34296875 0.0078125 0.0140625
0 0.459375 0.35703125 0.009375 0.0140625
0 0.54453125 0.3390625 0.0140625 0.01640625
0 0.47890625 0.34609375 0.0078125 0.0140625
0 0.48515625 0.3640625 0.0140625 0.01640625
0 0.54296875 0.346875 0.0109375 0.01640625
0 0.47109375 0.35859375 0.0078125 0.01640625