1 0.07734375 0.8625 0.1546875 0.26953125
0 0.28671875 0.6625 0.0703125 0.0859375
0 0.26796875 0.559375 0.0484375 0.05859375
0 0.3625 0.721875 0.078125 0.1109375
0 0.42421875 0.55859375 0.0390625 0.05546875
0 0.35703125 0.55390625 0.0453125 0.05859375
0 0.53671875 0.4125 0.0171875 0.03046875
0 0.3703125 0.4484375 0.021875 0.03046875
0 0.44375 0.4734375 0.021875 0.0359375
0 0.41328125 0.446875 0.0234375 0.0390625
0 0.46328125 0.4125 0.0203125 0.025
0 0.5828125 0.40390625 0.015625 0.03046875
0 0.571875 0.43203125 0.021875 0.03046875
0 0.37734375 0.5 0.0328125 0.05
0 0.4734375 0.39453125 0.0125 0.01640625
0 0.41484375 0.403125 0.0171875 0.021875
0 0.43984375 0.42890625 0.0203125 0.025
0 0.446875 0.39453125 0.015625 0.021875
0 0.5421875 0.375 0.0125 0.01640625
0 0.55859375 0.37109375 0.0078125 0.01953125
0 0.43203125 0.4140625 0.0171875 0.021875
0 0.53671875 0.35703125 0.0109375 0.01953125
0 0.48046875 0.375 0.0109375 0.01640625
0 0.42734375 0.38203125 0.0171875 0.025
0 0.45078125 0.375 0.0140625 0.01640625
0 0.49453125 0.346875 0.0109375 0.01640625
0 0.52109375 0.36640625 0.0078125 0.01640625
0 0.40703125 0.365625 0.0078125 0.0140625
0 0.48515625 0.365625 0.0078125 0.0140625
0 0.46640625 0.3640625 0.0109375 0.01640625
0 0.3734375 0.47890625 0.01875 0.01953125
0 0.5515625 0.34609375 0.009375 0.01953125