1 0.3546875 0.4390625 0.065625 0.1109375
0 0.8328125 0.715625 0.084375 0.1140625
0 0.65703125 0.78203125 0.0859375 0.146875
0 0.2859375 0.97109375 0.109375 0.053125
0 0.19609375 0.659375 0.0703125 0.08046875
0 0.66484375 0.503125 0.0296875 0.04453125
0 0.3640625 0.540625 0.040625 0.053125
0 0.42734375 0.51796875 0.0390625 0.0640625
0 0.56171875 0.50859375 0.0296875 0.05
0 0.39765625 0.4734375 0.0265625 0.0359375
0 0.44765625 0.4375 0.0203125 0.03046875
0 0.428125 0.421875 0.015625 0.028125
0 0.56953125 0.4265625 0.0171875 0.03046875
0 0.4703125 0.39609375 0.015625 0.01953125
0 0.41484375 0.396875 0.0140625 0.021875
0 0.434375 0.37890625 0.0125 0.01953125
0 0.44765625 0.390625 0.0140625 0.01953125
0 0.575 0.39453125 0.0125 0.021875
0 0.5328125 0.3984375 0.0125 0.01953125
0 0.48046875 0.375 0.0109375 0.01640625
0 0.45625 0.3734375 0.0125 0.01953125
0 0.528125 0.38359375 0.0125 0.021875
0 0.40703125 0.3625 0.0046875 0.0140625
0 0.5375 0.35703125 0.009375 0.0140625
0 0.52265625 0.3609375 0.0109375 0.01640625
0 0.51875 0.359375 0.00625 0.0140625
0 0.50546875 0.35703125 0.0078125 0.0140625
0 0.46484375 0.35390625 0.0109375 0.0140625
0 0.51796875 0.3265625 0.0078125 0.0140625
0 0.565625 0.353125 0.00625 0.0109375
0 0.54296875 0.34609375 0.0078125 0.0140625
0 0.46875 0.3625 0.009375 0.0140625
0 0.38046875 0.45390625 0.0140625 0.03046875