1 0.41953125 0.384375 0.0265625 0.04140625
1 0.3640625 0.453125 0.03125 0.05
0 0.734375 0.5890625 0.053125 0.071875
0 0.3453125 0.565625 0.046875 0.05859375
0 0.625 0.45546875 0.021875 0.03359375
0 0.40234375 0.61953125 0.0484375 0.071875
0 0.24296875 0.7375 0.0890625 0.10859375
0 0.03359375 0.896875 0.0671875 0.128125
0 0.38828125 0.490625 0.0390625 0.04140625
0 0.4296875 0.52109375 0.034375 0.046875
0 0.31171875 0.52109375 0.0390625 0.046875
0 0.240625 0.6125 0.0625 0.06953125
0 0.41171875 0.4484375 0.0265625 0.03046875
0 0.55390625 0.39453125 0.0140625 0.021875
0 0.45 0.459375 0.021875 0.03046875
0 0.4625 0.41640625 0.01875 0.028125
0 0.5640625 0.38046875 0.0125 0.01640625
0 0.44296875 0.36953125 0.0109375 0.01640625
0 0.440625 0.4015625 0.01875 0.03046875
0 0.4734375 0.39453125 0.0125 0.021875
0 0.50390625 0.35859375 0.0109375 0.01640625
0 0.4796875 0.375 0.0125 0.01640625
0 0.4734375 0.30859375 0.009375 0.01640625
0 0.41015625 0.3640625 0.0140625 0.021875
0 0.46015625 0.3734375 0.0109375 0.0140625
0 0.40703125 0.3640625 0.0078125 0.01640625
0 0.49296875 0.3515625 0.0078125 0.0140625
0 0.51875 0.3265625 0.009375 0.0140625
0 0.53515625 0.34609375 0.0109375 0.0140625
0 0.48515625 0.34140625 0.0109375 0.01640625
0 0.4515625 0.365625 0.009375 0.0140625
0 0.55859375 0.375 0.0078125 0.01640625