1 0.31171875 0.48046875 0.0921875 0.13359375
0 0.38828125 0.65 0.0546875 0.08359375
0 0.153125 0.7015625 0.09375 0.10859375
0 0.65546875 0.56640625 0.0515625 0.06640625
0 0.44453125 0.475 0.0265625 0.0390625
0 0.4046875 0.4609375 0.025 0.0390625
0 0.60859375 0.4375 0.0203125 0.03046875
0 0.36875 0.453125 0.025 0.03359375
0 0.5546875 0.396875 0.0125 0.021875
0 0.5234375 0.36796875 0.009375 0.0140625
0 0.46328125 0.42109375 0.0171875 0.025
0 0.5875 0.4484375 0.025 0.0359375
0 0.43046875 0.421875 0.0171875 0.028125
0 0.54375 0.34453125 0.009375 0.01640625
0 0.425 0.390625 0.0125 0.01953125
0 0.44375 0.371875 0.009375 0.01640625
0 0.40625 0.3640625 0.00625 0.01640625
0 0.459375 0.3765625 0.009375 0.0140625
0 0.5609375 0.3734375 0.009375 0.0140625
0 0.44921875 0.390625 0.0109375 0.01953125
0 0.5515625 0.3625 0.009375 0.0140625
0 0.471875 0.3859375 0.0125 0.021875
0 0.50546875 0.35546875 0.0078125 0.01640625
0 0.46796875 0.3984375 0.0140625 0.01953125
0 0.35390625 0.478125 0.0078125 0.04453125
0 0.48359375 0.3625 0.0078125 0.0140625
0 0.5546875 0.321875 0.00625 0.0109375
0 0.4734375 0.3109375 0.00625 0.0109375
0 0.465625 0.353125 0.00625 0.0109375
0 0.47265625 0.35703125 0.0078125 0.0140625