0 0.17265625 0.675 0.0796875 0.0890625
0 0.28046875 0.55859375 0.0484375 0.05546875
0 0.696875 0.628125 0.0625 0.1
0 0.6421875 0.47890625 0.03125 0.04140625
0 0.43515625 0.5015625 0.0296875 0.04140625
0 0.5828125 0.4515625 0.021875 0.0359375
0 0.35390625 0.46953125 0.0296875 0.03359375
0 0.559375 0.4875 0.028125 0.04140625
0 0.396875 0.465625 0.028125 0.0359375
0 0.2953125 0.98359375 0.09375 0.028125
0 0.57578125 0.39453125 0.0140625 0.021875
0 0.4578125 0.434375 0.01875 0.03046875
0 0.42421875 0.425 0.0171875 0.028125
0 0.9328125 0.81640625 0.13125 0.171875
0 0.39609375 0.421875 0.0171875 0.028125
0 0.43828125 0.40859375 0.0171875 0.021875
0 0.45078125 0.384375 0.0140625 0.01953125
0 0.43828125 0.3765625 0.0109375 0.01953125
0 0.4671875 0.409375 0.015625 0.025
0 0.40625 0.365625 0.00625 0.0140625
0 0.41875 0.396875 0.0125 0.021875
0 0.47578125 0.3875 0.0140625 0.01953125
0 0.46796875 0.3625 0.0109375 0.0140625
0 0.5234375 0.353125 0.009375 0.0109375
0 0.47421875 0.3109375 0.0078125 0.0109375
0 0.5046875 0.35859375 0.009375 0.01640625
0 0.69921875 0.29140625 0.0203125 0.01640625
0 0.4484375 0.37109375 0.009375 0.0140625
0 0.4578125 0.3625 0.009375 0.0140625
0 0.55 0.3234375 0.0125 0.0140625
0 0.54140625 0.34609375 0.0078125 0.0140625
0 0.48515625 0.365625 0.0078125 0.0140625
0 0.534375 0.3484375 0.009375 0.0140625
0 0.48125 0.375 0.009375 0.01640625
0 0.53203125 0.34296875 0.0265625 0.03046875
0 0.57421875 0.3875 0.0109375 0.0140625