1 0.4421875 0.3609375 0.01875 0.0390625
0 0.37421875 0.66640625 0.0640625 0.09453125
0 0.96640625 0.9125 0.0640625 0.16953125
0 0.690625 0.540625 0.04375 0.05859375
0 0.32421875 0.50546875 0.0359375 0.04453125
0 0.15859375 0.68359375 0.1015625 0.11640625
0 0.33046875 0.58359375 0.0515625 0.071875
0 0.36328125 0.45859375 0.0203125 0.03359375
0 0.43515625 0.5 0.0296875 0.04453125
0 0.59765625 0.484375 0.0265625 0.04140625
0 0.45078125 0.4515625 0.0234375 0.03046875
0 0.46484375 0.415625 0.0171875 0.025
0 0.4140625 0.44609375 0.021875 0.03046875
0 0.5640625 0.37890625 0.0125 0.01953125
0 0.4390625 0.4015625 0.015625 0.025
0 0.45859375 0.375 0.0109375 0.01640625
0 0.5421875 0.371875 0.0125 0.021875
0 0.47265625 0.38359375 0.0109375 0.01640625
0 0.41328125 0.403125 0.0140625 0.021875
0 0.525 0.38046875 0.0125 0.01640625
0 0.42265625 0.428125 0.0171875 0.028125
0 0.52265625 0.3609375 0.0109375 0.01640625
0 0.43359375 0.38203125 0.0109375 0.0140625
0 0.42734375 0.390625 0.0109375 0.0140625
0 0.4828125 0.36640625 0.009375 0.01640625
0 0.40625 0.3640625 0.00625 0.01640625
0 0.4953125 0.35 0.009375 0.01640625
0 0.5421875 0.34609375 0.009375 0.0140625
0 0.48671875 0.35859375 0.0109375 0.01640625
0 0.5546875 0.3625 0.0125 0.01953125
0 0.540625 0.35546875 0.046875 0.071875