1 0.40625 0.40546875 0.021875 0.03359375
1 0.46953125 0.3875 0.0140625 0.025
0 0.390625 0.6609375 0.059375 0.08359375
0 0.23515625 0.60703125 0.0671875 0.075
0 0.65625 0.5890625 0.05 0.071875
0 0.38046875 0.50703125 0.0328125 0.04140625
0 0.70546875 0.9234375 0.1140625 0.146875
0 0.43203125 0.5109375 0.0296875 0.04453125
0 0.3015625 0.63203125 0.065625 0.0859375
0 0.4140625 0.446875 0.021875 0.03359375
0 0.559375 0.5109375 0.03125 0.05
0 0.34375 0.4765625 0.0375 0.053125
0 0.60703125 0.43359375 0.0203125 0.028125
0 0.45078125 0.45 0.0234375 0.03359375
0 0.58984375 0.415625 0.0171875 0.025
0 0.46484375 0.409375 0.0171875 0.025
0 0.559375 0.40703125 0.015625 0.025
0 0.41796875 0.390625 0.0140625 0.025
0 0.4453125 0.39453125 0.0125 0.021875
0 0.4375 0.3765625 0.0125 0.01953125
0 0.52734375 0.3875 0.0140625 0.01953125
0 0.56328125 0.39296875 0.0140625 0.01953125
0 0.54296875 0.375 0.0109375 0.01640625
0 0.40625 0.3640625 0.00625 0.01640625
0 0.55625 0.37109375 0.009375 0.01953125
0 0.49375 0.34453125 0.0125 0.01640625
0 0.44609375 0.36796875 0.0078125 0.0140625
0 0.4578125 0.359375 0.009375 0.0140625
0 0.48125 0.37109375 0.009375 0.01953125
0 0.4625 0.37109375 0.009375 0.0140625