1 0.34609375 0.45703125 0.0515625 0.09140625
1 0.575 0.40859375 0.040625 0.10546875
1 0.60625 0.41953125 0.021875 0.05
0 0.38984375 0.66796875 0.0609375 0.09140625
0 0.79375 0.66796875 0.075 0.096875
0 0.31484375 0.615625 0.0578125 0.075
0 0.6984375 0.55 0.040625 0.0609375
0 0.3671875 0.5140625 0.0375 0.04453125
0 0.55078125 0.471875 0.0234375 0.0390625
0 0.0859375 0.9484375 0.128125 0.096875
0 0.453125 0.440625 0.01875 0.03046875
0 0.40234375 0.4734375 0.0203125 0.0359375
0 0.38125 0.4375 0.01875 0.03046875
0 0.40703125 0.409375 0.0171875 0.025
0 0.43125 0.41640625 0.01875 0.028125
0 0.5359375 0.3984375 0.015625 0.025
0 0.578125 0.4375 0.034375 0.046875
0 0.47109375 0.39609375 0.0140625 0.01953125
0 0.425 0.3890625 0.0125 0.021875
0 0.53359375 0.4234375 0.0171875 0.025
0 0.4453125 0.39609375 0.0125 0.01953125
0 0.46171875 0.3734375 0.0109375 0.0140625
0 0.40625 0.365625 0.00625 0.0140625
0 0.29140625 0.43203125 0.0109375 0.03046875
0 0.48125 0.3765625 0.0125 0.01953125
0 0.45234375 0.3640625 0.0109375 0.01640625
0 0.4421875 0.375 0.0125 0.01640625
0 0.52578125 0.3734375 0.0109375 0.0140625
0 0.53984375 0.371875 0.0109375 0.01640625
0 0.43359375 0.35 0.0078125 0.0109375
0 0.178125 0.56796875 0.06875 0.05859375
0 0.4734375 0.34609375 0.009375 0.0140625
0 0.0859375 0.9734375 0.128125 0.046875
0 0.58046875 0.4015625 0.0265625 0.0359375