1 0.34375 0.471875 0.034375 0.0609375
0 0.90078125 0.79296875 0.1015625 0.146875
0 0.234375 0.74453125 0.103125 0.128125
0 0.296875 0.54140625 0.040625 0.05546875
0 0.0609375 0.82890625 0.121875 0.146875
0 0.31015625 0.91796875 0.1109375 0.15859375
0 0.37109375 0.5125 0.0328125 0.046875
0 0.44453125 0.496875 0.0296875 0.0390625
0 0.5484375 0.45390625 0.025 0.0359375
0 0.60859375 0.4359375 0.0203125 0.028125
0 0.453125 0.4359375 0.021875 0.03359375
0 0.40859375 0.459375 0.0265625 0.0359375
0 0.4046875 0.4125 0.015625 0.025
0 0.57265625 0.390625 0.0140625 0.01953125
0 0.42734375 0.4234375 0.0171875 0.025
0 0.4328125 0.38203125 0.0125 0.01953125
0 0.5578125 0.36953125 0.009375 0.01640625
0 0.4671875 0.4 0.015625 0.021875
0 0.45078125 0.3875 0.0140625 0.01953125
0 0.40625 0.3640625 0.00625 0.01640625
0 0.4734375 0.309375 0.009375 0.01953125
0 0.47890625 0.378125 0.0109375 0.01640625
0 0.48359375 0.3375 0.0078125 0.0140625
0 0.45859375 0.375 0.0109375 0.01640625
0 0.521875 0.353125 0.009375 0.01640625
0 0.46953125 0.3609375 0.0109375 0.01640625
0 0.54765625 0.35703125 0.0109375 0.0140625
0 0.5375 0.3625 0.009375 0.0140625
0 0.48515625 0.3625 0.0109375 0.0140625