1 0.4625 0.3359375 0.015625 0.04453125
0 0.1953125 0.653125 0.075 0.08359375
0 0.3703125 0.6875 0.0625 0.09140625
0 0.83046875 0.89453125 0.1390625 0.20546875
0 0.3078125 0.60703125 0.05625 0.075
0 0.41328125 0.5859375 0.0453125 0.0609375
0 0.315625 0.51796875 0.034375 0.046875
0 0.425 0.51953125 0.034375 0.05
0 0.5859375 0.45703125 0.028125 0.046875
0 0.6 0.428125 0.01875 0.028125
0 0.37109375 0.51640625 0.0359375 0.05
0 0.4484375 0.46953125 0.021875 0.03359375
0 0.3890625 0.42890625 0.01875 0.025
0 0.3984375 0.46640625 0.028125 0.04453125
0 0.56015625 0.375 0.0109375 0.01640625
0 0.42578125 0.4265625 0.0203125 0.025
0 0.4125 0.4015625 0.015625 0.01953125
0 0.4328125 0.38046875 0.0125 0.01640625
0 0.4609375 0.425 0.01875 0.028125
0 0.44375 0.39609375 0.015625 0.01953125
0 0.72109375 0.584375 0.0515625 0.0640625
0 0.40625 0.3640625 0.00625 0.01640625
0 0.534375 0.36953125 0.009375 0.01640625
0 0.46796875 0.40546875 0.0140625 0.021875
0 0.4546875 0.3625 0.009375 0.0140625
0 0.47890625 0.3484375 0.0109375 0.0140625
0 0.48203125 0.36953125 0.0109375 0.01640625
0 0.36953125 0.3265625 0.0109375 0.0140625
0 0.51953125 0.365625 0.0078125 0.0140625
0 0.45703125 0.38046875 0.0109375 0.01640625
0 0.54296875 0.3390625 0.0109375 0.01640625
0 0.4765625 0.38359375 0.0125 0.01640625
0 0.4640625 0.37109375 0.009375 0.0140625
0 0.53046875 0.33203125 0.0109375 0.0140625
0 0.48984375 0.35390625 0.0109375 0.0140625
0 0.46953125 0.365625 0.0078125 0.0140625