1 0.38359375 0.4125 0.0484375 0.09140625
1 0.44765625 0.3890625 0.0171875 0.03359375
0 0.79453125 0.6625 0.0671875 0.096875
0 0.44296875 0.48359375 0.0265625 0.0390625
0 0.3375 0.4984375 0.034375 0.04140625
0 0.3875 0.65703125 0.05625 0.0859375
0 0.3125 0.62890625 0.059375 0.075
0 0.18671875 0.671875 0.0765625 0.08359375
0 0.4109375 0.45390625 0.025 0.03046875
0 0.43203125 0.415625 0.0203125 0.025
0 0.596875 0.46796875 0.028125 0.04140625
0 0.46171875 0.4109375 0.0171875 0.028125
0 0.5984375 0.4234375 0.01875 0.025
0 0.41875 0.39453125 0.0125 0.021875
0 0.4734375 0.38359375 0.0125 0.01640625
0 0.43515625 0.38203125 0.0078125 0.0140625
0 0.56875 0.3890625 0.0125 0.021875
0 0.5765625 0.4015625 0.009375 0.01953125
0 0.503125 0.35703125 0.0125 0.01953125
0 0.40625 0.365625 0.00625 0.0140625
0 0.53515625 0.35390625 0.0109375 0.0140625
0 0.56015625 0.3734375 0.0109375 0.025
0 0.3765625 0.44296875 0.03125 0.03046875
0 0.48203125 0.36796875 0.0109375 0.0140625
0 0.46484375 0.36953125 0.0109375 0.01640625
0 0.5859375 0.40546875 0.00625 0.0109375
0 0.4453125 0.36953125 0.009375 0.0109375
0 0.365625 0.4390625 0.009375 0.021875
0 0.58046875 0.4 0.0171875 0.021875