1 0.8671875 0.68046875 0.2625 0.45546875
1 0.43515625 0.375 0.0171875 0.028125
1 0.71875 0.40703125 0.04375 0.04140625
0 0.33828125 0.7984375 0.0796875 0.13046875
0 0.07265625 0.80859375 0.1265625 0.13359375
0 0.6890625 0.8984375 0.109375 0.196875
0 0.30390625 0.53359375 0.0453125 0.05546875
0 0.3703125 0.4484375 0.025 0.03046875
0 0.43515625 0.50390625 0.0296875 0.04140625
0 0.3171875 0.61640625 0.0625 0.0890625
0 0.59765625 0.478125 0.0265625 0.04453125
0 0.38359375 0.4875 0.0359375 0.046875
0 0.5390625 0.4375 0.01875 0.03046875
0 0.45546875 0.4390625 0.0171875 0.028125
0 0.5515625 0.39296875 0.015625 0.025
0 0.4140625 0.44609375 0.01875 0.03046875
0 0.58203125 0.40859375 0.0109375 0.021875
0 0.409375 0.409375 0.015625 0.025
0 0.52109375 0.34453125 0.0078125 0.01640625
0 0.40625 0.365625 0.00625 0.0140625
0 0.47265625 0.3875 0.0140625 0.025
0 0.42734375 0.41796875 0.0140625 0.025
0 0.4578125 0.35859375 0.009375 0.0109375
0 0.578125 0.503125 0.00625 0.0109375
0 0.53125 0.40546875 0.015625 0.028125
0 0.4890625 0.353125 0.009375 0.01640625
0 0.48046875 0.36953125 0.0109375 0.01640625
0 0.44296875 0.3984375 0.0140625 0.01953125
0 0.57109375 0.3890625 0.0140625 0.01640625
0 0.525 0.375 0.0125 0.01640625
0 0.36953125 0.3265625 0.0109375 0.0140625
0 0.45 0.384375 0.0125 0.01953125
0 0.46328125 0.371875 0.0109375 0.01640625
0 0.50390625 0.35703125 0.0109375 0.01953125
0 0.5671875 0.3875 0.00625 0.0140625
0 0.7203125 0.421875 0.01875 0.01640625
0 0.54140625 0.35 0.0078125 0.01640625
0 0.575 0.390625 0.00625 0.0140625