1 0.41015625 0.41796875 0.0453125 0.103125
0 0.871875 0.7609375 0.103125 0.1390625
0 0.21484375 0.62890625 0.0734375 0.075
0 0.109375 0.79609375 0.096875 0.1359375
0 0.3984375 0.63359375 0.053125 0.08359375
0 0.64921875 0.490625 0.0359375 0.04140625
0 0.43046875 0.52890625 0.0328125 0.046875
0 0.315625 0.6 0.05625 0.071875
0 0.32734375 0.50546875 0.0359375 0.04453125
0 0.590625 0.4125 0.015625 0.025
0 0.59296875 0.4875 0.0296875 0.046875
0 0.271875 0.97890625 0.103125 0.0359375
0 0.36640625 0.45390625 0.0265625 0.03046875
0 0.44296875 0.46796875 0.0265625 0.0359375
0 0.4625 0.4109375 0.01875 0.021875
0 0.55234375 0.3875 0.0140625 0.03046875
0 0.44765625 0.39140625 0.0140625 0.01640625
0 0.46015625 0.378125 0.0109375 0.01640625
0 0.4359375 0.4109375 0.00625 0.021875
0 0.4859375 0.3625 0.009375 0.0140625
0 0.475 0.38359375 0.0125 0.01640625
0 0.44921875 0.35703125 0.0140625 0.01953125
0 0.50546875 0.35546875 0.0078125 0.01640625
0 0.4421875 0.3734375 0.009375 0.01953125
0 0.4484375 0.35 0.0125 0.0109375
0 0.703125 0.290625 0.0125 0.0140625
0 0.53515625 0.359375 0.0109375 0.0140625
0 0.43203125 0.34609375 0.0109375 0.0140625
0 0.52265625 0.3359375 0.0078125 0.0109375
0 0.36953125 0.3265625 0.0109375 0.0140625
0 0.4828125 0.346875 0.00625 0.0109375
0 0.46328125 0.35546875 0.0109375 0.01640625
0 0.43359375 0.38359375 0.0078125 0.01640625
0 0.69296875 0.29140625 0.0078125 0.0109375
0 0.54453125 0.3515625 0.0078125 0.0140625