1 0.12890625 0.7765625 0.2578125 0.44140625
1 0.42265625 0.37890625 0.0296875 0.046875
0 0.884375 0.775 0.10625 0.15
0 0.36171875 0.70390625 0.0703125 0.096875
0 0.60546875 0.421875 0.0265625 0.05
0 0.4296875 0.50546875 0.03125 0.0390625
0 0.3390625 0.55859375 0.04375 0.0609375
0 0.3921875 0.48203125 0.03125 0.0359375
0 0.4203125 0.4359375 0.01875 0.028125
0 0.28515625 0.5515625 0.0453125 0.05859375
0 0.46328125 0.40859375 0.0171875 0.021875
0 0.35625 0.46953125 0.028125 0.04453125
0 0.38125 0.440625 0.01875 0.03046875
0 0.4015625 0.41640625 0.015625 0.028125
0 0.553125 0.36796875 0.0125 0.01953125
0 0.44140625 0.378125 0.0078125 0.01640625
0 0.5328125 0.34296875 0.00625 0.0140625
0 0.19296875 0.5515625 0.0421875 0.025
0 0.14296875 0.96796875 0.0390625 0.05859375
0 0.47421875 0.384375 0.0109375 0.01953125
0 0.50390625 0.35703125 0.0109375 0.01953125
0 0.46171875 0.36953125 0.0109375 0.01640625
0 0.18125 0.91796875 0.040625 0.096875
0 0.55 0.365625 0.00625 0.0140625
0 0.36953125 0.3265625 0.0109375 0.0140625
0 0.1625 0.93203125 0.078125 0.13046875
0 0.41015625 0.3625 0.0109375 0.01953125
0 0.70234375 0.29296875 0.0109375 0.0140625
0 0.4078125 0.3625 0.00625 0.0140625
0 0.48125 0.36953125 0.009375 0.01640625
0 0.19375 0.56640625 0.05 0.05546875
0 0.41875 0.39609375 0.0125 0.0140625
0 0.41875 0.3890625 0.015625 0.028125