1 0.41015625 0.3984375 0.0234375 0.04140625
0 0.1921875 0.828125 0.10625 0.13359375
0 0.4109375 0.58046875 0.04375 0.06640625
0 0.3390625 0.4875 0.034375 0.04140625
0 0.3 0.534375 0.04375 0.05859375
0 0.66484375 0.8015625 0.0921875 0.16953125
0 0.44609375 0.48046875 0.0296875 0.0390625
0 0.65 0.4859375 0.03125 0.04453125
0 0.546875 0.4515625 0.021875 0.03046875
0 0.39765625 0.46953125 0.0296875 0.05
0 0.45859375 0.4390625 0.0203125 0.028125
0 0.38203125 0.440625 0.0234375 0.03046875
0 0.634375 0.52890625 0.034375 0.06953125
0 0.4296875 0.41953125 0.015625 0.028125
0 0.47109375 0.39296875 0.0140625 0.025
0 0.50390625 0.35703125 0.0109375 0.01953125
0 0.45625 0.378125 0.009375 0.01640625
0 0.42890625 0.39296875 0.0140625 0.01953125
0 0.52109375 0.35 0.0078125 0.0109375
0 0.4734375 0.3109375 0.009375 0.01640625
0 0.434375 0.38046875 0.0125 0.01640625
0 0.6328125 0.5109375 0.028125 0.03359375
0 0.47890625 0.375 0.0109375 0.01640625
0 0.51796875 0.3234375 0.0140625 0.0140625
0 0.546875 0.35 0.00625 0.0109375
0 0.40625 0.3640625 0.00625 0.01640625
0 0.440625 0.3734375 0.009375 0.0140625
0 0.46484375 0.365625 0.0109375 0.0140625
0 0.47890625 0.38203125 0.0109375 0.025
0 0.5328125 0.3484375 0.009375 0.0140625