1 0.2734375 0.9109375 0.15625 0.171875
1 0.41953125 0.3734375 0.0296875 0.0640625
1 0.38671875 0.409375 0.0453125 0.09140625
1 0.3375 0.446875 0.0625 0.13359375
1 0.434375 0.3984375 0.025 0.046875
0 0.1421875 0.728125 0.103125 0.10546875
0 0.4171875 0.5375 0.0375 0.053125
0 0.30625 0.61640625 0.05625 0.071875
0 0.284375 0.54140625 0.04375 0.05546875
0 0.17421875 0.878125 0.1265625 0.1609375
0 0.58828125 0.4109375 0.0140625 0.021875
0 0.44609375 0.4640625 0.0265625 0.0390625
0 0.41328125 0.45 0.0234375 0.03359375
0 0.88828125 0.98046875 0.1046875 0.03359375
0 0.56953125 0.3859375 0.0109375 0.01640625
0 0.5265625 0.38359375 0.0125 0.01640625
0 0.97734375 0.921875 0.0421875 0.13359375
0 0.4578125 0.425 0.01875 0.028125
0 0.46171875 0.375 0.0109375 0.01640625
0 0.546875 0.353125 0.009375 0.0109375
0 0.321875 0.478125 0.028125 0.05
0 0.50390625 0.35703125 0.0109375 0.01953125
0 0.41640625 0.4 0.0109375 0.01640625
0 0.46796875 0.40703125 0.0140625 0.025
0 0.44921875 0.39609375 0.0078125 0.01953125
0 0.4765625 0.38203125 0.0125 0.01953125
0 0.2921875 0.43046875 0.0125 0.028125
0 0.4515625 0.3625 0.009375 0.0140625
0 0.3484375 0.39296875 0.021875 0.03046875
0 0.36953125 0.3265625 0.0109375 0.0140625
0 0.37890625 0.43359375 0.0234375 0.0390625
0 0.53359375 0.346875 0.0078125 0.0109375
0 0.703125 0.290625 0.0125 0.0140625
0 0.37421875 0.39453125 0.0171875 0.03359375
0 0.4859375 0.359375 0.0125 0.01953125
0 0.5109375 0.33359375 0.00625 0.0109375
0 0.5234375 0.38203125 0.00625 0.0140625