1 0.253125 0.5515625 0.08125 0.1359375
1 0.43203125 0.484375 0.0359375 0.08046875
0 0.7546875 0.62109375 0.059375 0.08046875
0 0.2765625 0.675 0.06875 0.0890625
0 0.41171875 0.58203125 0.0421875 0.0640625
0 0.55859375 0.49296875 0.0328125 0.0640625
0 0.64453125 0.484375 0.0296875 0.04140625
0 0.58671875 0.45859375 0.0234375 0.0390625
0 0.24140625 0.9390625 0.1734375 0.11640625
0 0.403125 0.459375 0.025 0.0359375
0 0.596875 0.41640625 0.021875 0.03359375
0 0.36015625 0.5375 0.0421875 0.05859375
0 0.453125 0.4484375 0.021875 0.03046875
0 0.0359375 0.915625 0.071875 0.15859375
0 0.38515625 0.43359375 0.0171875 0.028125
0 0.53046875 0.39609375 0.0140625 0.01953125
0 0.328125 0.503125 0.0375 0.04453125
0 0.4359375 0.37890625 0.0125 0.01953125
0 0.52265625 0.375 0.0109375 0.01640625
0 0.465625 0.40390625 0.015625 0.025
0 0.471875 0.384375 0.0125 0.01953125
0 0.4546875 0.38046875 0.0125 0.01640625
0 0.4234375 0.39296875 0.0125 0.01953125
0 0.40625 0.3640625 0.00625 0.01640625
0 0.54296875 0.37109375 0.0109375 0.0140625
0 0.4859375 0.35859375 0.0125 0.021875
0 0.53359375 0.3359375 0.0078125 0.01640625
0 0.54140625 0.32890625 0.0078125 0.0140625
0 0.49453125 0.34609375 0.0078125 0.0140625
0 0.46796875 0.359375 0.0109375 0.0140625
0 0.47578125 0.3484375 0.0078125 0.0140625
0 0.46015625 0.35546875 0.0078125 0.01640625
0 0.525 0.33203125 0.009375 0.0140625
0 0.50390625 0.35546875 0.0078125 0.01640625
0 0.5359375 0.353125 0.00625 0.0109375
0 0.53984375 0.3515625 0.0140625 0.01953125