1 0.4421875 0.359375 0.025 0.0359375
1 0.4625 0.334375 0.015625 0.04140625
0 0.56640625 0.53046875 0.0359375 0.0609375
0 0.43359375 0.50703125 0.0328125 0.046875
0 0.665625 0.4875 0.040625 0.08046875
0 0.5890625 0.465625 0.025 0.0359375
0 0.346875 0.5625 0.04375 0.05859375
0 0.453125 0.45 0.021875 0.028125
0 0.5953125 0.42109375 0.01875 0.025
0 0.39921875 0.46796875 0.0328125 0.0359375
0 0.42265625 0.428125 0.0203125 0.028125
0 0.75 0.74453125 0.0875 0.13359375
0 0.4265625 0.3875 0.0125 0.01953125
0 0.4640625 0.409375 0.015625 0.025
0 0.37109375 0.44609375 0.0265625 0.03046875
0 0.55859375 0.36953125 0.0109375 0.01640625
0 0.53359375 0.415625 0.0171875 0.025
0 0.446875 0.39296875 0.0125 0.01953125
0 0.53359375 0.334375 0.0078125 0.0140625
0 0.47421875 0.384375 0.0140625 0.01953125
0 0.55078125 0.38203125 0.0109375 0.01953125
0 0.52109375 0.35859375 0.0109375 0.021875
0 0.46015625 0.375 0.0109375 0.01640625
0 0.40625 0.3640625 0.00625 0.01640625
0 0.52421875 0.37890625 0.0140625 0.01953125
0 0.54296875 0.35 0.0078125 0.0109375
0 0.60234375 0.39609375 0.0078125 0.0140625
0 0.525 0.3859375 0.015625 0.028125
0 0.5296875 0.39609375 0.0125 0.01953125
0 0.44140625 0.375 0.0140625 0.0109375
0 0.48046875 0.36796875 0.0109375 0.0140625