1 0.4234375 0.38046875 0.034375 0.078125
0 0.78203125 0.646875 0.0671875 0.0890625
0 0.10625 0.94453125 0.15625 0.10546875
0 0.39375 0.6125 0.046875 0.0640625
0 0.30390625 0.51953125 0.0390625 0.04453125
0 0.2171875 0.628125 0.065625 0.078125
0 0.7046875 0.9140625 0.10625 0.16640625
0 0.6046875 0.609375 0.05 0.08046875
0 0.434375 0.5140625 0.03125 0.04453125
0 0.5890625 0.45703125 0.025 0.0359375
0 0.38515625 0.5 0.0359375 0.04453125
0 0.33359375 0.5765625 0.0484375 0.075
0 0.38984375 0.42890625 0.0203125 0.025
0 0.5890625 0.415625 0.015625 0.025
0 0.41328125 0.45 0.0234375 0.03359375
0 0.44921875 0.43046875 0.0234375 0.04453125
0 0.5515625 0.4 0.015625 0.021875
0 0.4140625 0.40390625 0.015625 0.025
0 0.5453125 0.378125 0.0125 0.01640625
0 0.47421875 0.3125 0.0109375 0.01953125
0 0.43984375 0.3765625 0.0078125 0.01953125
0 0.42109375 0.35546875 0.0265625 0.021875
0 0.54609375 0.35546875 0.0046875 0.0109375
0 0.4640625 0.4109375 0.015625 0.021875
0 0.53203125 0.34609375 0.0078125 0.0140625
0 0.45546875 0.359375 0.0109375 0.0140625
0 0.44609375 0.4015625 0.0109375 0.01953125
0 0.475 0.384375 0.0125 0.01953125
0 0.50546875 0.35703125 0.0078125 0.0140625
0 0.453125 0.3859375 0.0125 0.028125
0 0.54296875 0.340625 0.0046875 0.00859375
0 0.70234375 0.2890625 0.0109375 0.0109375
0 0.52421875 0.3390625 0.0046875 0.0109375
0 0.46640625 0.36796875 0.0109375 0.0140625
0 0.46796875 0.39609375 0.0140625 0.01953125