1 0.47109375 0.35 0.0109375 0.028125
1 0.4546875 0.35546875 0.0125 0.03359375
0 0.19296875 0.8390625 0.1078125 0.14453125
0 0.7125 0.66640625 0.071875 0.1109375
0 0.44453125 0.4859375 0.0265625 0.0390625
0 0.4109375 0.45 0.021875 0.03359375
0 0.3484375 0.4734375 0.03125 0.0359375
0 0.38359375 0.5015625 0.0328125 0.04140625
0 0.41015625 0.58359375 0.0453125 0.071875
0 0.465625 0.42109375 0.01875 0.025
0 0.56875 0.4234375 0.01875 0.03046875
0 0.61953125 0.446875 0.0234375 0.03359375
0 0.41875 0.39609375 0.0125 0.01953125
0 0.57421875 0.390625 0.0140625 0.01953125
0 0.528125 0.39140625 0.015625 0.021875
0 0.44140625 0.40703125 0.0140625 0.025
0 0.5484375 0.3875 0.0125 0.01953125
0 0.4484375 0.39140625 0.0125 0.021875
0 0.48046875 0.36796875 0.0109375 0.01953125
0 0.45390625 0.36640625 0.0109375 0.01640625
0 0.5046875 0.35546875 0.009375 0.01640625
0 0.40703125 0.3625 0.0046875 0.0140625
0 0.55546875 0.37109375 0.0109375 0.0140625
0 0.53515625 0.359375 0.0109375 0.0140625
0 0.41171875 0.565625 0.0390625 0.04140625
0 0.4734375 0.30859375 0.009375 0.01640625
0 0.47109375 0.359375 0.0078125 0.0140625
0 0.61796875 0.4390625 0.0140625 0.01640625
0 0.52109375 0.35546875 0.0078125 0.01640625
0 0.53125 0.33203125 0.009375 0.0140625
0 0.48828125 0.359375 0.0078125 0.0140625
0 0.546875 0.353125 0.009375 0.0109375
0 0.47109375 0.34296875 0.0078125 0.0140625
0 0.62109375 0.45390625 0.0203125 0.01953125