1 0.3734375 0.684375 0.090625 0.19140625
1 0.440625 0.3609375 0.021875 0.0390625
0 0.0609375 0.80390625 0.121875 0.1359375
0 0.2625 0.696875 0.078125 0.1
0 0.6921875 0.89453125 0.109375 0.2
0 0.3234375 0.50703125 0.0375 0.046875
0 0.63359375 0.465625 0.0265625 0.0359375
0 0.85859375 0.91796875 0.1421875 0.15859375
0 0.43515625 0.521875 0.0296875 0.05
0 0.3921875 0.478125 0.028125 0.0390625
0 0.44453125 0.47109375 0.0265625 0.0359375
0 0.36328125 0.4625 0.0265625 0.0359375
0 0.53125 0.415625 0.01875 0.025
0 0.43125 0.41796875 0.01875 0.025
0 0.4578125 0.428125 0.01875 0.028125
0 0.409375 0.40859375 0.015625 0.021875
0 0.59296875 0.41796875 0.0171875 0.025
0 0.5734375 0.43359375 0.01875 0.03359375
0 0.44765625 0.3875 0.0140625 0.01953125
0 0.42421875 0.390625 0.0109375 0.01953125
0 0.47734375 0.38046875 0.0140625 0.01640625
0 0.5265625 0.38359375 0.0125 0.01640625
0 0.546875 0.384375 0.0125 0.01953125
0 0.47421875 0.3109375 0.0109375 0.01640625
0 0.48515625 0.3609375 0.0109375 0.01640625
0 0.49375 0.35 0.0125 0.01640625
0 0.571875 0.4015625 0.015625 0.01953125
0 0.56953125 0.384375 0.0109375 0.0140625
0 0.46328125 0.37109375 0.0109375 0.01953125
0 0.4078125 0.3625 0.00625 0.0140625
0 0.4765625 0.3515625 0.009375 0.0140625
0 0.53671875 0.365625 0.0109375 0.01953125
0 0.55390625 0.3640625 0.0109375 0.01640625
0 0.45390625 0.3609375 0.0078125 0.01640625
0 0.5234375 0.36640625 0.0125 0.01640625
0 0.50546875 0.35703125 0.0078125 0.0140625
0 0.5609375 0.378125 0.009375 0.01640625
0 0.4390625 0.3765625 0.0125 0.0140625