1 0.7125 0.51796875 0.121875 0.196875
1 0.646875 0.6765625 0.090625 0.20859375
0 0.11171875 0.74140625 0.0984375 0.1109375
0 0.35625 0.80703125 0.08125 0.125
0 0.415625 0.571875 0.040625 0.06640625
0 0.2796875 0.696875 0.084375 0.1
0 0.33671875 0.484375 0.0296875 0.0359375
0 0.328125 0.578125 0.05 0.078125
0 0.63515625 0.54609375 0.0421875 0.0640625
0 0.45078125 0.45 0.0234375 0.03359375
0 0.3765625 0.503125 0.0375 0.04453125
0 0.56328125 0.375 0.0140625 0.021875
0 0.43671875 0.409375 0.0171875 0.025
0 0.41796875 0.4375 0.0234375 0.03046875
0 0.39609375 0.421875 0.0234375 0.028125
0 0.465625 0.4125 0.01875 0.025
0 0.4046875 0.46640625 0.028125 0.03359375
0 0.41328125 0.39453125 0.0171875 0.028125
0 0.525 0.3734375 0.0125 0.0140625
0 0.546875 0.38359375 0.0125 0.021875
0 0.45 0.3875 0.0125 0.01953125
0 0.09453125 0.99140625 0.0890625 0.0109375
0 0.459375 0.3734375 0.0125 0.01953125
0 0.47265625 0.390625 0.0140625 0.01953125
0 0.48125 0.3765625 0.009375 0.0140625
0 0.3234375 0.553125 0.025 0.028125
0 0.48984375 0.35390625 0.0078125 0.0140625
0 0.4375 0.3765625 0.009375 0.01953125
0 0.53515625 0.35859375 0.0078125 0.01640625
0 0.50390625 0.35703125 0.0109375 0.01953125
0 0.3765625 0.4765625 0.015625 0.01953125
0 0.55078125 0.3609375 0.0109375 0.01640625