0 0.36796875 0.75 0.0796875 0.11640625
0 0.12578125 0.75390625 0.1109375 0.11953125
0 0.6390625 0.54453125 0.040625 0.05546875
0 0.7828125 0.7875 0.1 0.15859375
0 0.63046875 0.7015625 0.0640625 0.11953125
0 0.34453125 0.4859375 0.0328125 0.0390625
0 0.43203125 0.4984375 0.0296875 0.04140625
0 0.565625 0.421875 0.01875 0.028125
0 0.54609375 0.45390625 0.0203125 0.0359375
0 0.39375 0.421875 0.015625 0.021875
0 0.40546875 0.45546875 0.0265625 0.0390625
0 0.3671875 0.45390625 0.021875 0.03046875
0 0.4484375 0.45390625 0.021875 0.03046875
0 0.4671875 0.4 0.015625 0.021875
0 0.4546875 0.43046875 0.01875 0.028125
0 0.47890625 0.375 0.0109375 0.01640625
0 0.44296875 0.39453125 0.0140625 0.021875
0 0.40625 0.365625 0.00625 0.0140625
0 0.54921875 0.390625 0.0109375 0.01953125
0 0.5296875 0.415625 0.015625 0.01953125
0 0.53515625 0.396875 0.0140625 0.021875
0 0.4453125 0.37109375 0.009375 0.0140625
0 0.3703125 0.3265625 0.015625 0.0140625
0 0.5234375 0.37890625 0.0125 0.01953125
0 0.4890625 0.3484375 0.009375 0.01953125
0 0.5390625 0.36953125 0.009375 0.01640625
0 0.4546875 0.38203125 0.0125 0.01953125
0 0.50546875 0.35546875 0.0078125 0.01640625
0 0.4640625 0.36953125 0.009375 0.01640625
0 0.565625 0.38203125 0.00625 0.0140625
0 0.3546875 0.48203125 0.0125 0.0359375