1 0.1640625 0.6140625 0.234375 0.35546875
1 0.203125 0.771875 0.134375 0.1890625
0 0.7140625 0.55390625 0.046875 0.06953125
0 0.70390625 0.66796875 0.0640625 0.096875
0 0.37578125 0.50859375 0.0421875 0.05
0 0.44609375 0.46796875 0.0234375 0.0359375
0 0.54765625 0.465625 0.0234375 0.04140625
0 0.4140625 0.44453125 0.021875 0.03359375
0 0.4609375 0.4125 0.01875 0.025
0 0.5765625 0.4 0.015625 0.021875
0 0.6140625 0.5015625 0.034375 0.046875
0 0.38828125 0.42890625 0.0203125 0.03046875
0 0.5625 0.4125 0.015625 0.025
0 0.409375 0.40859375 0.015625 0.021875
0 0.25859375 0.609375 0.0421875 0.06953125
0 0.53828125 0.36640625 0.0109375 0.01640625
0 0.55546875 0.36953125 0.0109375 0.01640625
0 0.40625 0.365625 0.00625 0.0140625
0 0.4421875 0.375 0.0125 0.01640625
0 0.428125 0.3890625 0.0125 0.01640625
0 0.53046875 0.40390625 0.0140625 0.03046875
0 0.47265625 0.38359375 0.0140625 0.021875
0 0.453125 0.3609375 0.009375 0.01640625
0 0.70390625 0.29140625 0.0140625 0.0109375
0 0.52109375 0.390625 0.0046875 0.0140625
0 0.6125 0.4875 0.021875 0.01953125
0 0.24765625 0.628125 0.0203125 0.0390625
0 0.396875 0.41953125 0.009375 0.01640625
0 0.5625 0.38359375 0.015625 0.01640625
0 0.46171875 0.371875 0.0109375 0.01640625
0 0.609375 0.49296875 0.028125 0.03046875
0 0.27421875 0.55859375 0.0140625 0.05