1 0.4 0.43203125 0.05 0.103125
1 0.32265625 0.4640625 0.0859375 0.128125
1 0.4390625 0.35546875 0.01875 0.0390625
1 0.421875 0.37890625 0.021875 0.046875
0 0.97421875 0.92890625 0.0484375 0.1359375
0 0.3953125 0.5984375 0.046875 0.06953125
0 0.4296875 0.50390625 0.034375 0.04140625
0 0.1140625 0.925 0.153125 0.14453125
0 0.4625 0.4109375 0.01875 0.028125
0 0.47265625 0.3890625 0.0140625 0.021875
0 0.52734375 0.3890625 0.0140625 0.021875
0 0.54609375 0.37890625 0.0140625 0.01953125
0 0.48203125 0.36640625 0.0140625 0.021875
0 0.559375 0.37109375 0.009375 0.01953125
0 0.5375 0.34140625 0.0125 0.01640625
0 0.44140625 0.3765625 0.0171875 0.0140625
0 0.41875 0.36796875 0.015625 0.025
0 0.40859375 0.3625 0.0109375 0.025
0 0.5046875 0.35546875 0.009375 0.01640625
0 0.46640625 0.35390625 0.0140625 0.0140625
0 0.5234375 0.34296875 0.0125 0.01953125
0 0.69921875 0.29140625 0.0203125 0.01640625
0 0.53828125 0.3609375 0.0109375 0.0109375
0 0.428125 0.3859375 0.009375 0.03359375
0 0.3625 0.42890625 0.009375 0.0359375