0 0.16015625 0.709375 0.0953125 0.103125
0 0.94375 0.865625 0.109375 0.18046875
0 0.31328125 0.95390625 0.1046875 0.0859375
0 0.2734375 0.70546875 0.075 0.1
0 0.71875 0.56640625 0.05625 0.08359375
0 0.3640625 0.52890625 0.0375 0.046875
0 0.33828125 0.48046875 0.0328125 0.0390625
0 0.63984375 0.478125 0.0265625 0.0390625
0 0.5734375 0.53046875 0.03125 0.05546875
0 0.60546875 0.49609375 0.0296875 0.046875
0 0.40078125 0.4625 0.0265625 0.0359375
0 0.4484375 0.45 0.028125 0.0609375
0 0.40390625 0.59140625 0.0421875 0.06640625
0 0.41484375 0.403125 0.0140625 0.021875
0 0.396875 0.41953125 0.01875 0.028125
0 0.58125 0.4 0.015625 0.021875
0 0.53984375 0.421875 0.0171875 0.028125
0 0.59375 0.41953125 0.015625 0.021875
0 0.44296875 0.40546875 0.0140625 0.021875
0 0.475 0.38359375 0.0125 0.01640625
0 0.45546875 0.37890625 0.0140625 0.01953125
0 0.55234375 0.39140625 0.0140625 0.021875
0 0.540625 0.375 0.0125 0.01640625
0 0.40703125 0.3640625 0.0046875 0.0109375
0 0.440625 0.3765625 0.009375 0.0140625
0 0.47421875 0.309375 0.0109375 0.01953125
0 0.56328125 0.41640625 0.0171875 0.028125
0 0.44375 0.37109375 0.015625 0.025
0 0.4875 0.35703125 0.009375 0.0140625
0 0.465625 0.3625 0.009375 0.0140625
0 0.46484375 0.4015625 0.0171875 0.01953125
0 0.5 0.3390625 0.009375 0.01640625
0 0.528125 0.396875 0.0125 0.01640625
0 0.47578125 0.35546875 0.0109375 0.01640625
0 0.5578125 0.36640625 0.0125 0.01640625
0 0.46484375 0.415625 0.0171875 0.025
0 0.52578125 0.3890625 0.0140625 0.021875
0 0.61015625 0.4375 0.0203125 0.03046875