1 0.58359375 0.3875 0.0328125 0.05859375
0 0.3390625 0.5734375 0.046875 0.05859375
0 0.78984375 0.64609375 0.0703125 0.096875
0 0.4234375 0.53203125 0.034375 0.046875
0 0.1296875 0.92109375 0.153125 0.153125
0 0.05234375 0.8375 0.1046875 0.14140625
0 0.44765625 0.453125 0.0234375 0.03359375
0 0.53984375 0.425 0.0203125 0.03359375
0 0.4296875 0.415625 0.015625 0.025
0 0.4609375 0.4140625 0.01875 0.03359375
0 0.29140625 0.9890625 0.0859375 0.01640625
0 0.54921875 0.39296875 0.0140625 0.01953125
0 0.39609375 0.421875 0.0265625 0.03359375
0 0.47421875 0.384375 0.0140625 0.01953125
0 0.52578125 0.375 0.0140625 0.01640625
0 0.43828125 0.3765625 0.0109375 0.01953125
0 0.5515625 0.35703125 0.009375 0.01953125
0 0.40703125 0.3625 0.0046875 0.0140625
0 0.453125 0.38203125 0.015625 0.025
0 0.56640625 0.384375 0.0046875 0.0140625
0 0.4796875 0.36953125 0.0125 0.01640625
0 0.52109375 0.35546875 0.0109375 0.01640625
0 0.53671875 0.35859375 0.0109375 0.0109375
0 0.47421875 0.3109375 0.0078125 0.01640625
0 0.70234375 0.290625 0.0109375 0.0140625
0 0.45 0.3625 0.009375 0.0140625
0 0.46953125 0.3640625 0.0109375 0.021875
0 0.4625 0.375 0.00625 0.01640625