0 0.38515625 0.6890625 0.0671875 0.09453125
0 0.23515625 0.68046875 0.0859375 0.09453125
0 0.69296875 0.90703125 0.1140625 0.18046875
0 0.75390625 0.7359375 0.0953125 0.121875
0 0.8125 0.68203125 0.071875 0.096875
0 0.31953125 0.59453125 0.0609375 0.078125
0 0.43828125 0.4890625 0.0265625 0.04453125
0 0.39375 0.4734375 0.025 0.04140625
0 0.36328125 0.459375 0.0265625 0.0359375
0 0.28125 0.5484375 0.04375 0.053125
0 0.45625 0.4265625 0.01875 0.03046875
0 0.67109375 0.515625 0.0390625 0.053125
0 0.5390625 0.42109375 0.01875 0.0359375
0 0.58671875 0.4640625 0.0265625 0.0390625
0 0.4203125 0.42890625 0.01875 0.03046875
0 0.60078125 0.428125 0.0203125 0.028125
0 0.5734375 0.3875 0.015625 0.025
0 0.46875 0.39296875 0.0125 0.01953125
0 0.56015625 0.371875 0.0109375 0.01640625
0 0.55546875 0.403125 0.0140625 0.021875
0 0.58359375 0.40859375 0.0140625 0.021875
0 0.421875 0.39296875 0.0125 0.01953125
0 0.47578125 0.378125 0.0109375 0.01640625
0 0.440625 0.39609375 0.015625 0.01953125
0 0.40703125 0.3640625 0.0046875 0.01640625
0 0.4953125 0.346875 0.0125 0.01640625
0 0.6671875 0.503125 0.025 0.028125
0 0.48203125 0.35859375 0.0109375 0.01640625
0 0.45390625 0.3859375 0.0109375 0.01640625
0 0.45 0.3640625 0.0125 0.01640625
0 0.5265625 0.38046875 0.0125 0.021875
0 0.43671875 0.38046875 0.0140625 0.01640625
0 0.465625 0.365625 0.009375 0.0140625
0 0.50546875 0.35859375 0.0109375 0.01640625
0 0.53984375 0.36640625 0.0078125 0.01640625
0 0.54609375 0.38046875 0.0109375 0.01640625