1 0.65625 0.796875 0.103125 0.228125
1 0.39140625 0.40546875 0.0421875 0.078125
1 0.42421875 0.3859375 0.0171875 0.03359375
1 0.565625 0.3890625 0.025 0.0609375
1 0.4609375 0.328125 0.015625 0.028125
0 0.07109375 0.7765625 0.1421875 0.1640625
0 0.29375 0.94140625 0.115625 0.1109375
0 0.22265625 0.6140625 0.0609375 0.071875
0 0.70703125 0.559375 0.0484375 0.06953125
0 0.365625 0.70703125 0.06875 0.103125
0 0.6140625 0.4984375 0.0375 0.046875
0 0.28984375 0.675 0.0734375 0.1
0 0.3796875 0.5140625 0.0375 0.04453125
0 0.375 0.4484375 0.025 0.03046875
0 0.40546875 0.62109375 0.0484375 0.075
0 0.35 0.82890625 0.084375 0.1359375
0 0.31953125 0.6015625 0.0578125 0.06953125
0 0.4046875 0.478125 0.028125 0.0390625
0 0.41796875 0.5609375 0.0453125 0.078125
0 0.40546875 0.45546875 0.0203125 0.021875
0 0.44140625 0.49140625 0.0265625 0.0390625
0 0.5484375 0.3859375 0.009375 0.01640625
0 0.43125 0.51796875 0.03125 0.053125
0 0.45625 0.43359375 0.021875 0.028125
0 0.5265625 0.3859375 0.015625 0.021875
0 0.44453125 0.4625 0.0265625 0.0359375
0 0.4515625 0.3859375 0.009375 0.01640625
0 0.48984375 0.346875 0.0109375 0.021875
0 0.46640625 0.41796875 0.0171875 0.03046875
0 0.54140625 0.37109375 0.0109375 0.01953125
0 0.45390625 0.45390625 0.0171875 0.03046875
0 0.5046875 0.35546875 0.009375 0.01640625
0 0.54609375 0.35 0.0109375 0.01640625
0 0.4453125 0.36953125 0.009375 0.01640625
0 0.47578125 0.384375 0.0109375 0.01953125
0 0.4296875 0.5375 0.028125 0.046875
0 0.4609375 0.39296875 0.015625 0.01953125