1 0.35234375 0.4984375 0.0953125 0.18046875
1 0.4484375 0.375 0.028125 0.06640625
1 0.46171875 0.33203125 0.0171875 0.0359375
0 0.35390625 0.80859375 0.0796875 0.128125
0 0.28046875 0.66953125 0.0640625 0.08359375
0 0.4265625 0.5484375 0.034375 0.053125
0 0.134375 0.70546875 0.103125 0.11640625
0 0.290625 0.5390625 0.034375 0.05546875
0 0.45546875 0.43359375 0.0203125 0.028125
0 0.41640625 0.44609375 0.0234375 0.03046875
0 0.5640625 0.465625 0.028125 0.04140625
0 0.53359375 0.409375 0.0171875 0.025
0 0.403125 0.475 0.009375 0.0390625
0 0.4296875 0.384375 0.009375 0.01953125
0 0.53828125 0.37109375 0.0109375 0.01953125
0 0.559375 0.3734375 0.009375 0.0140625
0 0.5703125 0.42109375 0.021875 0.04140625
0 0.39921875 0.425 0.0109375 0.021875
0 0.48359375 0.3640625 0.0109375 0.01640625
0 0.47265625 0.3875 0.0109375 0.01953125
0 0.46484375 0.40546875 0.0171875 0.021875
0 0.40625 0.365625 0.00625 0.0140625
0 0.703125 0.290625 0.0125 0.0140625
0 0.290625 0.42890625 0.009375 0.025
0 0.36953125 0.3265625 0.0109375 0.0140625
0 0.4453125 0.3984375 0.01875 0.01953125
0 0.5046875 0.35546875 0.009375 0.01640625
0 0.53203125 0.403125 0.0109375 0.01640625
0 0.471875 0.359375 0.009375 0.0140625
0 0.69296875 0.29140625 0.0078125 0.0109375
0 0.5453125 0.3515625 0.00625 0.0140625
0 0.5703125 0.4109375 0.01875 0.021875