1 0.38515625 0.4609375 0.0671875 0.13359375
1 0.57734375 0.38046875 0.0265625 0.05546875
1 0.44453125 0.471875 0.0328125 0.078125
0 0.40859375 0.61953125 0.0515625 0.071875
0 0.29453125 0.64140625 0.0640625 0.0890625
0 0.78828125 0.65 0.0703125 0.11640625
0 0.6109375 0.44296875 0.021875 0.03046875
0 0.525 0.3890625 0.015625 0.021875
0 0.56171875 0.5109375 0.0390625 0.078125
0 0.5484375 0.38203125 0.015625 0.03046875
0 0.30546875 0.9875 0.0890625 0.01953125
0 0.63515625 0.54453125 0.0390625 0.071875
0 0.4328125 0.41796875 0.01875 0.025
0 0.4484375 0.44609375 0.021875 0.025
0 0.5328125 0.3484375 0.009375 0.01953125
0 0.42734375 0.4625 0.0109375 0.0359375
0 0.634375 0.51953125 0.021875 0.028125
0 0.4703125 0.39453125 0.0125 0.01640625
0 0.40625 0.365625 0.00625 0.0140625
0 0.43828125 0.4015625 0.0140625 0.01953125
0 0.49296875 0.346875 0.0078125 0.01640625
0 0.46328125 0.37109375 0.0078125 0.01953125
0 0.47578125 0.38359375 0.0109375 0.01640625
0 0.50390625 0.35703125 0.0109375 0.01953125
0 0.43828125 0.378125 0.0078125 0.01640625
0 0.48359375 0.3640625 0.0109375 0.01640625
0 0.425 0.39296875 0.0125 0.01953125
0 0.55234375 0.328125 0.0109375 0.01640625
0 0.48203125 0.3484375 0.0078125 0.0140625
0 0.41328125 0.4734375 0.0078125 0.025
0 0.5796875 0.39609375 0.01875 0.025
0 0.5453125 0.3515625 0.009375 0.0140625
0 0.00703125 0.94609375 0.0140625 0.075