0 0.3421875 0.825 0.09375 0.14453125
0 0.63671875 0.54296875 0.0390625 0.05859375
0 0.23359375 0.6140625 0.0578125 0.071875
0 0.30625 0.64296875 0.06875 0.08046875
0 0.40546875 0.57109375 0.0484375 0.05859375
0 0.11796875 0.9234375 0.1421875 0.146875
0 0.56015625 0.484375 0.0296875 0.046875
0 0.0421875 0.84296875 0.084375 0.16953125
0 0.32421875 0.5015625 0.0359375 0.04140625
0 0.35859375 0.46796875 0.0296875 0.0359375
0 0.434375 0.4859375 0.03125 0.0390625
0 0.53828125 0.42109375 0.0203125 0.025
0 0.38984375 0.4890625 0.0265625 0.0390625
0 0.39765625 0.41953125 0.0171875 0.021875
0 0.41015625 0.453125 0.0234375 0.03359375
0 0.4296875 0.42109375 0.015625 0.025
0 0.5359375 0.353125 0.0125 0.021875
0 0.465625 0.4140625 0.01875 0.028125
0 0.52421875 0.38046875 0.0140625 0.01640625
0 0.42734375 0.3859375 0.0140625 0.028125
0 0.62578125 0.50703125 0.0078125 0.0140625
0 0.40625 0.3625 0.00625 0.0140625
0 0.4703125 0.3984375 0.015625 0.01953125
0 0.5046875 0.35703125 0.009375 0.01953125
0 0.4765625 0.38046875 0.015625 0.01640625
0 0.459375 0.375 0.009375 0.01640625
0 0.44921875 0.39140625 0.0140625 0.021875
0 0.4703125 0.359375 0.0125 0.01953125
0 0.4859375 0.35546875 0.009375 0.021875
0 0.5234375 0.3609375 0.0125 0.01640625
0 0.51953125 0.346875 0.0109375 0.01640625
0 0.4859375 0.3359375 0.00625 0.0109375
0 0.465625 0.3875 0.046875 0.0859375
0 0.44921875 0.36953125 0.0109375 0.01640625
0 0.58046875 0.39609375 0.0203125 0.025