1 0.3828125 0.4390625 0.06875 0.171875
1 0.15390625 0.65 0.2140625 0.2890625
1 0.56875 0.41640625 0.028125 0.05
1 0.42265625 0.4359375 0.0171875 0.05
0 0.3546875 0.7625 0.075 0.103125
0 0.72265625 0.675 0.0703125 0.10546875
0 0.32734375 0.49609375 0.0359375 0.04140625
0 0.34921875 0.565625 0.0484375 0.0640625
0 0.65390625 0.484375 0.0328125 0.053125
0 0.17265625 0.84296875 0.1390625 0.18046875
0 0.4390625 0.49296875 0.028125 0.04140625
0 0.5875 0.40859375 0.015625 0.021875
0 0.46171875 0.421875 0.0171875 0.021875
0 0.45234375 0.4515625 0.0234375 0.03046875
0 0.5453125 0.375 0.009375 0.01640625
0 0.5484375 0.396875 0.0125 0.01640625
0 0.45078125 0.384375 0.0109375 0.01953125
0 0.43984375 0.40703125 0.0171875 0.025
0 0.52890625 0.36796875 0.0109375 0.0140625
0 0.475 0.378125 0.0125 0.01640625
0 0.459375 0.36796875 0.0125 0.01953125
0 0.52734375 0.3625 0.0171875 0.025
0 0.45078125 0.36640625 0.0078125 0.01640625
0 0.54140625 0.3390625 0.0078125 0.0109375
0 0.52109375 0.36953125 0.0078125 0.0109375
0 0.47265625 0.39140625 0.0140625 0.021875