1 0.33359375 0.540625 0.0953125 0.16953125
1 0.4140625 0.4140625 0.04375 0.1
1 0.45546875 0.3515625 0.0171875 0.03046875
0 0.43828125 0.4984375 0.0296875 0.04140625
0 0.2921875 0.828125 0.103125 0.15
0 0.61484375 0.621875 0.0578125 0.09453125
0 0.16484375 0.68359375 0.0796875 0.0890625
0 0.58671875 0.45 0.0234375 0.03359375
0 0.5703125 0.3890625 0.0125 0.021875
0 0.40390625 0.6484375 0.0515625 0.08046875
0 0.53984375 0.446875 0.0234375 0.03359375
0 0.4609375 0.43046875 0.01875 0.03359375
0 0.45390625 0.38359375 0.0109375 0.01640625
0 0.4390625 0.40859375 0.009375 0.021875
0 0.465625 0.40703125 0.015625 0.01953125
0 0.47421875 0.38203125 0.0109375 0.01953125
0 0.4953125 0.34609375 0.009375 0.0140625
0 0.534375 0.3359375 0.009375 0.01640625
0 0.4796875 0.36953125 0.0125 0.01640625
0 0.521875 0.35 0.00625 0.0109375
0 0.50390625 0.35546875 0.0109375 0.01640625
0 0.4875 0.359375 0.009375 0.0140625
0 0.53359375 0.415625 0.0171875 0.025
0 0.6171875 0.3609375 0.0125 0.01640625
0 0.54140625 0.33046875 0.0078125 0.0109375
0 0.5328125 0.396875 0.015625 0.021875
0 0.4328125 0.43046875 0.00625 0.021875