1 0.409375 0.4265625 0.046875 0.09140625
0 0.34765625 0.5484375 0.0421875 0.05859375
0 0.38125 0.7015625 0.0625 0.096875
0 0.26328125 0.6765625 0.0734375 0.103125
0 0.42890625 0.509375 0.0296875 0.046875
0 0.453125 0.4484375 0.021875 0.03046875
0 0.26171875 0.571875 0.0515625 0.06640625
0 0.64296875 0.47890625 0.0265625 0.0359375
0 0.54921875 0.453125 0.0234375 0.03359375
0 0.56796875 0.38203125 0.0140625 0.025
0 0.52421875 0.3765625 0.0140625 0.01953125
0 0.46328125 0.4125 0.0140625 0.025
0 0.4390625 0.40546875 0.0125 0.021875
0 0.58046875 0.4375 0.0234375 0.0359375
0 0.58203125 0.40546875 0.0140625 0.021875
0 0.47421875 0.384375 0.0109375 0.01953125
0 0.40625 0.3640625 0.00625 0.01640625
0 0.53359375 0.34609375 0.0078125 0.0140625
0 0.44609375 0.3890625 0.0140625 0.021875
0 0.54453125 0.33359375 0.0078125 0.01640625
0 0.48984375 0.35390625 0.0078125 0.0140625
0 0.553125 0.3640625 0.009375 0.0109375
0 0.51796875 0.3265625 0.0109375 0.0140625
0 0.36953125 0.325 0.0109375 0.01640625
0 0.703125 0.29140625 0.0125 0.0109375
0 0.52890625 0.32890625 0.0078125 0.0140625
0 0.58046875 0.428125 0.0171875 0.021875
0 0.434375 0.384375 0.009375 0.01953125
0 0.46015625 0.375 0.0109375 0.01640625
0 0.5515625 0.3609375 0.0125 0.01640625