1 0.58515625 0.5375 0.0484375 0.125
0 0.140625 0.72890625 0.1 0.10859375
0 0.6296875 0.7265625 0.06875 0.125
0 0.290625 0.5515625 0.046875 0.053125
0 0.36015625 0.54453125 0.0390625 0.05546875
0 0.74375 0.6015625 0.0625 0.075
0 0.67734375 0.60859375 0.0515625 0.078125
0 0.43046875 0.5234375 0.0359375 0.05859375
0 0.36640625 0.45859375 0.0265625 0.03359375
0 0.13515625 0.9140625 0.1671875 0.16640625
0 0.45234375 0.45859375 0.0234375 0.03359375
0 0.61328125 0.496875 0.0296875 0.04453125
0 0.54140625 0.43203125 0.0203125 0.03046875
0 0.62890625 0.45390625 0.0234375 0.0359375
0 0.39375 0.4265625 0.015625 0.025
0 0.5703125 0.4265625 0.01875 0.03046875
0 0.40546875 0.45703125 0.0296875 0.046875
0 0.4203125 0.43359375 0.015625 0.028125
0 0.4375 0.375 0.009375 0.01640625
0 0.4171875 0.4015625 0.0125 0.01953125
0 0.4609375 0.4265625 0.01875 0.025
0 0.47421875 0.3140625 0.0078125 0.01640625
0 0.5703125 0.384375 0.0125 0.01953125
0 0.440625 0.40546875 0.015625 0.021875
0 0.40625 0.365625 0.00625 0.0140625
0 0.5421875 0.38046875 0.0125 0.01640625
0 0.5203125 0.3515625 0.009375 0.0140625
0 0.53203125 0.4 0.0140625 0.021875
0 0.58984375 0.4125 0.0171875 0.025
0 0.5046875 0.35703125 0.009375 0.01953125
0 0.49453125 0.309375 0.0203125 0.01953125
0 0.45 0.3640625 0.009375 0.01640625
0 0.5953125 0.41640625 0.00625 0.01640625
0 0.703125 0.29140625 0.0125 0.0109375
0 0.45859375 0.378125 0.0109375 0.01640625
0 0.5453125 0.35546875 0.0125 0.021875
0 0.57734375 0.4015625 0.0109375 0.01953125
0 0.44921875 0.3859375 0.0109375 0.01640625
0 0.46640625 0.365625 0.0078125 0.0140625
0 0.4765625 0.35390625 0.009375 0.0140625
0 0.63203125 0.4609375 0.0171875 0.021875
0 0.46484375 0.40703125 0.0140625 0.01953125
0 0.4796875 0.37890625 0.0125 0.01953125
0 0.4703125 0.39296875 0.0125 0.01953125
0 0.62578125 0.44609375 0.0171875 0.01953125