1 0.08984375 0.75546875 0.1796875 0.2390625
1 0.559375 0.390625 0.01875 0.04140625
1 0.4609375 0.328125 0.015625 0.028125
0 0.378125 0.66796875 0.059375 0.096875
0 0.4265625 0.528125 0.0375 0.05
0 0.56171875 0.5234375 0.0328125 0.053125
0 0.37734375 0.496875 0.0390625 0.05
0 0.19375 0.671875 0.065625 0.0890625
0 0.1265625 0.921875 0.1625 0.15
0 0.5421875 0.41640625 0.01875 0.028125
0 0.39609375 0.4234375 0.0171875 0.025
0 0.44453125 0.47109375 0.0234375 0.0359375
0 0.4546875 0.425 0.01875 0.03359375
0 0.47890625 0.375 0.0109375 0.01640625
0 0.42890625 0.41796875 0.0171875 0.025
0 0.4640625 0.40703125 0.0125 0.01953125
0 0.4890625 0.346875 0.015625 0.021875
0 0.090625 0.3234375 0.0125 0.0140625
0 0.4328125 0.384375 0.0125 0.01953125
0 0.5234375 0.35859375 0.009375 0.01640625
0 0.42265625 0.39453125 0.0140625 0.021875
0 0.5359375 0.35703125 0.009375 0.0140625
0 0.40625 0.3640625 0.00625 0.01640625
0 0.49140625 0.3484375 0.0078125 0.0140625
0 0.45546875 0.3625 0.0078125 0.0140625
0 0.44609375 0.371875 0.0078125 0.0109375
0 0.478125 0.3515625 0.009375 0.0140625
0 0.4640625 0.35 0.00625 0.0109375
0 0.5046875 0.35703125 0.00625 0.0140625
0 0.703125 0.2890625 0.009375 0.0109375
0 0.559375 0.3984375 0.015625 0.025
0 0.0046875 0.246875 0.009375 0.028125