1 0.30546875 0.56796875 0.1390625 0.253125
1 0.71640625 0.678125 0.0828125 0.15
1 0.3140625 0.47109375 0.06875 0.1140625
0 0.27890625 0.96640625 0.1109375 0.0609375
0 0.56953125 0.4234375 0.0171875 0.025
0 0.39765625 0.609375 0.0484375 0.06953125
0 0.66875 0.50703125 0.0375 0.046875
0 0.2265625 0.60859375 0.059375 0.071875
0 0.4375 0.503125 0.028125 0.04453125
0 0.3859375 0.49140625 0.03125 0.0390625
0 0.56171875 0.4984375 0.0359375 0.0640625
0 0.41171875 0.4515625 0.0234375 0.03046875
0 0.45 0.446875 0.021875 0.028125
0 0.37578125 0.44453125 0.0234375 0.03359375
0 0.52890625 0.40390625 0.0140625 0.025
0 0.46484375 0.40859375 0.0171875 0.021875
0 0.40390625 0.409375 0.0171875 0.025
0 0.278125 0.77109375 0.034375 0.1140625
0 0.56484375 0.38046875 0.0109375 0.01640625
0 0.2765625 0.79140625 0.01875 0.04453125
0 0.4765625 0.37890625 0.009375 0.01953125
0 0.40625 0.365625 0.00625 0.0140625
0 0.421875 0.39609375 0.0125 0.01953125
0 0.55390625 0.3640625 0.0109375 0.01640625
0 0.40546875 0.521875 0.0078125 0.021875
0 0.36953125 0.3265625 0.0109375 0.0140625
0 0.54296875 0.375 0.0109375 0.01640625
0 0.2859375 0.60859375 0.075 0.08359375
0 0.44609375 0.396875 0.0140625 0.01640625
0 0.27265625 0.67890625 0.0703125 0.03046875
0 0.43046875 0.384375 0.0109375 0.0140625
0 0.2828125 0.740625 0.025 0.053125
0 0.6984375 0.290625 0.01875 0.0140625
0 0.553125 0.34609375 0.0125 0.0140625
0 0.453125 0.384375 0.0125 0.01953125
0 0.36953125 0.45 0.0109375 0.021875
0 0.43984375 0.3765625 0.0109375 0.0140625
0 0.4625 0.37109375 0.009375 0.0140625