1 0.2390625 0.54140625 0.159375 0.24453125
1 0.3625 0.434375 0.0375 0.0859375
1 0.9359375 0.828125 0.125 0.23359375
0 0.35546875 0.78359375 0.0828125 0.128125
0 0.6671875 0.503125 0.0375 0.05546875
0 0.29609375 0.65546875 0.0703125 0.08359375
0 0.34765625 0.56640625 0.0453125 0.0609375
0 0.42109375 0.54140625 0.0390625 0.05546875
0 0.684375 0.9125 0.1 0.16953125
0 0.40625 0.45546875 0.021875 0.03359375
0 0.61953125 0.4515625 0.0203125 0.03046875
0 0.4 0.415625 0.015625 0.03046875
0 0.4484375 0.4609375 0.021875 0.03359375
0 0.4265625 0.41953125 0.01875 0.028125
0 0.37421875 0.50859375 0.0359375 0.05
0 0.58203125 0.409375 0.0140625 0.01953125
0 0.56640625 0.425 0.0171875 0.028125
0 0.55078125 0.3984375 0.0171875 0.025
0 0.4296875 0.384375 0.0125 0.01953125
0 0.45625 0.42890625 0.01875 0.03046875
0 0.40625 0.3640625 0.00625 0.01640625
0 0.4515625 0.390625 0.0125 0.01953125
0 0.47578125 0.390625 0.0140625 0.01953125
0 0.46796875 0.40546875 0.0140625 0.021875
0 0.36171875 0.45859375 0.0359375 0.0390625
0 0.36875 0.3265625 0.0125 0.0140625
0 0.51796875 0.328125 0.0140625 0.01640625
0 0.35546875 0.4625 0.0171875 0.03046875
0 0.44609375 0.37109375 0.0109375 0.01953125
0 0.49296875 0.34453125 0.0109375 0.01640625
0 0.54296875 0.346875 0.0078125 0.01640625
0 0.43125 0.34453125 0.0125 0.01640625
0 0.46328125 0.35546875 0.0078125 0.0109375
0 0.48515625 0.33359375 0.0078125 0.01640625
0 0.52265625 0.3640625 0.0109375 0.01640625
0 0.459375 0.371875 0.0125 0.01640625
0 0.47890625 0.36953125 0.0109375 0.01640625
0 0.55859375 0.3640625 0.0109375 0.021875
0 0.4875 0.35859375 0.009375 0.01640625
0 0.5234375 0.371875 0.0125 0.021875
0 0.3796875 0.42109375 0.00625 0.01953125
0 0.53828125 0.371875 0.0109375 0.01640625