1 0.4515625 0.37109375 0.025 0.053125
1 0.58515625 0.390625 0.0296875 0.053125
1 0.47734375 0.34453125 0.0140625 0.028125
0 0.24921875 0.721875 0.0828125 0.1
0 0.078125 0.7984375 0.13125 0.1359375
0 0.35859375 0.53046875 0.0390625 0.05
0 0.93671875 0.846875 0.1234375 0.1890625
0 0.6 0.58046875 0.053125 0.10546875
0 0.43984375 0.48359375 0.0265625 0.0390625
0 0.3203125 0.50546875 0.03125 0.04453125
0 0.55546875 0.39453125 0.0140625 0.021875
0 0.3703125 0.453125 0.025 0.03359375
0 0.45 0.440625 0.021875 0.0359375
0 0.39453125 0.41796875 0.0171875 0.025
0 0.4671875 0.3984375 0.015625 0.01953125
0 0.42421875 0.4234375 0.0171875 0.025
0 0.41875 0.39609375 0.0125 0.01953125
0 0.43125 0.384375 0.0125 0.01953125
0 0.48203125 0.371875 0.0109375 0.01640625
0 0.53046875 0.34296875 0.0078125 0.0140625
0 0.4953125 0.34609375 0.009375 0.0140625
0 0.50390625 0.35859375 0.0109375 0.01640625
0 0.46953125 0.3640625 0.0109375 0.01640625
0 0.40703125 0.365625 0.0046875 0.0140625
0 0.54140625 0.34453125 0.0078125 0.0109375
0 0.48671875 0.35859375 0.0109375 0.01640625
0 0.4515625 0.3890625 0.01875 0.01640625
0 0.99296875 0.509375 0.0109375 0.09140625
0 0.58515625 0.3734375 0.0265625 0.01953125