0 0.65703125 0.8015625 0.0796875 0.146875
0 0.2265625 0.621875 0.0625 0.078125
0 0.36015625 0.5359375 0.0421875 0.05546875
0 0.30078125 0.64296875 0.0671875 0.09140625
0 0.4375 0.50859375 0.03125 0.04453125
0 0.73828125 0.7234375 0.0796875 0.13046875
0 0.3828125 0.68046875 0.06875 0.121875
0 0.75546875 0.61796875 0.0640625 0.08046875
0 0.58515625 0.44609375 0.0234375 0.0359375
0 0.3765625 0.4484375 0.021875 0.03046875
0 0.3234375 0.4984375 0.034375 0.046875
0 0.40859375 0.44453125 0.0265625 0.0390625
0 0.45859375 0.434375 0.0203125 0.03046875
0 0.428125 0.4234375 0.01875 0.025
0 0.40546875 0.4140625 0.0171875 0.021875
0 0.5828125 0.4 0.015625 0.021875
0 0.42734375 0.3875 0.0109375 0.01953125
0 0.4421875 0.3984375 0.0125 0.025
0 0.528125 0.39609375 0.015625 0.01953125
0 0.46796875 0.396875 0.0140625 0.021875
0 0.40703125 0.3625 0.0046875 0.0140625
0 0.53828125 0.41640625 0.0171875 0.028125
0 0.44921875 0.36796875 0.0109375 0.0140625
0 0.4578125 0.3765625 0.0125 0.0140625
0 0.565625 0.38359375 0.00625 0.01640625
0 0.5171875 0.321875 0.00625 0.0109375
0 0.52421875 0.37890625 0.0140625 0.01953125
0 0.48359375 0.365625 0.0109375 0.0140625
0 0.5421875 0.375 0.009375 0.01640625
0 0.5734375 0.3875 0.00625 0.0140625
0 0.4765625 0.38359375 0.009375 0.01640625
0 0.4640625 0.36640625 0.009375 0.01640625