1 0.171875 0.828125 0.175 0.3
1 0.434375 0.390625 0.034375 0.075
0 0.32578125 0.6015625 0.0578125 0.075
0 0.23671875 0.603125 0.0578125 0.071875
0 0.44453125 0.48046875 0.0234375 0.0390625
0 0.37890625 0.49296875 0.0328125 0.046875
0 0.63125 0.46640625 0.028125 0.0390625
0 0.58046875 0.3984375 0.0171875 0.025
0 0.3765625 0.44609375 0.021875 0.025
0 0.6390625 0.54140625 0.040625 0.0609375
0 0.45546875 0.43359375 0.0234375 0.03359375
0 0.29609375 0.9875 0.0703125 0.01953125
0 0.40859375 0.403125 0.0140625 0.021875
0 0.5296875 0.3875 0.0125 0.01953125
0 0.54296875 0.3734375 0.0109375 0.0140625
0 0.46875 0.40546875 0.01875 0.021875
0 0.415625 0.35859375 0.021875 0.021875
0 0.47578125 0.38203125 0.0140625 0.025
0 0.5578125 0.36953125 0.0125 0.01640625
0 0.52265625 0.3640625 0.0109375 0.01640625
0 0.11328125 0.3265625 0.0140625 0.00859375
0 0.6203125 0.5359375 0.0125 0.0390625
0 0.61796875 0.3625 0.0109375 0.0140625
0 0.5046875 0.35859375 0.009375 0.01640625
0 0.5171875 0.3234375 0.0125 0.0140625
0 0.4203125 0.40703125 0.009375 0.01953125
0 0.48515625 0.3640625 0.0109375 0.01640625
0 0.5421875 0.34609375 0.009375 0.0140625
0 0.57734375 0.39609375 0.0109375 0.01953125
0 0.46640625 0.3640625 0.0109375 0.01640625
0 0.40859375 0.3609375 0.0078125 0.01640625