1 0.41953125 0.37890625 0.0296875 0.05859375
1 0.4703125 0.3515625 0.015625 0.0359375
0 0.2484375 0.703125 0.078125 0.09453125
0 0.77578125 0.759375 0.0953125 0.14140625
0 0.42578125 0.5484375 0.0359375 0.053125
0 0.73046875 0.58046875 0.0546875 0.078125
0 0.35078125 0.5515625 0.0421875 0.05859375
0 0.60859375 0.4359375 0.0203125 0.021875
0 0.61640625 0.5 0.0328125 0.05
0 0.3234375 0.5015625 0.040625 0.053125
0 0.3875 0.43359375 0.021875 0.028125
0 0.56640625 0.38359375 0.0140625 0.021875
0 0.453125 0.44296875 0.021875 0.03046875
0 0.6375 0.46796875 0.03125 0.04140625
0 0.40078125 0.4640625 0.0265625 0.0390625
0 0.42890625 0.428125 0.0203125 0.021875
0 0.5234375 0.3734375 0.0125 0.01953125
0 0.46796875 0.40390625 0.0171875 0.025
0 0.478125 0.3734375 0.0125 0.0140625
0 0.4453125 0.39453125 0.0125 0.021875
0 0.4546875 0.3625 0.009375 0.0140625
0 0.5515625 0.35703125 0.009375 0.0140625
0 0.45703125 0.3859375 0.0109375 0.01640625
0 0.50546875 0.35546875 0.0078125 0.01640625
0 0.52265625 0.35859375 0.0109375 0.01640625
0 0.33671875 0.50703125 0.0140625 0.0359375
0 0.4875 0.3625 0.0125 0.01953125
0 0.54140625 0.346875 0.0078125 0.01640625
0 0.46875 0.390625 0.0125 0.0140625
0 0.70390625 0.290625 0.0140625 0.0140625
0 0.434375 0.39140625 0.00625 0.01640625
0 0.40859375 0.39609375 0.0078125 0.0140625
0 0.421875 0.4 0.0125 0.01640625