1 0.30625 0.490625 0.0625 0.10859375
1 0.6671875 0.47890625 0.053125 0.103125
1 0.45 0.37890625 0.021875 0.0359375
0 0.390625 0.66640625 0.05 0.08359375
0 0.12734375 0.75546875 0.1078125 0.11640625
0 0.3890625 0.4859375 0.03125 0.0390625
0 0.428125 0.5265625 0.034375 0.046875
0 0.60859375 0.6359375 0.0546875 0.09453125
0 0.54375 0.45859375 0.025 0.03359375
0 0.6125 0.509375 0.0375 0.06953125
0 0.4453125 0.48046875 0.028125 0.0390625
0 0.428125 0.41640625 0.015625 0.028125
0 0.45234375 0.4375 0.0203125 0.03046875
0 0.4640625 0.40859375 0.015625 0.021875
0 0.534375 0.40390625 0.015625 0.025
0 0.54453125 0.378125 0.0109375 0.01640625
0 0.70078125 0.290625 0.0234375 0.0140625
0 0.54765625 0.353125 0.0109375 0.021875
0 0.4671875 0.36796875 0.0125 0.01953125
0 0.4859375 0.3625 0.009375 0.01953125
0 0.49140625 0.33359375 0.0078125 0.01640625
0 0.5234375 0.36796875 0.0125 0.0140625
0 0.4765625 0.37890625 0.00625 0.01953125
0 0.49453125 0.35 0.0109375 0.01640625
0 0.525 0.38359375 0.015625 0.021875
0 0.56171875 0.371875 0.0140625 0.021875
0 0.54375 0.3765625 0.053125 0.0859375