1 0.37265625 0.43203125 0.0328125 0.0640625
1 0.46171875 0.3265625 0.0171875 0.03046875
1 0.4421875 0.396875 0.021875 0.0390625
1 0.5453125 0.3359375 0.009375 0.028125
0 0.89453125 0.76796875 0.1109375 0.153125
0 0.2203125 0.76796875 0.096875 0.13046875
0 0.59765625 0.5984375 0.0453125 0.075
0 0.32578125 0.49609375 0.0390625 0.04140625
0 0.446875 0.48046875 0.028125 0.03359375
0 0.3875 0.48359375 0.028125 0.0390625
0 0.58984375 0.40703125 0.0171875 0.03046875
0 0.5578125 0.46640625 0.028125 0.0390625
0 0.253125 0.94140625 0.109375 0.1109375
0 0.41953125 0.428125 0.0171875 0.028125
0 0.55625 0.403125 0.0125 0.021875
0 0.54453125 0.378125 0.0109375 0.01640625
0 0.45234375 0.43046875 0.0234375 0.028125
0 0.465625 0.40859375 0.015625 0.021875
0 0.41796875 0.3984375 0.0140625 0.01953125
0 0.525 0.365625 0.009375 0.0140625
0 0.40625 0.3625 0.00625 0.0140625
0 0.478125 0.371875 0.0125 0.01640625
0 0.475 0.33203125 0.015625 0.01953125
0 0.45625 0.3765625 0.0125 0.01953125
0 0.44765625 0.37109375 0.0109375 0.0140625
0 0.37109375 0.45390625 0.0265625 0.01953125
0 0.45859375 0.35703125 0.0078125 0.0140625
0 0.48671875 0.3625 0.0109375 0.01953125
0 0.53671875 0.3515625 0.0078125 0.0140625