1 0.36484375 0.4265625 0.0515625 0.09140625
1 0.4234375 0.378125 0.028125 0.05546875
0 0.27421875 0.675 0.0671875 0.0890625
0 0.39375 0.6359375 0.05625 0.078125
0 0.309375 0.51640625 0.028125 0.05
0 0.9296875 0.821875 0.115625 0.15546875
0 0.6765625 0.8484375 0.096875 0.1859375
0 0.04375 0.846875 0.0875 0.13359375
0 0.09921875 0.9484375 0.1453125 0.096875
0 0.375 0.5140625 0.034375 0.04453125
0 0.60625 0.43359375 0.01875 0.028125
0 0.40859375 0.45546875 0.0234375 0.03359375
0 0.45234375 0.446875 0.0203125 0.03359375
0 0.59140625 0.45546875 0.0203125 0.03359375
0 0.71484375 0.565625 0.0484375 0.0640625
0 0.46640625 0.4125 0.0171875 0.025
0 0.43125 0.41796875 0.01875 0.025
0 0.47109375 0.390625 0.0140625 0.01953125
0 0.546875 0.35703125 0.009375 0.0140625
0 0.29375 0.4265625 0.015625 0.0359375
0 0.4421875 0.4015625 0.0125 0.01953125
0 0.534375 0.3515625 0.009375 0.0140625
0 0.49375 0.3515625 0.0125 0.01953125
0 0.48046875 0.36796875 0.0109375 0.0140625
0 0.50546875 0.35546875 0.0078125 0.01640625
0 0.4578125 0.38203125 0.00625 0.01953125
0 0.4484375 0.384375 0.015625 0.025
0 0.42109375 0.39609375 0.0140625 0.01953125
0 0.48046875 0.35 0.0078125 0.0109375
0 0.46640625 0.3640625 0.0109375 0.01640625
0 0.5453125 0.321875 0.00625 0.0109375