1 0.39921875 0.39296875 0.0390625 0.08046875
1 0.6546875 0.47890625 0.040625 0.075
0 0.3359375 0.84609375 0.09375 0.1359375
0 0.146875 0.890625 0.146875 0.1859375
0 0.92890625 0.82109375 0.1390625 0.16953125
0 0.57421875 0.553125 0.0359375 0.0609375
0 0.72890625 0.58046875 0.0515625 0.071875
0 0.32734375 0.5859375 0.0484375 0.0609375
0 0.7359375 0.946875 0.125 0.1
0 0.29140625 0.54140625 0.0453125 0.05546875
0 0.4296875 0.5140625 0.034375 0.04453125
0 0.365625 0.45 0.028125 0.03359375
0 0.56015625 0.47109375 0.0265625 0.04140625
0 0.3796875 0.4984375 0.03125 0.046875
0 0.4078125 0.5859375 0.053125 0.0890625
0 0.40625 0.4609375 0.021875 0.03359375
0 0.5546875 0.39453125 0.015625 0.021875
0 0.584375 0.4515625 0.01875 0.0359375
0 0.44921875 0.45 0.0265625 0.0390625
0 0.42421875 0.43046875 0.0203125 0.028125
0 0.59375 0.42109375 0.0125 0.025
0 0.528125 0.39296875 0.015625 0.03046875
0 0.4625 0.4109375 0.01875 0.028125
0 0.5765625 0.39609375 0.015625 0.025
0 0.44140625 0.4015625 0.0140625 0.025
0 0.46328125 0.36796875 0.0109375 0.01953125
0 0.43515625 0.4125 0.0140625 0.025
0 0.4765625 0.378125 0.0125 0.01640625
0 0.46953125 0.39140625 0.0109375 0.01640625
0 0.5734375 0.39296875 0.009375 0.01953125
0 0.5296875 0.3515625 0.021875 0.03046875
0 0.40703125 0.5640625 0.0484375 0.04453125
0 0.37421875 0.37890625 0.0109375 0.01953125
0 0.54375 0.375 0.009375 0.01640625
0 0.45234375 0.3625 0.0109375 0.01953125
0 0.4390625 0.40703125 0.01875 0.0359375