1 0.43671875 0.3609375 0.0234375 0.05
0 0.3 0.64296875 0.065625 0.06953125
0 0.62421875 0.521875 0.0359375 0.05
0 0.5671875 0.525 0.034375 0.0609375
0 0.303125 0.9515625 0.109375 0.09140625
0 0.0109375 0.88359375 0.021875 0.071875
0 0.2828125 0.553125 0.04375 0.05546875
0 0.3765625 0.4359375 0.025 0.0390625
0 0.43203125 0.50546875 0.0328125 0.04453125
0 0.415625 0.440625 0.01875 0.03046875
0 0.0796875 0.9765625 0.115625 0.04140625
0 0.45234375 0.4484375 0.0234375 0.03046875
0 0.4609375 0.4140625 0.01875 0.028125
0 0.43046875 0.409375 0.0171875 0.025
0 0.47109375 0.390625 0.0140625 0.01953125
0 0.41875 0.4 0.0125 0.021875
0 0.4328125 0.47890625 0.01875 0.01953125
0 0.50625 0.35546875 0.009375 0.01640625
0 0.08046875 0.95 0.1171875 0.09453125
0 0.45390625 0.38359375 0.0109375 0.01640625
0 0.47890625 0.3734375 0.0109375 0.0140625
0 0.440625 0.4 0.0125 0.021875
0 0.528125 0.3375 0.0125 0.01953125
0 0.703125 0.290625 0.0125 0.0140625
0 0.47421875 0.3125 0.0109375 0.01953125
0 0.43515625 0.38359375 0.0109375 0.0109375
0 0.4640625 0.36796875 0.009375 0.0140625
0 0.40625 0.365625 0.00625 0.0140625
0 0.48671875 0.35703125 0.0078125 0.0140625
0 0.49140625 0.3390625 0.0078125 0.0109375
0 0.69296875 0.29140625 0.0078125 0.0109375
0 0.1109375 0.9765625 0.053125 0.04140625
0 0.47265625 0.365625 0.0078125 0.0140625