0 0.1484375 0.903125 0.128125 0.1609375
0 0.159375 0.7140625 0.090625 0.1
0 0.29765625 0.946875 0.1234375 0.1
0 0.26171875 0.56796875 0.0515625 0.05859375
0 0.34453125 0.48046875 0.0296875 0.0390625
0 0.29375 0.6390625 0.059375 0.071875
0 0.4015625 0.6 0.040625 0.06640625
0 0.43203125 0.50859375 0.0328125 0.04453125
0 0.58671875 0.4515625 0.0234375 0.0359375
0 0.384375 0.4875 0.03125 0.0359375
0 0.60546875 0.43046875 0.0171875 0.028125
0 0.4171875 0.44453125 0.025 0.03359375
0 0.55390625 0.39453125 0.0140625 0.021875
0 0.5265625 0.38203125 0.0125 0.01953125
0 0.403125 0.4109375 0.015625 0.021875
0 0.4625 0.4140625 0.01875 0.028125
0 0.43203125 0.4125 0.0140625 0.025
0 0.55625 0.36640625 0.009375 0.01640625
0 0.47265625 0.390625 0.0109375 0.01953125
0 0.4328125 0.38359375 0.0125 0.01640625
0 0.5453125 0.34453125 0.009375 0.01640625
0 0.48203125 0.375 0.0109375 0.01640625
0 0.40703125 0.365625 0.0046875 0.0140625
0 0.52109375 0.3484375 0.0078125 0.0140625
0 0.4203125 0.3515625 0.0125 0.0140625
0 0.45234375 0.38203125 0.0171875 0.025
0 0.484375 0.3640625 0.0125 0.01640625
0 0.546875 0.35859375 0.00625 0.01640625
0 0.4953125 0.35 0.009375 0.01640625
0 0.43984375 0.375 0.0078125 0.01640625
0 0.5328125 0.353125 0.009375 0.0109375
0 0.46796875 0.334375 0.0140625 0.0140625
0 0.45234375 0.34296875 0.0171875 0.01953125