1 0.60234375 0.40859375 0.0359375 0.078125
1 0.40546875 0.428125 0.0484375 0.1
1 0.3453125 0.44609375 0.06875 0.1140625
1 0.4171875 0.39296875 0.034375 0.09140625
0 0.34453125 0.72890625 0.0734375 0.10859375
0 0.57578125 0.5765625 0.0390625 0.0640625
0 0.4265625 0.53203125 0.0375 0.053125
0 0.8140625 0.6984375 0.084375 0.10859375
0 0.2265625 0.7625 0.103125 0.11953125
0 0.82890625 0.890625 0.1140625 0.1640625
0 0.39921875 0.6125 0.0484375 0.075
0 0.61796875 0.51796875 0.0328125 0.053125
0 0.35390625 0.5515625 0.0484375 0.06953125
0 0.44375 0.46953125 0.025 0.03359375
0 0.55 0.45859375 0.025 0.0390625
0 0.57734375 0.396875 0.0140625 0.021875
0 0.06953125 0.79296875 0.1265625 0.1359375
0 0.45703125 0.43203125 0.0171875 0.03046875
0 0.46796875 0.4015625 0.0140625 0.025
0 0.53515625 0.43203125 0.0171875 0.03046875
0 0.434375 0.38046875 0.009375 0.01640625
0 0.534375 0.403125 0.015625 0.021875
0 0.53515625 0.353125 0.0078125 0.01640625
0 0.52265625 0.34296875 0.0078125 0.0140625
0 0.4328125 0.425 0.00625 0.028125
0 0.528125 0.384375 0.0125 0.0140625
0 0.4546875 0.3765625 0.0125 0.01953125
0 0.5046875 0.35703125 0.009375 0.01953125
0 0.5234375 0.3734375 0.0125 0.0140625
0 0.4890625 0.359375 0.009375 0.01953125
0 0.3703125 0.3265625 0.0125 0.0140625
0 0.29140625 0.43046875 0.0109375 0.028125
0 0.70390625 0.290625 0.0140625 0.0140625
0 0.48984375 0.34609375 0.0078125 0.0140625
0 0.48203125 0.375 0.0109375 0.01640625
0 0.47578125 0.3859375 0.0109375 0.01640625
0 0.5203125 0.3734375 0.00625 0.0140625
0 0.4453125 0.43359375 0.0125 0.021875
0 0.44296875 0.371875 0.0109375 0.01640625
0 0.36484375 0.5359375 0.0296875 0.0390625
0 0.60625 0.42890625 0.028125 0.0359375