1 0.56796875 0.36953125 0.0234375 0.04453125
0 0.825 0.7015625 0.08125 0.10859375
0 0.41171875 0.609375 0.0484375 0.06953125
0 0.30234375 0.5375 0.0453125 0.053125
0 0.69296875 0.5390625 0.0453125 0.05546875
0 0.5765625 0.525 0.0375 0.05546875
0 0.4390625 0.48359375 0.025 0.0390625
0 0.37265625 0.525 0.0359375 0.05
0 0.621875 0.45 0.025 0.03359375
0 0.9046875 0.965625 0.10625 0.0640625
0 0.38203125 0.43203125 0.0234375 0.03046875
0 0.40859375 0.45859375 0.0234375 0.03359375
0 0.65078125 0.490625 0.0296875 0.04140625
0 0.3046875 0.85390625 0.1125 0.1859375
0 0.60703125 0.4984375 0.0359375 0.053125
0 0.4265625 0.42109375 0.01875 0.025
0 0.41640625 0.396875 0.0140625 0.021875
0 0.55390625 0.4 0.0140625 0.021875
0 0.54140625 0.44296875 0.0203125 0.03046875
0 0.5328125 0.4125 0.015625 0.025
0 0.46328125 0.40859375 0.0203125 0.0390625
0 0.45234375 0.3875 0.0109375 0.01953125
0 0.4296875 0.38359375 0.0125 0.01640625
0 0.54296875 0.378125 0.0109375 0.01640625
0 0.475 0.30859375 0.009375 0.01640625
0 0.40703125 0.3625 0.0046875 0.0140625
0 0.48125 0.37109375 0.009375 0.0140625
0 0.5234375 0.38046875 0.0125 0.01640625
0 0.45234375 0.36640625 0.0109375 0.01640625
0 0.4640625 0.36640625 0.009375 0.01640625
0 0.57421875 0.4359375 0.0203125 0.028125
0 0.4734375 0.3890625 0.0125 0.028125
0 0.50546875 0.35546875 0.0078125 0.01640625
0 0.503125 0.3375 0.00625 0.0140625
0 0.5203125 0.3609375 0.009375 0.01640625
0 0.49296875 0.346875 0.0109375 0.01640625
0 0.47421875 0.35546875 0.0078125 0.0109375
0 0.5484375 0.35859375 0.009375 0.01640625
0 0.56953125 0.378125 0.0171875 0.028125