0 0.3046875 0.90546875 0.10625 0.16640625
0 0.01328125 0.925 0.0265625 0.0890625
0 0.6484375 0.478125 0.028125 0.0390625
0 0.3046875 0.528125 0.040625 0.05
0 0.396875 0.59453125 0.05 0.06640625
0 0.67734375 0.6109375 0.0546875 0.078125
0 0.32578125 0.603125 0.0546875 0.071875
0 0.37421875 0.51640625 0.0359375 0.05
0 0.24453125 0.596875 0.0578125 0.06640625
0 0.37109375 0.4484375 0.0234375 0.03046875
0 0.56796875 0.415625 0.0171875 0.025
0 0.41015625 0.453125 0.0234375 0.03359375
0 0.45625 0.44609375 0.021875 0.03046875
0 0.56015625 0.36640625 0.0171875 0.028125
0 0.53125 0.4 0.015625 0.021875
0 0.46171875 0.41953125 0.0203125 0.028125
0 0.534375 0.34453125 0.009375 0.01640625
0 0.43828125 0.378125 0.0109375 0.01640625
0 0.43828125 0.409375 0.0171875 0.025
0 0.525 0.375 0.0125 0.01640625
0 0.415625 0.3984375 0.015625 0.025
0 0.41015625 0.40859375 0.0171875 0.021875
0 0.45234375 0.384375 0.0109375 0.01953125
0 0.47109375 0.39296875 0.0140625 0.01953125
0 0.44609375 0.36796875 0.0078125 0.0140625
0 0.52265625 0.35859375 0.0109375 0.021875
0 0.56015625 0.3484375 0.0109375 0.0140625
0 0.46640625 0.36640625 0.0109375 0.021875
0 0.47265625 0.3109375 0.0078125 0.01640625
0 0.40625 0.3625 0.00625 0.0140625
0 0.44296875 0.39609375 0.0140625 0.01953125
0 0.484375 0.340625 0.00625 0.0140625
0 0.4765625 0.38203125 0.0125 0.0140625
0 0.48125 0.35859375 0.009375 0.01640625