0 0.084375 0.7890625 0.11875 0.11640625
0 0.8453125 0.734375 0.1 0.13046875
0 0.3 0.9625 0.109375 0.06953125
0 0.33203125 0.58359375 0.0515625 0.06640625
0 0.42109375 0.565625 0.0390625 0.05859375
0 0.39921875 0.64296875 0.0546875 0.08046875
0 0.08046875 0.94140625 0.1609375 0.1109375
0 0.34296875 0.484375 0.0328125 0.04140625
0 0.7171875 0.56796875 0.046875 0.0640625
0 0.5703125 0.5359375 0.034375 0.05546875
0 0.4390625 0.49609375 0.03125 0.04140625
0 0.89296875 0.95 0.1140625 0.09453125
0 0.26484375 0.58046875 0.0453125 0.0609375
0 0.39453125 0.484375 0.0296875 0.04140625
0 0.6125 0.4375 0.021875 0.03046875
0 0.54609375 0.45 0.0203125 0.03359375
0 0.58046875 0.45 0.0203125 0.03359375
0 0.39375 0.425 0.01875 0.028125
0 0.55859375 0.4125 0.0171875 0.03046875
0 0.4140625 0.4375 0.01875 0.03046875
0 0.4265625 0.3890625 0.0125 0.021875
0 0.40859375 0.4 0.0140625 0.021875
0 0.45859375 0.4390625 0.0203125 0.028125
0 0.40625 0.365625 0.00625 0.0140625
0 0.434375 0.415625 0.015625 0.025
0 0.53125 0.40703125 0.015625 0.025
0 0.44140625 0.4 0.0140625 0.021875
0 0.46171875 0.42109375 0.0171875 0.025
0 0.55 0.34296875 0.0125 0.0140625
0 0.46953125 0.3984375 0.0140625 0.03046875
0 0.5640625 0.37890625 0.0125 0.01953125
0 0.4578125 0.3609375 0.009375 0.0109375
0 0.57578125 0.4 0.0109375 0.021875
0 0.4578125 0.37890625 0.0125 0.01953125
0 0.4859375 0.3609375 0.009375 0.01640625
0 0.5859375 0.4125 0.015625 0.025
0 0.5234375 0.378125 0.0125 0.021875
0 0.5421875 0.371875 0.0125 0.021875
0 0.47890625 0.378125 0.0109375 0.01640625