1 0.40859375 0.39609375 0.0328125 0.05859375
1 0.57265625 0.375 0.0265625 0.05546875
1 0.471875 0.34453125 0.01875 0.04453125
1 0.46171875 0.328125 0.0140625 0.028125
0 0.3046875 0.52890625 0.0375 0.053125
0 0.63359375 0.46640625 0.0265625 0.0390625
0 0.05859375 0.8765625 0.1171875 0.1640625
0 0.57109375 0.50546875 0.0296875 0.05
0 0.43828125 0.4765625 0.0265625 0.04140625
0 0.46171875 0.42109375 0.0171875 0.03046875
0 0.525 0.39140625 0.015625 0.021875
0 0.37265625 0.5125 0.0359375 0.053125
0 0.371875 0.4484375 0.028125 0.04140625
0 0.42890625 0.41796875 0.0171875 0.025
0 0.4546875 0.38046875 0.0125 0.01640625
0 0.478125 0.3734375 0.0125 0.01953125
0 0.55390625 0.36640625 0.0109375 0.01640625
0 0.534375 0.3640625 0.009375 0.0109375
0 0.36796875 0.4859375 0.0203125 0.021875
0 0.4265625 0.3890625 0.009375 0.01640625
0 0.5375 0.340625 0.00625 0.0140625
0 0.525 0.34609375 0.00625 0.0140625
0 0.4734375 0.3109375 0.009375 0.01640625
0 0.55234375 0.3625 0.0109375 0.01953125
0 0.575 0.390625 0.015625 0.025
0 0.41953125 0.38203125 0.0234375 0.03046875
0 0.40625 0.3625 0.00625 0.0140625
0 0.4515625 0.365625 0.009375 0.0140625
0 0.49140625 0.3515625 0.0078125 0.0140625