1 0.43828125 0.3875 0.0296875 0.0640625
1 0.5734375 0.378125 0.025 0.06640625
0 0.70234375 0.628125 0.0640625 0.10546875
0 0.39296875 0.6625 0.0609375 0.0859375
0 0.71875 0.9515625 0.109375 0.09140625
0 0.58515625 0.55390625 0.0390625 0.0640625
0 0.3171875 0.6140625 0.059375 0.071875
0 0.3375 0.49296875 0.03125 0.04140625
0 0.27265625 0.5765625 0.0515625 0.05859375
0 0.4328125 0.503125 0.034375 0.05546875
0 0.38125 0.50390625 0.03125 0.046875
0 0.45 0.46640625 0.025 0.03359375
0 0.40546875 0.465625 0.0234375 0.0359375
0 0.5765625 0.4359375 0.01875 0.03359375
0 0.39765625 0.4234375 0.0203125 0.025
0 0.5421875 0.44140625 0.021875 0.03359375
0 0.5625 0.4109375 0.01875 0.028125
0 0.4140625 0.56640625 0.04375 0.0609375
0 0.63046875 0.45390625 0.0296875 0.046875
0 0.45859375 0.43203125 0.0171875 0.03046875
0 0.62109375 0.4375 0.0296875 0.053125
0 0.53203125 0.375 0.0109375 0.01640625
0 0.3734375 0.4484375 0.025 0.0359375
0 0.478125 0.346875 0.0125 0.01640625
0 0.45859375 0.371875 0.0109375 0.021875
0 0.5359375 0.35703125 0.0125 0.01953125
0 0.46328125 0.4109375 0.0171875 0.021875
0 0.40703125 0.3640625 0.0046875 0.0109375
0 0.57578125 0.39140625 0.0203125 0.0390625
0 0.5046875 0.35546875 0.009375 0.01640625
0 0.475 0.3125 0.009375 0.0140625
0 0.48828125 0.3609375 0.0109375 0.01640625
0 0.5171875 0.3265625 0.009375 0.0140625
0 0.5515625 0.359375 0.009375 0.0140625
0 0.57578125 0.37109375 0.0203125 0.025
0 0.4703125 0.39296875 0.0125 0.01953125
0 0.43359375 0.403125 0.0203125 0.03359375
0 0.49375 0.34609375 0.0125 0.0140625
0 0.47890625 0.37890625 0.0109375 0.01953125
0 0.46875 0.3625 0.009375 0.0140625