1 0.29140625 0.59296875 0.1671875 0.33046875
0 0.41953125 0.565625 0.0421875 0.05859375
0 0.6875 0.53046875 0.040625 0.05546875
0 0.58828125 0.4140625 0.0171875 0.021875
0 0.62421875 0.4515625 0.0234375 0.03046875
0 0.7640625 0.6140625 0.0625 0.09453125
0 0.6015625 0.48046875 0.028125 0.04453125
0 0.53046875 0.4 0.0140625 0.021875
0 0.55625 0.40546875 0.015625 0.021875
0 0.40703125 0.453125 0.0234375 0.03359375
0 0.4390625 0.478125 0.025 0.0390625
0 0.45546875 0.440625 0.0203125 0.03046875
0 0.25234375 0.56640625 0.0859375 0.13359375
0 0.46953125 0.39453125 0.0140625 0.021875
0 0.3734375 0.45546875 0.0125 0.028125
0 0.409375 0.409375 0.015625 0.025
0 0.4265625 0.425 0.015625 0.028125
0 0.25625 0.6734375 0.090625 0.1640625
0 0.4234375 0.3890625 0.015625 0.021875
0 0.40625 0.3640625 0.00625 0.01640625
0 0.15 0.58046875 0.015625 0.03359375
0 0.43671875 0.375 0.0140625 0.01640625
0 0.31171875 0.46640625 0.0453125 0.05546875
0 0.28984375 0.5015625 0.0578125 0.08046875
0 0.0734375 0.41953125 0.01875 0.028125
0 0.4609375 0.36953125 0.0125 0.01640625
0 0.37265625 0.5015625 0.0078125 0.03046875
0 0.47578125 0.38046875 0.0109375 0.01640625
0 0.5359375 0.3484375 0.009375 0.0140625
0 0.5484375 0.35390625 0.00625 0.0140625
0 0.5046875 0.35859375 0.009375 0.01640625
0 0.5421875 0.340625 0.00625 0.0140625
0 0.48203125 0.36796875 0.0109375 0.0140625
0 0.30625 0.60703125 0.040625 0.08046875
0 0.3453125 0.44296875 0.025 0.03046875