0 0.90703125 0.7984375 0.1078125 0.15859375
0 0.61953125 0.66796875 0.0640625 0.11953125
0 0.4 0.60859375 0.053125 0.0890625
0 0.571875 0.4984375 0.03125 0.05859375
0 0.6828125 0.528125 0.0375 0.05546875
0 0.74765625 0.7375 0.0859375 0.11953125
0 0.61640625 0.44296875 0.0234375 0.0359375
0 0.4484375 0.4640625 0.025 0.03359375
0 0.378125 0.44296875 0.025 0.03046875
0 0.409375 0.45546875 0.025 0.03359375
0 0.540625 0.4234375 0.01875 0.025
0 0.46328125 0.40546875 0.0171875 0.021875
0 0.3546875 0.546875 0.04375 0.0609375
0 0.4234375 0.41796875 0.021875 0.025
0 0.440625 0.403125 0.0125 0.021875
0 0.5796875 0.3984375 0.015625 0.01953125
0 0.42109375 0.39296875 0.0109375 0.01953125
0 0.440625 0.375 0.0125 0.01640625
0 0.4546875 0.38046875 0.0125 0.01640625
0 0.55703125 0.40390625 0.0140625 0.01953125
0 0.40703125 0.3640625 0.0046875 0.0109375
0 0.47578125 0.37890625 0.0109375 0.01953125
0 0.546875 0.38359375 0.0125 0.01640625
0 0.46328125 0.36796875 0.0109375 0.0140625
0 0.5671875 0.38359375 0.0125 0.01640625
0 0.45859375 0.35859375 0.0078125 0.0109375
0 0.525 0.38359375 0.015625 0.01640625