1 0.1734375 0.609375 0.228125 0.296875
1 0.6265625 0.43046875 0.05625 0.1
0 0.3828125 0.65859375 0.0625 0.08359375
0 0.578125 0.54140625 0.040625 0.06640625
0 0.3484375 0.5515625 0.04375 0.053125
0 0.375 0.50546875 0.0375 0.04453125
0 0.396875 0.42109375 0.015625 0.025
0 0.42265625 0.4359375 0.0171875 0.028125
0 0.446875 0.4734375 0.025 0.0359375
0 0.9078125 0.81640625 0.128125 0.15546875
0 0.5578125 0.403125 0.015625 0.021875
0 0.42890625 0.3875 0.0140625 0.01953125
0 0.4703125 0.39453125 0.0125 0.021875
0 0.45546875 0.4390625 0.0203125 0.028125
0 0.59921875 0.4640625 0.0109375 0.03359375
0 0.5296875 0.40546875 0.015625 0.021875
0 0.4421875 0.375 0.0125 0.01640625
0 0.46171875 0.375 0.0109375 0.01640625
0 0.40625 0.365625 0.00625 0.0140625
0 0.44296875 0.396875 0.0140625 0.021875
0 0.47734375 0.375 0.0140625 0.021875
0 0.55625 0.371875 0.0125 0.01640625
0 0.5265625 0.38359375 0.0125 0.01640625
0 0.48515625 0.3609375 0.0109375 0.01640625
0 0.49765625 0.3359375 0.0109375 0.01640625
0 0.54140625 0.34453125 0.0078125 0.01640625
0 0.45234375 0.3625 0.0078125 0.0140625
0 0.50390625 0.35703125 0.0078125 0.01953125
0 0.4890625 0.34296875 0.009375 0.0140625
0 0.5796875 0.50546875 0.009375 0.01640625
0 0.52109375 0.3625 0.0109375 0.0140625
0 0.46328125 0.35546875 0.0078125 0.0109375
0 0.53984375 0.375 0.0109375 0.0109375