1 0.31328125 0.49453125 0.0890625 0.13359375
1 0.653125 0.4765625 0.04375 0.08046875
0 0.37734375 0.73359375 0.0734375 0.1109375
0 0.29140625 0.66953125 0.0609375 0.0890625
0 0.634375 0.534375 0.040625 0.05859375
0 0.74296875 0.59609375 0.0578125 0.08046875
0 0.6875 0.62109375 0.059375 0.096875
0 0.3671875 0.45859375 0.025 0.03359375
0 0.559375 0.4890625 0.03125 0.0609375
0 0.6015625 0.42109375 0.01875 0.03046875
0 0.4546875 0.44140625 0.01875 0.028125
0 0.53984375 0.43359375 0.0203125 0.028125
0 0.57734375 0.43203125 0.0203125 0.03046875
0 0.4703125 0.396875 0.015625 0.021875
0 0.42890625 0.42109375 0.0171875 0.025
0 0.41953125 0.396875 0.0140625 0.021875
0 0.52734375 0.3734375 0.0109375 0.0140625
0 0.56953125 0.384375 0.0109375 0.01953125
0 0.53125 0.4015625 0.015625 0.025
0 0.553125 0.396875 0.0125 0.021875
0 0.446875 0.396875 0.015625 0.021875
0 0.546875 0.35 0.009375 0.01640625
0 0.55 0.35703125 0.00625 0.0140625
0 0.43046875 0.38359375 0.0109375 0.021875
0 0.40625 0.3625 0.00625 0.0140625
0 0.553125 0.3234375 0.009375 0.0140625
0 0.70390625 0.290625 0.0140625 0.0140625
0 0.45625 0.3765625 0.0125 0.01953125
0 0.4953125 0.3515625 0.0125 0.01953125
0 0.47421875 0.309375 0.0109375 0.01953125
0 0.46953125 0.3625 0.0109375 0.0140625
0 0.44453125 0.378125 0.0109375 0.01640625