1 0.43828125 0.48359375 0.0359375 0.078125
0 0.64453125 0.7765625 0.0828125 0.146875
0 0.30390625 0.51640625 0.0421875 0.05
0 0.13125 0.940625 0.134375 0.1140625
0 0.7640625 0.76796875 0.09375 0.146875
0 0.72265625 0.58203125 0.0484375 0.06953125
0 0.371875 0.70390625 0.065625 0.103125
0 0.32578125 0.59609375 0.0515625 0.06953125
0 0.0390625 0.9140625 0.078125 0.16640625
0 0.38359375 0.49296875 0.0328125 0.046875
0 0.64765625 0.48359375 0.0359375 0.05
0 0.4046875 0.415625 0.015625 0.025
0 0.43203125 0.41953125 0.0171875 0.028125
0 0.384375 0.43359375 0.021875 0.028125
0 0.60859375 0.4390625 0.0203125 0.028125
0 0.54765625 0.45390625 0.0203125 0.0359375
0 0.5765625 0.44453125 0.021875 0.03359375
0 0.57109375 0.3859375 0.0140625 0.01640625
0 0.45078125 0.3875 0.0140625 0.01953125
0 0.459375 0.434375 0.01875 0.03046875
0 0.47109375 0.39140625 0.0140625 0.01640625
0 0.5328125 0.4 0.015625 0.021875
0 0.40703125 0.3625 0.0046875 0.0140625
0 0.46171875 0.4140625 0.0171875 0.021875
0 0.434375 0.38359375 0.009375 0.01640625
0 0.484375 0.3609375 0.009375 0.01640625
0 0.49921875 0.34296875 0.0109375 0.0140625
0 0.4609375 0.36796875 0.009375 0.0140625
0 0.44296875 0.36796875 0.0109375 0.0140625
0 0.52421875 0.38359375 0.0140625 0.01640625
0 0.55234375 0.3984375 0.0140625 0.01953125
0 0.47421875 0.309375 0.0109375 0.01953125
0 0.553125 0.34140625 0.0125 0.01640625
0 0.54765625 0.38359375 0.0140625 0.01640625
0 0.4921875 0.353125 0.009375 0.0109375
0 0.55234375 0.35703125 0.0109375 0.0140625
0 0.5375 0.36796875 0.009375 0.0140625
0 0.57890625 0.4 0.0109375 0.01640625
0 0.471875 0.35546875 0.0125 0.01640625
0 0.59296875 0.41640625 0.0171875 0.021875