1 0.12890625 0.890625 0.1796875 0.2140625
0 0.159375 0.7015625 0.090625 0.10859375
0 0.71640625 0.55703125 0.0484375 0.0640625
0 0.296875 0.5375 0.04375 0.046875
0 0.65234375 0.57109375 0.0453125 0.075
0 0.28515625 0.646875 0.0703125 0.10546875
0 0.38359375 0.66796875 0.0734375 0.146875
0 0.34296875 0.471875 0.0328125 0.04453125
0 0.3765625 0.434375 0.021875 0.025
0 0.4203125 0.503125 0.03125 0.04453125
0 0.39765625 0.475 0.0265625 0.0390625
0 0.596875 0.45859375 0.025 0.0390625
0 0.55625 0.48203125 0.025 0.046875
0 0.5671875 0.384375 0.0125 0.01953125
0 0.44609375 0.46796875 0.0265625 0.04140625
0 0.58671875 0.4125 0.0171875 0.025
0 0.534375 0.41640625 0.01875 0.03359375
0 0.465625 0.40703125 0.015625 0.025
0 0.54375 0.3734375 0.0125 0.01953125
0 0.43046875 0.38203125 0.0109375 0.01953125
0 0.54296875 0.334375 0.0109375 0.01953125
0 0.50546875 0.35703125 0.0078125 0.0140625
0 0.48046875 0.3734375 0.0109375 0.0140625
0 0.43671875 0.4109375 0.0171875 0.0390625
0 0.44765625 0.36953125 0.0109375 0.0109375
0 0.43828125 0.4015625 0.0140625 0.01953125
0 0.40703125 0.3625 0.0046875 0.0140625
0 0.4546875 0.38046875 0.0125 0.01640625
0 0.53515625 0.32890625 0.0078125 0.0140625
0 0.4625 0.36953125 0.0125 0.01640625
0 0.525 0.3359375 0.00625 0.0109375
0 0.49921875 0.34296875 0.0078125 0.0140625
0 0.4890625 0.35859375 0.009375 0.01640625
0 0.55234375 0.3609375 0.0078125 0.0109375