1 0.390625 0.47109375 0.0375 0.06953125
1 0.42578125 0.41953125 0.0234375 0.0390625
0 0.3796875 0.69453125 0.059375 0.09453125
0 0.0875 0.771875 0.115625 0.128125
0 0.446875 0.48046875 0.028125 0.0390625
0 0.35390625 0.47109375 0.0265625 0.0359375
0 0.53359375 0.409375 0.0171875 0.03046875
0 0.4578125 0.428125 0.01875 0.028125
0 0.41171875 0.403125 0.0140625 0.021875
0 0.540625 0.37109375 0.0125 0.025
0 0.5640625 0.378125 0.0125 0.01640625
0 0.46796875 0.396875 0.0140625 0.021875
0 0.48515625 0.3625 0.0109375 0.01953125
0 0.43828125 0.378125 0.0109375 0.01640625
0 0.4234375 0.39140625 0.0125 0.01640625
0 0.46171875 0.3734375 0.0109375 0.0140625
0 0.44921875 0.390625 0.0140625 0.01953125
0 0.45 0.36640625 0.0125 0.01640625
0 0.55390625 0.365625 0.0109375 0.01953125
0 0.47421875 0.384375 0.0109375 0.01953125
0 0.40703125 0.3640625 0.0046875 0.01640625
0 0.47890625 0.34453125 0.0140625 0.01640625
0 0.5640625 0.3640625 0.0125 0.01640625
0 0.5453125 0.35390625 0.053125 0.06953125