1 0.59921875 0.4015625 0.0421875 0.075
1 0.40234375 0.39140625 0.0390625 0.071875
1 0.3359375 0.56640625 0.05 0.078125
1 0.71875 0.40546875 0.04375 0.0390625
1 0.5546875 0.375 0.025 0.05
1 0.4609375 0.328125 0.015625 0.028125
0 0.36328125 0.7640625 0.0828125 0.13359375
0 0.72109375 0.678125 0.0703125 0.10546875
0 0.10625 0.74453125 0.13125 0.1390625
0 0.3984375 0.63046875 0.05 0.078125
0 0.29765625 0.53203125 0.0390625 0.046875
0 0.42421875 0.54609375 0.0359375 0.05859375
0 0.55234375 0.43203125 0.0203125 0.03046875
0 0.44375 0.49140625 0.03125 0.0390625
0 0.36640625 0.53203125 0.0390625 0.053125
0 0.42734375 0.3859375 0.0109375 0.01640625
0 0.5265625 0.38046875 0.0125 0.021875
0 0.3859375 0.4359375 0.021875 0.028125
0 0.37421875 0.453125 0.0234375 0.03359375
0 0.41015625 0.45546875 0.0234375 0.028125
0 0.38984375 0.471875 0.0265625 0.03359375
0 0.44765625 0.4609375 0.0234375 0.028125
0 0.70234375 0.29140625 0.0109375 0.0109375
0 0.5546875 0.3640625 0.021875 0.028125
0 0.4296875 0.428125 0.01875 0.028125
0 0.45390625 0.36640625 0.0078125 0.0109375
0 0.440625 0.40546875 0.015625 0.021875
0 0.39296875 0.446875 0.0140625 0.021875
0 0.41875 0.44140625 0.01875 0.028125
0 0.46171875 0.4234375 0.0171875 0.03046875
0 0.44765625 0.4375 0.0171875 0.03046875
0 0.3859375 0.496875 0.034375 0.04453125
0 0.3859375 0.43046875 0.01875 0.01640625