0 0.303125 0.93046875 0.125 0.13359375
0 0.72265625 0.678125 0.0796875 0.10546875
0 0.6609375 0.8484375 0.1 0.19140625
0 0.42109375 0.5640625 0.0421875 0.05546875
0 0.3140625 0.63359375 0.065625 0.08359375
0 0.17734375 0.6734375 0.0859375 0.096875
0 0.3625 0.534375 0.040625 0.053125
0 0.35234375 0.471875 0.0296875 0.0390625
0 0.59375 0.42109375 0.01875 0.025
0 0.56015625 0.49453125 0.0296875 0.04453125
0 0.31015625 0.50859375 0.0484375 0.071875
0 0.64609375 0.47890625 0.0296875 0.046875
0 0.44140625 0.4765625 0.0265625 0.0359375
0 0.5328125 0.4140625 0.01875 0.021875
0 0.3984375 0.41796875 0.01875 0.025
0 0.4140625 0.44453125 0.021875 0.03359375
0 0.5953125 0.471875 0.025 0.0390625
0 0.4640625 0.415625 0.015625 0.025
0 0.57109375 0.384375 0.0140625 0.01953125
0 0.45 0.44140625 0.025 0.0390625
0 0.55078125 0.390625 0.0140625 0.01953125
0 0.44140625 0.403125 0.0140625 0.021875
0 0.47734375 0.384375 0.0140625 0.01953125
0 0.4328125 0.384375 0.0125 0.01953125
0 0.44296875 0.36953125 0.0109375 0.021875
0 0.40625 0.3640625 0.00625 0.01640625
0 0.521875 0.36953125 0.0125 0.021875
0 0.465625 0.36796875 0.009375 0.0140625
0 0.54140625 0.371875 0.0109375 0.01640625
0 0.46171875 0.353125 0.0109375 0.01640625
0 0.453125 0.38203125 0.0125 0.01953125
0 0.5046875 0.35546875 0.009375 0.01640625
0 0.59453125 0.4609375 0.0140625 0.021875
0 0.4953125 0.34453125 0.009375 0.01640625
0 0.54296875 0.34453125 0.0078125 0.01640625
0 0.559375 0.371875 0.009375 0.01640625
0 0.48203125 0.36796875 0.0109375 0.0140625
0 0.471875 0.3609375 0.009375 0.01640625