1 0.16015625 0.7390625 0.3203125 0.51640625
0 0.2984375 0.9765625 0.103125 0.04140625
0 0.40859375 0.56953125 0.0359375 0.0609375
0 0.67734375 0.89453125 0.1046875 0.20546875
0 0.35078125 0.48046875 0.0296875 0.0390625
0 0.37265625 0.50390625 0.0390625 0.05859375
0 0.61953125 0.4484375 0.0203125 0.03046875
0 0.459375 0.43203125 0.01875 0.03046875
0 0.55078125 0.4609375 0.0265625 0.0390625
0 0.41640625 0.44140625 0.0234375 0.03359375
0 0.58671875 0.45703125 0.0234375 0.0359375
0 0.4015625 0.41640625 0.01875 0.028125
0 0.53203125 0.40703125 0.0140625 0.025
0 0.43125 0.41953125 0.015625 0.028125
0 0.58984375 0.4109375 0.0171875 0.021875
0 0.4203125 0.390625 0.0125 0.01953125
0 0.55078125 0.390625 0.0140625 0.01953125
0 0.57734375 0.43046875 0.0171875 0.03359375
0 0.45078125 0.384375 0.0140625 0.01953125
0 0.44296875 0.4015625 0.0140625 0.01953125
0 0.5421875 0.36953125 0.009375 0.01640625
0 0.40703125 0.3625 0.0046875 0.0140625
0 0.46953125 0.39296875 0.0140625 0.01953125
0 0.4796875 0.38046875 0.0125 0.01640625
0 0.521875 0.36796875 0.009375 0.01953125
0 0.278125 0.740625 0.021875 0.06953125
0 0.5625 0.37890625 0.009375 0.0140625
0 0.50546875 0.35703125 0.0078125 0.0140625
0 0.28359375 0.728125 0.0328125 0.09453125