1 0.290625 0.4984375 0.08125 0.14140625
1 0.4546875 0.365625 0.021875 0.046875
1 0.57109375 0.3625 0.0265625 0.06953125
0 0.73203125 0.5875 0.0609375 0.08046875
0 0.59609375 0.58046875 0.0453125 0.071875
0 0.3984375 0.63203125 0.05 0.075
0 0.3625 0.5375 0.0375 0.053125
0 0.61171875 0.509375 0.0328125 0.046875
0 0.43515625 0.5140625 0.0359375 0.0609375
0 0.0640625 0.81796875 0.128125 0.1640625
0 0.2046875 0.640625 0.075 0.0859375
0 0.37109375 0.44296875 0.0234375 0.03046875
0 0.06953125 0.9765625 0.1171875 0.04140625
0 0.39140625 0.48046875 0.0328125 0.04453125
0 0.43984375 0.403125 0.0140625 0.021875
0 0.45078125 0.4609375 0.0203125 0.03359375
0 0.3484375 0.4765625 0.03125 0.0359375
0 0.40234375 0.415625 0.0140625 0.025
0 0.4609375 0.4265625 0.01875 0.025
0 0.53984375 0.3734375 0.0109375 0.0140625
0 0.41875 0.43203125 0.025 0.04140625
0 0.46796875 0.4015625 0.0140625 0.01953125
0 0.571875 0.38359375 0.01875 0.028125
0 0.47734375 0.37890625 0.0109375 0.0140625
0 0.47890625 0.34609375 0.0109375 0.01953125
0 0.40625 0.3625 0.00625 0.0140625
0 0.4984375 0.3359375 0.009375 0.01640625
0 0.55546875 0.37109375 0.0078125 0.0140625
0 0.46875 0.3640625 0.009375 0.01640625
0 0.4203125 0.4234375 0.021875 0.025
0 0.57421875 0.35859375 0.0171875 0.028125
0 0.54375 0.359375 0.009375 0.0140625
0 0.42734375 0.421875 0.0078125 0.021875
0 0.4828125 0.36640625 0.0125 0.021875
0 0.32734375 0.490625 0.0078125 0.06953125
0 0.32734375 0.47109375 0.0078125 0.03046875
0 0.065625 0.9484375 0.128125 0.096875
0 0.453125 0.38203125 0.015625 0.0140625
0 0.49140625 0.35 0.0109375 0.01640625