1 0.38671875 0.409375 0.0515625 0.08046875
0 0.22578125 0.7734375 0.0859375 0.11953125
0 0.353125 0.75390625 0.08125 0.1140625
0 0.8515625 0.728125 0.096875 0.13359375
0 0.303125 0.525 0.040625 0.05
0 0.43046875 0.50703125 0.0296875 0.04140625
0 0.35390625 0.540625 0.0421875 0.05859375
0 0.05546875 0.821875 0.1109375 0.1609375
0 0.61953125 0.44296875 0.0265625 0.04140625
0 0.40546875 0.45703125 0.0265625 0.0359375
0 0.59296875 0.46796875 0.0234375 0.0359375
0 0.44375 0.3984375 0.015625 0.025
0 0.475 0.3875 0.0125 0.01953125
0 0.57578125 0.39453125 0.0140625 0.021875
0 0.58828125 0.40859375 0.0171875 0.021875
0 0.52421875 0.38046875 0.0140625 0.01640625
0 0.42265625 0.39296875 0.0140625 0.01953125
0 0.54375 0.38359375 0.0125 0.021875
0 0.45234375 0.384375 0.0109375 0.01953125
0 0.534375 0.35 0.00625 0.0109375
0 0.5578125 0.371875 0.00625 0.0109375
0 0.41171875 0.40390625 0.0078125 0.01953125
0 0.5890625 0.45703125 0.0125 0.01953125
0 0.46015625 0.371875 0.0171875 0.01640625
0 0.48359375 0.36640625 0.0109375 0.01640625
0 0.40625 0.365625 0.00625 0.0140625
0 0.51796875 0.321875 0.0078125 0.0109375
0 0.29296875 0.42890625 0.0109375 0.025
0 0.49375 0.35 0.0125 0.01640625
0 0.4859375 0.3359375 0.00625 0.0109375
0 0.54375 0.34453125 0.00625 0.01640625
0 0.44375 0.371875 0.0125 0.01640625