1 0.9515625 0.78203125 0.09375 0.375
0 0.36484375 0.72890625 0.0765625 0.1140625
0 0.68828125 0.5234375 0.0390625 0.053125
0 0.2046875 0.821875 0.109375 0.1390625
0 0.040625 0.884375 0.08125 0.153125
0 0.628125 0.696875 0.06875 0.1390625
0 0.434375 0.496875 0.03125 0.04453125
0 0.384375 0.484375 0.034375 0.046875
0 0.26640625 0.5734375 0.0546875 0.0640625
0 0.38125 0.44296875 0.021875 0.03046875
0 0.57265625 0.4234375 0.0203125 0.025
0 0.534375 0.421875 0.01875 0.028125
0 0.41484375 0.446875 0.0234375 0.03359375
0 0.43671875 0.40546875 0.0171875 0.021875
0 0.45078125 0.3890625 0.0140625 0.021875
0 0.52890625 0.390625 0.0140625 0.025
0 0.4765625 0.378125 0.0125 0.01640625
0 0.40703125 0.3625 0.0046875 0.0140625
0 0.54609375 0.384375 0.0140625 0.01953125
0 0.47421875 0.3125 0.0078125 0.0140625
0 0.45703125 0.375 0.0109375 0.01640625
0 0.521875 0.37109375 0.0125 0.01953125
0 0.44140625 0.3734375 0.0109375 0.0140625
0 0.9703125 0.9265625 0.053125 0.0859375
0 0.47109375 0.359375 0.0109375 0.0140625
0 0.53828125 0.36640625 0.0109375 0.01640625
0 0.4828125 0.365625 0.0125 0.0140625
0 0.57578125 0.384375 0.0234375 0.03046875
0 0.25859375 0.58359375 0.0390625 0.04453125