1 0.103125 0.73359375 0.20625 0.44453125
1 0.60546875 0.415625 0.0421875 0.075
1 0.40390625 0.43203125 0.0421875 0.0859375
0 0.33046875 0.8609375 0.0953125 0.15
0 0.42265625 0.5640625 0.0421875 0.0609375
0 0.115625 0.9234375 0.153125 0.146875
0 0.61328125 0.65390625 0.0640625 0.1140625
0 0.82265625 0.85546875 0.1109375 0.18359375
0 0.3203125 0.503125 0.0375 0.05
0 0.5375 0.44140625 0.01875 0.03359375
0 0.4390625 0.484375 0.028125 0.04140625
0 0.4546875 0.44140625 0.021875 0.03359375
0 0.5515625 0.3875 0.015625 0.03046875
0 0.4640625 0.4015625 0.015625 0.01953125
0 0.43046875 0.4140625 0.0140625 0.028125
0 0.4515625 0.384375 0.0125 0.01953125
0 0.4296875 0.3859375 0.0125 0.01640625
0 0.39453125 0.478125 0.0296875 0.03359375
0 0.378125 0.46953125 0.0125 0.028125
0 0.61171875 0.42890625 0.0265625 0.046875
0 0.54296875 0.37109375 0.0140625 0.01953125
0 0.475 0.38203125 0.0125 0.01953125
0 0.40625 0.365625 0.00625 0.0140625
0 0.5234375 0.3734375 0.0125 0.01953125
0 0.48359375 0.36640625 0.0109375 0.01640625
0 0.4609375 0.35703125 0.009375 0.0140625
0 0.50234375 0.35703125 0.0078125 0.01953125
0 0.44609375 0.36953125 0.0078125 0.01640625
0 0.49453125 0.35 0.0109375 0.01640625
0 0.41953125 0.42890625 0.0109375 0.025
0 0.4609375 0.37109375 0.009375 0.0140625