0 0.2125 0.63046875 0.06875 0.08359375
0 0.37578125 0.7 0.0640625 0.1
0 0.775 0.64453125 0.071875 0.0890625
0 0.634375 0.73359375 0.071875 0.128125
0 0.98125 0.93359375 0.034375 0.09453125
0 0.31875 0.5109375 0.0375 0.04453125
0 0.67265625 0.51640625 0.0328125 0.05546875
0 0.61796875 0.51640625 0.0359375 0.05546875
0 0.4375 0.496875 0.03125 0.0390625
0 0.60234375 0.4265625 0.0203125 0.03046875
0 0.38828125 0.43203125 0.0203125 0.025
0 0.37421875 0.51953125 0.0359375 0.05
0 0.4453125 0.45390625 0.025 0.03046875
0 0.10625 0.975 0.06875 0.04453125
0 0.5359375 0.42890625 0.01875 0.03046875
0 0.4125 0.44609375 0.025 0.0359375
0 0.0703125 0.9484375 0.140625 0.096875
0 0.5765625 0.434375 0.021875 0.03046875
0 0.43984375 0.403125 0.0171875 0.03359375
0 0.52265625 0.36640625 0.0109375 0.01640625
0 0.571875 0.409375 0.015625 0.01953125
0 0.54296875 0.378125 0.0140625 0.021875
0 0.0390625 0.96640625 0.078125 0.0609375
0 0.40703125 0.3625 0.0046875 0.0140625
0 0.4359375 0.3765625 0.0125 0.0140625
0 0.46875 0.396875 0.015625 0.01640625
0 0.0890625 0.9859375 0.046875 0.021875
0 0.45390625 0.384375 0.0140625 0.01953125
0 0.57265625 0.3859375 0.0140625 0.021875
0 0.0828125 0.32109375 0.015625 0.01953125
0 0.48359375 0.36640625 0.0109375 0.01640625
0 0.5453125 0.34609375 0.009375 0.01953125
0 0.5625 0.37890625 0.00625 0.0140625
0 0.4109375 0.359375 0.015625 0.01953125
0 0.446875 0.37109375 0.009375 0.0140625
0 0.4640625 0.36953125 0.009375 0.01640625
0 0.475 0.38046875 0.0125 0.01640625
0 0.38203125 0.5109375 0.0234375 0.0390625