1 0.3328125 0.815625 0.10625 0.203125
1 0.54609375 0.365625 0.0203125 0.046875
0 0.2421875 0.6015625 0.05625 0.06953125
0 0.67890625 0.8515625 0.0921875 0.175
0 0.60390625 0.484375 0.0265625 0.04140625
0 0.5625 0.4890625 0.03125 0.05
0 0.80625 0.68046875 0.075 0.1
0 0.1953125 0.82109375 0.10625 0.1359375
0 0.34375 0.484375 0.034375 0.04140625
0 0.353125 0.5484375 0.04375 0.05859375
0 0.4421875 0.49296875 0.028125 0.046875
0 0.059375 0.834375 0.11875 0.15859375
0 0.5421875 0.428125 0.021875 0.028125
0 0.69375 0.5390625 0.040625 0.0609375
0 0.39765625 0.42109375 0.0203125 0.025
0 0.446875 0.44609375 0.025 0.03046875
0 0.4125 0.4484375 0.025 0.03046875
0 0.403125 0.584375 0.046875 0.06953125
0 0.4671875 0.40390625 0.015625 0.025
0 0.4203125 0.39296875 0.0125 0.01953125
0 0.56015625 0.36953125 0.0109375 0.021875
0 0.521875 0.3640625 0.0125 0.01640625
0 0.4296875 0.4234375 0.01875 0.025
0 0.74609375 0.34453125 0.0140625 0.01640625
0 0.44140625 0.375 0.0109375 0.01640625
0 0.4796875 0.378125 0.0125 0.01640625
0 0.440625 0.40859375 0.0125 0.021875
0 0.546875 0.3765625 0.01875 0.025
0 0.459375 0.36953125 0.0125 0.021875
0 0.45078125 0.365625 0.0078125 0.0140625
0 0.4671875 0.3625 0.009375 0.01953125
0 0.40703125 0.3640625 0.0046875 0.0109375
0 0.553125 0.3234375 0.009375 0.0140625
0 0.4859375 0.36640625 0.009375 0.0109375