1 0.365625 0.446875 0.034375 0.05546875
1 0.553125 0.353125 0.01875 0.04453125
1 0.45234375 0.37109375 0.0234375 0.0359375
0 0.14140625 0.725 0.0859375 0.1
0 0.8984375 0.9640625 0.115625 0.06640625
0 0.3578125 0.5234375 0.0375 0.046875
0 0.1453125 0.896875 0.128125 0.15546875
0 0.67578125 0.909375 0.1109375 0.175
0 0.40625 0.58203125 0.05 0.06953125
0 0.6890625 0.534375 0.040625 0.053125
0 0.31640625 0.59296875 0.0546875 0.06953125
0 0.43828125 0.48203125 0.0265625 0.0359375
0 0.6296875 0.4640625 0.025 0.0390625
0 0.4046875 0.465625 0.025 0.0359375
0 0.5890625 0.46640625 0.021875 0.03359375
0 0.41796875 0.39453125 0.0140625 0.021875
0 0.53359375 0.4140625 0.0171875 0.028125
0 0.4640625 0.4125 0.015625 0.025
0 0.55859375 0.396875 0.0171875 0.03359375
0 0.44296875 0.39296875 0.0171875 0.025
0 0.52734375 0.378125 0.0140625 0.028125
0 0.47265625 0.3875 0.0109375 0.01953125
0 0.40625 0.3640625 0.00625 0.0109375
0 0.12578125 0.9875 0.0859375 0.01953125
0 0.540625 0.371875 0.0125 0.01640625
0 0.3875 0.565625 0.0125 0.03046875
0 0.521875 0.3640625 0.0125 0.021875
0 0.51953125 0.36640625 0.0078125 0.01640625
0 0.4890625 0.35546875 0.009375 0.01640625
0 0.4671875 0.365625 0.009375 0.01953125
0 0.5578125 0.3859375 0.015625 0.01640625