1 0.3578125 0.5125 0.059375 0.1140625
1 0.3859375 0.40546875 0.046875 0.08359375
1 0.4546875 0.37890625 0.015625 0.03046875
1 0.4328125 0.36953125 0.025 0.05
0 0.396875 0.65703125 0.05 0.0859375
0 0.60859375 0.42890625 0.0203125 0.0359375
0 0.19609375 0.815625 0.1109375 0.1359375
0 0.565625 0.41953125 0.01875 0.028125
0 0.421875 0.434375 0.01875 0.03046875
0 0.53046875 0.40859375 0.0140625 0.028125
0 0.4359375 0.40703125 0.015625 0.01953125
0 0.4625 0.41796875 0.01875 0.025
0 0.39453125 0.4734375 0.0203125 0.0359375
0 0.43984375 0.4890625 0.0109375 0.04453125
0 0.47890625 0.378125 0.0109375 0.01640625
0 0.46484375 0.4 0.0140625 0.021875
0 0.534375 0.35546875 0.009375 0.01640625
0 0.52734375 0.375 0.0109375 0.01640625
0 0.43984375 0.471875 0.0109375 0.01640625
0 0.43125 0.3859375 0.015625 0.01640625
0 0.47578125 0.3515625 0.0109375 0.0140625
0 0.45546875 0.359375 0.0140625 0.0140625
0 0.4859375 0.3640625 0.009375 0.01640625
0 0.478125 0.3375 0.00625 0.0140625
0 0.55546875 0.3515625 0.0109375 0.0140625
0 0.50390625 0.353125 0.0078125 0.01640625
0 0.5203125 0.359375 0.00625 0.0140625
0 0.384375 0.4375 0.01875 0.01953125