1 0.37734375 0.43203125 0.0328125 0.0640625
1 0.40546875 0.39140625 0.0359375 0.06640625
0 0.41875 0.57109375 0.040625 0.05859375
0 0.30859375 0.625 0.0578125 0.078125
0 0.29609375 0.5390625 0.0359375 0.05546875
0 0.64453125 0.55 0.0421875 0.0609375
0 0.66953125 0.50390625 0.0359375 0.046875
0 0.034375 0.871875 0.06875 0.1390625
0 0.59140625 0.46796875 0.0265625 0.04140625
0 0.4109375 0.45 0.021875 0.03359375
0 0.45390625 0.440625 0.0203125 0.03046875
0 0.46484375 0.409375 0.0171875 0.025
0 0.5328125 0.340625 0.00625 0.0140625
0 0.43125 0.421875 0.015625 0.021875
0 0.43125 0.38359375 0.0125 0.01640625
0 0.47109375 0.384375 0.0140625 0.01953125
0 0.43984375 0.3984375 0.0140625 0.01953125
0 0.2921875 0.428125 0.0125 0.028125
0 0.4859375 0.3625 0.009375 0.0140625
0 0.46015625 0.3734375 0.0109375 0.0140625
0 0.48671875 0.34140625 0.0109375 0.01640625
0 0.4484375 0.36796875 0.009375 0.0140625
0 0.5046875 0.35703125 0.009375 0.0140625
0 0.47421875 0.35703125 0.0109375 0.0140625
0 0.52890625 0.32890625 0.0109375 0.0140625
0 0.49375 0.353125 0.009375 0.0109375
0 0.37109375 0.446875 0.0203125 0.03359375
0 0.38515625 0.446875 0.0109375 0.021875
0 0.4640625 0.353125 0.00625 0.0109375