1 0.41875 0.38359375 0.021875 0.0390625
0 0.228125 0.765625 0.084375 0.1140625
0 0.36484375 0.74140625 0.0734375 0.1109375
0 0.64296875 0.56796875 0.0390625 0.06953125
0 0.88203125 0.759375 0.1046875 0.1359375
0 0.31484375 0.5140625 0.0328125 0.04453125
0 0.34609375 0.571875 0.0484375 0.071875
0 0.3734375 0.44296875 0.021875 0.03046875
0 0.540625 0.43203125 0.021875 0.03046875
0 0.44453125 0.4609375 0.0234375 0.03359375
0 0.6 0.41796875 0.01875 0.03046875
0 0.578125 0.42109375 0.025 0.046875
0 0.4078125 0.40546875 0.01875 0.028125
0 0.4359375 0.4125 0.015625 0.025
0 0.4703125 0.396875 0.0125 0.021875
0 0.53828125 0.36953125 0.0109375 0.01640625
0 0.45546875 0.3625 0.0109375 0.0140625
0 0.478125 0.37890625 0.0125 0.01953125
0 0.446875 0.39609375 0.0125 0.01953125
0 0.521875 0.353125 0.009375 0.01640625
0 0.44140625 0.371875 0.0109375 0.01640625
0 0.471875 0.35703125 0.009375 0.0140625
0 0.40625 0.3640625 0.00625 0.0109375
0 0.45703125 0.38359375 0.0109375 0.01640625
0 0.5046875 0.35703125 0.009375 0.01953125
0 0.54375 0.3484375 0.0125 0.01953125
0 0.54765625 0.33046875 0.0078125 0.0109375
0 0.434375 0.38359375 0.009375 0.01640625
0 0.5328125 0.3515625 0.009375 0.0140625
0 0.54609375 0.3515625 0.0078125 0.0140625
0 0.48671875 0.3625 0.0078125 0.0140625