1 0.3953125 0.43359375 0.05625 0.128125
1 0.3421875 0.44453125 0.05625 0.1109375
1 0.4421875 0.35546875 0.021875 0.04453125
1 0.58046875 0.39296875 0.0171875 0.0359375
0 0.35078125 0.75859375 0.0796875 0.11640625
0 0.184375 0.85546875 0.1125 0.1390625
0 0.2515625 0.5890625 0.05625 0.0609375
0 0.41328125 0.59140625 0.0421875 0.06640625
0 0.703125 0.675 0.06875 0.1
0 0.7453125 0.603125 0.059375 0.078125
0 0.43203125 0.503125 0.0359375 0.04453125
0 0.32890625 0.578125 0.0546875 0.071875
0 0.6546875 0.509375 0.03125 0.046875
0 0.5484375 0.4390625 0.021875 0.0390625
0 0.621875 0.45390625 0.025 0.03046875
0 0.446875 0.4515625 0.028125 0.04140625
0 0.4609375 0.4234375 0.01875 0.025
0 0.56796875 0.3890625 0.0109375 0.021875
0 0.47265625 0.39609375 0.0140625 0.01953125
0 0.521875 0.35703125 0.009375 0.01953125
0 0.428125 0.43046875 0.0125 0.028125
0 0.59921875 0.425 0.0171875 0.028125
0 0.44609375 0.39453125 0.0140625 0.021875
0 0.43671875 0.4109375 0.0171875 0.021875
0 0.29140625 0.43203125 0.0109375 0.0359375
0 0.43046875 0.384375 0.0140625 0.01953125
0 0.6984375 0.29140625 0.01875 0.01640625
0 0.46484375 0.37109375 0.0109375 0.01953125
0 0.47265625 0.375 0.0109375 0.01640625
0 0.559375 0.371875 0.0125 0.01640625
0 0.459375 0.35703125 0.009375 0.0140625