1 0.3875 0.434375 0.0375 0.08046875
1 0.40390625 0.396875 0.0296875 0.05546875
1 0.2703125 0.54453125 0.06875 0.10546875
1 0.4578125 0.35859375 0.021875 0.04453125
0 0.33125 0.8984375 0.109375 0.16953125
0 0.30390625 0.628125 0.0578125 0.071875
0 0.6390625 0.54609375 0.040625 0.05859375
0 0.11875 0.93203125 0.134375 0.13046875
0 0.025 0.9015625 0.05 0.11953125
0 0.396875 0.628125 0.05625 0.08359375
0 0.56484375 0.51953125 0.0359375 0.06640625
0 0.4203125 0.54140625 0.0375 0.05546875
0 0.59296875 0.41796875 0.0171875 0.025
0 0.38125 0.49140625 0.034375 0.04453125
0 0.5234375 0.378125 0.0125 0.021875
0 0.5609375 0.415625 0.015625 0.025
0 0.42890625 0.4234375 0.0171875 0.025
0 0.44453125 0.45859375 0.0265625 0.03359375
0 0.4375 0.496875 0.03125 0.0390625
0 0.43515625 0.37890625 0.0109375 0.0140625
0 0.4421875 0.396875 0.015625 0.021875
0 0.46171875 0.4234375 0.0171875 0.025
0 0.29140625 0.43046875 0.0109375 0.028125
0 0.45234375 0.3875 0.0109375 0.01953125
0 0.55859375 0.3734375 0.0109375 0.0140625
0 0.565625 0.38359375 0.009375 0.01640625
0 0.4671875 0.40390625 0.015625 0.01953125
0 0.534375 0.346875 0.00625 0.01640625
0 0.471875 0.3890625 0.0125 0.01640625
0 0.54296875 0.32890625 0.0046875 0.0140625
0 0.47421875 0.35546875 0.0109375 0.01640625
0 0.4796875 0.378125 0.009375 0.01640625
0 0.521875 0.34296875 0.00625 0.0140625