1 0.68046875 0.4875 0.0921875 0.1640625
1 0.33984375 0.453125 0.0734375 0.121875
1 0.61796875 0.4984375 0.0421875 0.096875
0 0.153125 0.6859375 0.09375 0.09453125
0 0.23828125 0.74296875 0.0859375 0.1140625
0 0.4046875 0.60859375 0.046875 0.06640625
0 0.36796875 0.51796875 0.0390625 0.046875
0 0.44375 0.48359375 0.025 0.0390625
0 0.32421875 0.596875 0.0515625 0.071875
0 0.4484375 0.440625 0.021875 0.03046875
0 0.40078125 0.465625 0.0265625 0.0359375
0 0.42109375 0.4359375 0.0234375 0.028125
0 0.40703125 0.4109375 0.0171875 0.021875
0 0.38515625 0.43359375 0.0203125 0.028125
0 0.46953125 0.4015625 0.0140625 0.01953125
0 0.42734375 0.3875 0.0140625 0.01953125
0 0.57578125 0.43046875 0.0171875 0.028125
0 0.446875 0.39296875 0.0125 0.01953125
0 0.5796875 0.3984375 0.015625 0.025
0 0.540625 0.403125 0.015625 0.021875
0 0.5234375 0.3765625 0.00625 0.0140625
0 0.5390625 0.371875 0.0125 0.0109375
0 0.40625 0.3640625 0.00625 0.01640625
0 0.54375 0.346875 0.009375 0.01640625
0 0.44453125 0.37109375 0.0109375 0.0140625
0 0.47421875 0.3125 0.0109375 0.0140625
0 0.56953125 0.3875 0.0078125 0.01953125
0 0.54765625 0.3875 0.0140625 0.01953125
0 0.4859375 0.34296875 0.009375 0.0140625
0 0.459375 0.375 0.0125 0.01640625
0 0.5046875 0.35703125 0.009375 0.0140625
0 0.475 0.38046875 0.0125 0.01640625
0 0.55859375 0.36953125 0.0078125 0.0109375
0 0.4828125 0.36796875 0.009375 0.0140625
0 0.3734375 0.44296875 0.00625 0.025
0 0.3671875 0.47109375 0.01875 0.03046875