1 0.28671875 0.5359375 0.0546875 0.078125
1 0.89375 0.7265625 0.203125 0.325
0 0.39609375 0.615625 0.0515625 0.075
0 0.3078125 0.62109375 0.0625 0.08046875
0 0.57890625 0.396875 0.0140625 0.021875
0 0.54375 0.37890625 0.0125 0.01953125
0 0.4 0.4640625 0.028125 0.0390625
0 0.440625 0.48046875 0.025 0.0390625
0 0.41796875 0.42890625 0.0203125 0.025
0 0.39765625 0.41796875 0.0171875 0.025
0 0.4625 0.41953125 0.01875 0.028125
0 0.4328125 0.384375 0.0125 0.01953125
0 0.7796875 0.634375 0.05 0.125
0 0.4453125 0.39453125 0.0125 0.021875
0 0.50390625 0.35703125 0.0109375 0.01953125
0 0.40625 0.3640625 0.00625 0.01640625
0 0.46953125 0.3875 0.0109375 0.01953125
0 0.47890625 0.3734375 0.0109375 0.01953125
0 0.5453125 0.325 0.009375 0.01640625
0 0.45546875 0.38046875 0.0109375 0.01640625
0 0.48671875 0.36796875 0.0078125 0.0140625
0 0.44453125 0.36796875 0.0078125 0.01953125
0 0.47109375 0.359375 0.0078125 0.0140625