1 0.34765625 0.49296875 0.0984375 0.196875
0 0.03984375 0.8875 0.0796875 0.146875
0 0.6140625 0.6625 0.059375 0.096875
0 0.2265625 0.609375 0.059375 0.06953125
0 0.76953125 0.74296875 0.0796875 0.11953125
0 0.675 0.5125 0.04375 0.06953125
0 0.77265625 0.94296875 0.1203125 0.10859375
0 0.415625 0.59296875 0.046875 0.0640625
0 0.44375 0.4734375 0.025 0.0359375
0 0.45703125 0.4265625 0.0203125 0.03046875
0 0.4171875 0.43359375 0.01875 0.028125
0 0.403125 0.415625 0.015625 0.025
0 0.5484375 0.3515625 0.009375 0.01953125
0 0.43984375 0.3984375 0.0140625 0.01953125
0 0.5375 0.36796875 0.009375 0.0140625
0 0.496875 0.3375 0.009375 0.01953125
0 0.4671875 0.396875 0.015625 0.021875
0 0.5328125 0.34609375 0.009375 0.01953125
0 0.52265625 0.37109375 0.0109375 0.0140625
0 0.43671875 0.38359375 0.0109375 0.01640625
0 0.3015625 0.51953125 0.00625 0.028125
0 0.1484375 0.58046875 0.015625 0.03359375
0 0.4578125 0.38046875 0.0125 0.01640625
0 0.36875 0.325 0.0125 0.01640625
0 0.47734375 0.378125 0.0109375 0.01640625
0 0.475 0.34296875 0.009375 0.0140625
0 0.40625 0.3640625 0.00625 0.0109375
0 0.5203125 0.3515625 0.009375 0.0140625
0 0.4296875 0.46640625 0.009375 0.021875
0 0.46484375 0.36640625 0.0109375 0.01640625
0 0.3953125 0.45 0.009375 0.028125
0 0.478125 0.35859375 0.0125 0.01640625
0 0.50390625 0.35703125 0.0078125 0.01953125
0 0.4890625 0.35703125 0.009375 0.0140625
0 0.378125 0.5375 0.009375 0.0359375
0 0.53515625 0.3515625 0.0390625 0.05859375