1 0.46171875 0.34296875 0.0171875 0.05859375
0 0.31171875 0.51953125 0.0390625 0.05
0 0.359375 0.8015625 0.08125 0.13046875
0 0.30078125 0.65546875 0.0734375 0.0890625
0 0.4328125 0.50390625 0.03125 0.04140625
0 0.7125 0.56796875 0.05 0.0640625
0 0.65546875 0.49140625 0.0296875 0.04453125
0 0.37265625 0.44609375 0.0203125 0.03046875
0 0.45859375 0.4375 0.0203125 0.03046875
0 0.38359375 0.490625 0.0328125 0.04140625
0 0.6109375 0.5015625 0.034375 0.046875
0 0.59140625 0.5765625 0.0453125 0.06953125
0 0.4171875 0.396875 0.015625 0.021875
0 0.43125 0.41953125 0.015625 0.028125
0 0.446875 0.39609375 0.0125 0.01953125
0 0.61328125 0.440625 0.0234375 0.03046875
0 0.578125 0.4390625 0.021875 0.03359375
0 0.4453125 0.37109375 0.009375 0.0140625
0 0.56484375 0.375 0.0140625 0.028125
0 0.52890625 0.3984375 0.0140625 0.025
0 0.46953125 0.39140625 0.0140625 0.01640625
0 0.52421875 0.375 0.0109375 0.021875
0 0.57734375 0.4 0.0140625 0.021875
0 0.4796875 0.3734375 0.009375 0.0140625
0 0.59140625 0.415625 0.0171875 0.025
0 0.5546875 0.353125 0.015625 0.028125
0 0.5359375 0.35703125 0.009375 0.0140625
0 0.40703125 0.365625 0.0046875 0.0140625
0 0.4859375 0.3625 0.009375 0.0140625
0 0.52265625 0.35390625 0.0078125 0.0140625
0 0.4765625 0.35703125 0.009375 0.0140625
0 0.4609375 0.3640625 0.015625 0.01640625