1 0.44140625 0.38359375 0.0296875 0.06640625
0 0.3359375 0.85390625 0.096875 0.153125
0 0.3046875 0.61953125 0.05625 0.071875
0 0.05078125 0.92890625 0.1015625 0.1359375
0 0.5703125 0.4234375 0.01875 0.025
0 0.61640625 0.509375 0.0328125 0.046875
0 0.4359375 0.515625 0.03125 0.046875
0 0.63203125 0.4625 0.0265625 0.0359375
0 0.328125 0.5 0.0375 0.05
0 0.4484375 0.4609375 0.021875 0.03359375
0 0.52734375 0.3859375 0.0140625 0.021875
0 0.39765625 0.42109375 0.0171875 0.025
0 0.36015625 0.465625 0.0234375 0.0359375
0 0.375 0.5 0.0375 0.0609375
0 0.4625 0.4140625 0.015625 0.021875
0 0.56015625 0.3734375 0.0109375 0.01953125
0 0.425 0.42890625 0.01875 0.025
0 0.41328125 0.4 0.0140625 0.021875
0 0.475 0.384375 0.0125 0.01953125
0 0.40703125 0.365625 0.0046875 0.0140625
0 0.425 0.390625 0.009375 0.01953125
0 0.45859375 0.38046875 0.0078125 0.01640625
0 0.43671875 0.403125 0.0171875 0.028125
0 0.53515625 0.3515625 0.0078125 0.0140625
0 0.546875 0.33046875 0.00625 0.0109375
0 0.4890625 0.35546875 0.009375 0.01640625
0 0.434375 0.36796875 0.0125 0.025
0 0.50546875 0.35703125 0.0078125 0.0140625
0 0.48359375 0.36953125 0.0109375 0.01640625
0 0.5515625 0.3609375 0.00625 0.0109375