1 0.16328125 0.74453125 0.3265625 0.50546875
1 0.3859375 0.40859375 0.046875 0.078125
0 0.353125 0.83046875 0.09375 0.1609375
0 0.71640625 0.675 0.0703125 0.1109375
0 0.61015625 0.6484375 0.0578125 0.096875
0 0.39921875 0.5484375 0.0453125 0.05859375
0 0.32265625 0.5 0.0328125 0.04453125
0 0.65 0.48359375 0.03125 0.04453125
0 0.4296875 0.50546875 0.034375 0.04453125
0 0.61171875 0.496875 0.0359375 0.05
0 0.54609375 0.459375 0.0234375 0.0359375
0 0.36875 0.515625 0.03125 0.046875
0 0.56484375 0.38046875 0.0140625 0.01640625
0 0.4265625 0.425 0.01875 0.028125
0 0.45546875 0.4390625 0.0171875 0.028125
0 0.59140625 0.415625 0.0140625 0.025
0 0.415625 0.403125 0.0125 0.021875
0 0.465625 0.40703125 0.015625 0.01953125
0 0.47890625 0.38046875 0.0109375 0.01640625
0 0.44609375 0.39140625 0.0140625 0.01640625
0 0.5046875 0.35546875 0.009375 0.01640625
0 0.40546875 0.3640625 0.0078125 0.01640625
0 0.315625 0.565625 0.021875 0.053125
0 0.45703125 0.378125 0.0109375 0.01640625
0 0.1125 0.3265625 0.0125 0.00859375
0 0.5234375 0.375 0.00625 0.0109375
0 0.54765625 0.35546875 0.0078125 0.0109375
0 0.46328125 0.36953125 0.0078125 0.01640625
0 0.45 0.36796875 0.0125 0.0140625
0 0.525 0.37109375 0.009375 0.01953125
0 0.54453125 0.34296875 0.0078125 0.0140625
0 0.53515625 0.353125 0.0078125 0.0109375
0 0.48203125 0.365625 0.0109375 0.0140625
0 0.60078125 0.47890625 0.0140625 0.01953125
0 0.315625 0.5984375 0.021875 0.11953125