1 0.80546875 0.615625 0.2046875 0.30859375
1 0.59765625 0.4109375 0.0390625 0.06640625
1 0.41640625 0.3765625 0.0234375 0.04140625
1 0.41796875 0.4265625 0.0296875 0.05859375
0 0.1296875 0.72109375 0.090625 0.096875
0 0.64921875 0.7859375 0.0859375 0.15
0 0.3296875 0.925 0.115625 0.14453125
0 0.7109375 0.671875 0.06875 0.1
0 0.28671875 0.65546875 0.0765625 0.10546875
0 0.63984375 0.5 0.0328125 0.04453125
0 0.3359375 0.5265625 0.040625 0.053125
0 0.36328125 0.4625 0.0234375 0.0359375
0 0.53828125 0.4390625 0.0203125 0.03359375
0 0.40703125 0.61953125 0.0453125 0.071875
0 0.39921875 0.415625 0.0171875 0.025
0 0.4515625 0.44609375 0.021875 0.03046875
0 0.453125 0.425 0.01875 0.021875
0 0.5234375 0.371875 0.0125 0.021875
0 0.46875 0.4 0.015625 0.021875
0 0.55703125 0.4 0.0140625 0.021875
0 0.54453125 0.38359375 0.0140625 0.021875
0 0.56953125 0.384375 0.0171875 0.025
0 0.44296875 0.4 0.0140625 0.021875
0 0.43125 0.38203125 0.009375 0.01953125
0 0.50234375 0.334375 0.0078125 0.01953125
0 0.70859375 0.2859375 0.0390625 0.021875
0 0.475 0.38203125 0.0125 0.01953125
0 0.603125 0.43359375 0.01875 0.021875
0 0.55546875 0.36953125 0.0109375 0.01640625
0 0.4515625 0.7390625 0.025 0.05546875
0 0.75 0.63359375 0.03125 0.05546875
0 0.6046875 0.425 0.025 0.0390625
0 0.73984375 0.61953125 0.0515625 0.08359375