1 0.296875 0.496875 0.10625 0.16640625
0 0.1640625 0.8640625 0.121875 0.14453125
0 0.29375 0.94296875 0.115625 0.10859375
0 0.6125 0.65 0.05625 0.09453125
0 0.41796875 0.54453125 0.0390625 0.05546875
0 0.14609375 0.7359375 0.0953125 0.1
0 0.3140625 0.625 0.059375 0.078125
0 0.6328125 0.4625 0.025 0.0359375
0 0.734375 0.5875 0.05625 0.06953125
0 0.3546875 0.8140625 0.08125 0.1390625
0 0.3875 0.490625 0.034375 0.04140625
0 0.4484375 0.46640625 0.025 0.03359375
0 0.3671875 0.45703125 0.025 0.03046875
0 0.41328125 0.44609375 0.0234375 0.03046875
0 0.39921875 0.42109375 0.0140625 0.025
0 0.43125 0.42109375 0.01875 0.025
0 0.571875 0.3890625 0.00625 0.0109375
0 0.546875 0.3765625 0.0125 0.01953125
0 0.41875 0.3984375 0.015625 0.01953125
0 0.453125 0.384375 0.0125 0.01953125
0 0.46015625 0.42109375 0.0171875 0.03046875
0 0.4359375 0.378125 0.0125 0.021875
0 0.3515625 0.4609375 0.00625 0.01640625
0 0.503125 0.35859375 0.009375 0.01640625
0 0.540625 0.3265625 0.009375 0.01953125
0 0.46484375 0.36953125 0.0109375 0.01640625
0 0.46875 0.40703125 0.0125 0.01953125
0 0.471875 0.390625 0.015625 0.01953125
0 0.48046875 0.378125 0.0109375 0.01640625
0 0.40625 0.3640625 0.00625 0.01640625
0 0.5359375 0.36640625 0.009375 0.01640625
0 0.4546875 0.4265625 0.025 0.025