1 0.31640625 0.54609375 0.1453125 0.26953125
0 0.02578125 0.90859375 0.0515625 0.11640625
0 0.72890625 0.57890625 0.0515625 0.06953125
0 0.4296875 0.53203125 0.0375 0.053125
0 0.846875 0.70703125 0.090625 0.13046875
0 0.63984375 0.46953125 0.0265625 0.0390625
0 0.625 0.51796875 0.034375 0.053125
0 0.5328125 0.4109375 0.015625 0.028125
0 0.59609375 0.4234375 0.0171875 0.025
0 0.56328125 0.41640625 0.0171875 0.028125
0 0.4453125 0.4625 0.021875 0.0359375
0 0.4125 0.44296875 0.021875 0.03046875
0 0.4578125 0.43046875 0.01875 0.028125
0 0.29296875 0.515625 0.0640625 0.096875
0 0.47109375 0.390625 0.0140625 0.025
0 0.4140625 0.40390625 0.015625 0.025
0 0.15 0.58046875 0.015625 0.03359375
0 0.359375 0.4265625 0.028125 0.03046875
0 0.43046875 0.41953125 0.0140625 0.028125
0 0.40625 0.3640625 0.00625 0.01640625
0 0.33515625 0.4390625 0.0390625 0.0390625
0 0.44296875 0.39296875 0.0171875 0.03046875
0 0.55 0.35703125 0.00625 0.0140625
0 0.4265625 0.384375 0.015625 0.025
0 0.3203125 0.4640625 0.04375 0.04453125
0 0.259375 0.56640625 0.03125 0.05546875
0 0.53515625 0.3515625 0.0109375 0.0140625
0 0.49453125 0.334375 0.0109375 0.0140625
0 0.4390625 0.371875 0.0125 0.01640625
0 0.50390625 0.35859375 0.0109375 0.01640625
0 0.478125 0.3765625 0.009375 0.0140625
0 0.46171875 0.36953125 0.0109375 0.01640625
0 0.525 0.34140625 0.00625 0.0109375
0 0.2953125 0.6125 0.071875 0.13046875