1 0.87890625 0.33203125 0.2171875 0.1140625
0 0.259375 0.58203125 0.05 0.0640625
0 0.60859375 0.43359375 0.0203125 0.03359375
0 0.39765625 0.6125 0.0453125 0.06953125
0 0.39140625 0.48203125 0.0265625 0.0359375
0 0.4546875 0.4390625 0.021875 0.03359375
0 0.43046875 0.50390625 0.0296875 0.04140625
0 0.415625 0.4375 0.021875 0.03046875
0 0.56015625 0.37109375 0.0109375 0.0140625
0 0.42265625 0.39296875 0.0140625 0.01953125
0 0.46796875 0.39609375 0.0140625 0.01953125
0 0.5359375 0.3609375 0.009375 0.0109375
0 0.5328125 0.34453125 0.00625 0.0109375
0 0.50390625 0.35703125 0.0109375 0.01953125
0 0.4484375 0.3875 0.0125 0.01953125
0 0.45859375 0.37890625 0.0109375 0.01953125
0 0.47734375 0.38359375 0.0109375 0.01640625
0 0.40625 0.3625 0.00625 0.0140625
0 0.47421875 0.3125 0.0078125 0.0140625
0 0.48203125 0.36953125 0.0109375 0.01640625
0 0.46328125 0.353125 0.0078125 0.0109375
0 0.4546875 0.3625 0.009375 0.0140625
0 0.4875 0.359375 0.009375 0.0140625
0 0.0046875 0.2484375 0.009375 0.0359375