1 0.3203125 0.46796875 0.090625 0.1359375
1 0.46171875 0.32890625 0.0171875 0.0359375
0 0.13984375 0.70859375 0.0921875 0.09453125
0 0.35234375 0.753125 0.0796875 0.11640625
0 0.121875 0.934375 0.146875 0.125
0 0.26640625 0.70390625 0.0765625 0.103125
0 0.7578125 0.7484375 0.08125 0.13046875
0 0.65859375 0.5015625 0.0328125 0.046875
0 0.42890625 0.53046875 0.0328125 0.05
0 0.39140625 0.484375 0.0296875 0.04140625
0 0.56328125 0.47890625 0.0296875 0.04140625
0 0.446875 0.4609375 0.025 0.03359375
0 0.57109375 0.4234375 0.0203125 0.025
0 0.42734375 0.41953125 0.0171875 0.021875
0 0.38203125 0.4390625 0.0234375 0.028125
0 0.53359375 0.415625 0.0171875 0.025
0 0.46796875 0.40546875 0.0171875 0.021875
0 0.5546875 0.396875 0.0125 0.021875
0 0.525 0.38359375 0.0125 0.01640625
0 0.434375 0.37890625 0.009375 0.0140625
0 0.4421875 0.39453125 0.015625 0.021875
0 0.5421875 0.34609375 0.00625 0.0140625
0 0.46015625 0.371875 0.0109375 0.01640625
0 0.55078125 0.359375 0.0109375 0.0140625
0 0.5796875 0.3984375 0.0125 0.01953125
0 0.4078125 0.3625 0.00625 0.0140625
0 0.43828125 0.37890625 0.0140625 0.01953125
0 0.47421875 0.38359375 0.0140625 0.01640625
0 0.56015625 0.3734375 0.0078125 0.0140625
0 0.50546875 0.35546875 0.0078125 0.01640625
0 0.48125 0.36953125 0.009375 0.01640625
0 0.365625 0.44296875 0.009375 0.01953125
0 0.49453125 0.34609375 0.0109375 0.0140625
0 0.4578125 0.35703125 0.00625 0.0140625
0 0.47265625 0.35859375 0.0109375 0.01640625