1 0.40859375 0.3890625 0.0359375 0.06640625
1 0.54453125 0.3375 0.0109375 0.03046875
1 0.4609375 0.328125 0.015625 0.028125
0 0.07734375 0.7984375 0.1234375 0.125
0 0.38984375 0.66953125 0.0609375 0.0890625
0 0.6046875 0.6875 0.06875 0.1140625
0 0.31796875 0.9125 0.1109375 0.16953125
0 0.71171875 0.55703125 0.0453125 0.0640625
0 0.2859375 0.671875 0.065625 0.0890625
0 0.315625 0.509375 0.040625 0.053125
0 0.384375 0.49140625 0.034375 0.04453125
0 0.60390625 0.490625 0.0296875 0.04140625
0 0.4296875 0.5140625 0.03125 0.05
0 0.54375 0.434375 0.021875 0.03046875
0 0.4203125 0.4375 0.021875 0.03046875
0 0.55546875 0.39609375 0.0140625 0.01953125
0 0.46015625 0.4125 0.0171875 0.025
0 0.528125 0.4 0.015625 0.021875
0 0.38046875 0.44296875 0.0234375 0.03046875
0 0.4609375 0.35390625 0.009375 0.0140625
0 0.52109375 0.3640625 0.0109375 0.01640625
0 0.44453125 0.39609375 0.0140625 0.01953125
0 0.47109375 0.39296875 0.0140625 0.01953125
0 0.40390625 0.4140625 0.0203125 0.01640625
0 0.48125 0.378125 0.009375 0.01640625
0 0.45859375 0.37890625 0.0109375 0.01953125
0 0.4875 0.36640625 0.009375 0.01640625
0 0.50546875 0.35703125 0.0078125 0.0140625
0 0.55 0.359375 0.00625 0.0140625
0 0.4421875 0.375 0.009375 0.01640625