1 0.12890625 0.89453125 0.1796875 0.20546875
1 0.45703125 0.365625 0.0203125 0.04140625
1 0.4390625 0.3890625 0.025 0.05
0 0.39140625 0.68046875 0.0578125 0.0890625
0 0.12421875 0.75390625 0.1078125 0.1140625
0 0.340625 0.58046875 0.05 0.06640625
0 0.39296875 0.4234375 0.0203125 0.025
0 0.809375 0.66640625 0.078125 0.1
0 0.61796875 0.628125 0.0515625 0.0890625
0 0.64140625 0.55703125 0.0421875 0.0640625
0 0.678125 0.51796875 0.040625 0.0640625
0 0.246875 0.615625 0.053125 0.075
0 0.42578125 0.51640625 0.0328125 0.05
0 0.31484375 0.51640625 0.0296875 0.04453125
0 0.36015625 0.465625 0.0265625 0.0359375
0 0.446875 0.4640625 0.028125 0.0390625
0 0.5828125 0.44453125 0.021875 0.03359375
0 0.54296875 0.4390625 0.0203125 0.03359375
0 0.58046875 0.4 0.0140625 0.021875
0 0.45625 0.425 0.021875 0.028125
0 0.55703125 0.4 0.0140625 0.021875
0 0.9703125 0.55859375 0.009375 0.028125
0 0.52890625 0.3890625 0.0140625 0.01640625
0 0.09765625 0.36796875 0.0171875 0.01953125
0 0.4078125 0.3640625 0.00625 0.0109375
0 0.48359375 0.3640625 0.0109375 0.01640625
0 0.471875 0.384375 0.015625 0.025
0 0.5234375 0.36953125 0.0125 0.01640625
0 0.54140625 0.375 0.0109375 0.01640625
0 0.49609375 0.34609375 0.0078125 0.0140625
0 0.5421875 0.34296875 0.009375 0.0140625
0 0.43671875 0.375 0.0203125 0.021875
0 0.4390625 0.403125 0.021875 0.028125
0 0.46875 0.409375 0.0125 0.01953125
0 0.53671875 0.35546875 0.0109375 0.01640625
0 0.99375 0.509375 0.009375 0.046875