1 0.40234375 0.425 0.0515625 0.1
1 0.44140625 0.37890625 0.0265625 0.0640625
0 0.36015625 0.75703125 0.0765625 0.1140625
0 0.28046875 0.55703125 0.0484375 0.05859375
0 0.3296875 0.59296875 0.05 0.06953125
0 0.60546875 0.64140625 0.0515625 0.08359375
0 0.67578125 0.51953125 0.0359375 0.05
0 0.42109375 0.53359375 0.0421875 0.0609375
0 0.6046875 0.503125 0.034375 0.05
0 0.615625 0.446875 0.025 0.03359375
0 0.45 0.45859375 0.025 0.03359375
0 0.103125 0.940625 0.16875 0.1140625
0 0.359375 0.4625 0.028125 0.0359375
0 0.4609375 0.4109375 0.01875 0.028125
0 0.54375 0.375 0.0125 0.01640625
0 0.29140625 0.43203125 0.0109375 0.03046875
0 0.48203125 0.375 0.0109375 0.01640625
0 0.54296875 0.34296875 0.0078125 0.0140625
0 0.46953125 0.4015625 0.0109375 0.01953125
0 0.5234375 0.3609375 0.009375 0.01640625
0 0.47421875 0.309375 0.0078125 0.0140625
0 0.45859375 0.359375 0.0078125 0.0140625
0 0.53046875 0.38046875 0.0078125 0.01640625
0 0.53359375 0.3515625 0.0078125 0.0140625
0 0.4390625 0.40546875 0.01875 0.01640625
0 0.38828125 0.4390625 0.0171875 0.028125
0 0.5234375 0.37890625 0.00625 0.0140625