1 0.30625 0.60703125 0.084375 0.146875
1 0.44140625 0.38203125 0.0328125 0.0640625
0 0.3765625 0.70546875 0.0625 0.09453125
0 0.70390625 0.55703125 0.0453125 0.0640625
0 0.60234375 0.4265625 0.0171875 0.025
0 0.8890625 0.91953125 0.14375 0.15546875
0 0.53671875 0.415625 0.0171875 0.025
0 0.36875 0.521875 0.040625 0.05
0 0.453125 0.446875 0.01875 0.03359375
0 0.29921875 0.528125 0.0390625 0.04453125
0 0.40234375 0.45703125 0.0265625 0.0359375
0 0.396875 0.421875 0.01875 0.021875
0 0.4640625 0.4140625 0.015625 0.028125
0 0.52421875 0.378125 0.0140625 0.01640625
0 0.421875 0.390625 0.0125 0.01953125
0 0.5515625 0.384375 0.0125 0.01953125
0 0.5640625 0.38046875 0.0125 0.01640625
0 0.4796875 0.375 0.0125 0.021875
0 0.47265625 0.39296875 0.0140625 0.01953125
0 0.5609375 0.37890625 0.00625 0.0140625
0 0.4171875 0.359375 0.025 0.01953125
0 0.61796875 0.3625 0.0109375 0.0140625
0 0.54765625 0.3515625 0.0078125 0.0140625
0 0.5671875 0.37890625 0.00625 0.0140625
0 0.4078125 0.3625 0.00625 0.0140625
0 0.51796875 0.3234375 0.0109375 0.0140625
0 0.446875 0.4 0.0125 0.021875
0 0.521875 0.359375 0.009375 0.0140625
0 0.45703125 0.38046875 0.0046875 0.021875
0 0.43125 0.3984375 0.009375 0.01953125