0 0.0796875 0.7890625 0.1125 0.121875
0 0.42578125 0.540625 0.0359375 0.053125
0 0.3125 0.51640625 0.0375 0.04453125
0 0.3015625 0.64453125 0.065625 0.071875
0 0.3765625 0.6890625 0.06875 0.121875
0 0.63125 0.45546875 0.025 0.0390625
0 0.4 0.459375 0.028125 0.0359375
0 0.26640625 0.57109375 0.0515625 0.0640625
0 0.69375 0.58046875 0.053125 0.071875
0 0.44375 0.4734375 0.021875 0.0359375
0 0.57890625 0.44453125 0.0234375 0.0390625
0 0.40546875 0.415625 0.0171875 0.025
0 0.5390625 0.3640625 0.009375 0.01640625
0 0.4296875 0.41796875 0.01875 0.025
0 0.56484375 0.378125 0.0109375 0.01640625
0 0.4609375 0.43046875 0.01875 0.028125
0 0.57578125 0.39296875 0.0140625 0.01953125
0 0.40703125 0.365625 0.0046875 0.0140625
0 0.4515625 0.390625 0.0125 0.01953125
0 0.5625 0.3765625 0.00625 0.0140625
0 0.44296875 0.4015625 0.0140625 0.025
0 0.47109375 0.39296875 0.0140625 0.025
0 0.5234375 0.35703125 0.0125 0.01953125
0 0.4640625 0.4125 0.015625 0.01953125
0 0.57265625 0.39140625 0.0078125 0.01640625
0 0.43359375 0.37890625 0.0109375 0.01953125
0 0.41953125 0.39453125 0.0171875 0.021875
0 0.48125 0.37109375 0.0125 0.01953125
0 0.46484375 0.3625 0.0140625 0.01953125
0 0.44296875 0.3734375 0.0078125 0.0140625
0 0.703125 0.2890625 0.0125 0.0109375
0 0.4796875 0.38046875 0.009375 0.01640625