1 0.1 0.73046875 0.146875 0.18359375
1 0.0703125 0.88203125 0.140625 0.23046875
1 0.40390625 0.459375 0.0296875 0.046875
0 0.8421875 0.7109375 0.08125 0.11640625
0 0.4015625 0.6109375 0.046875 0.071875
0 0.27734375 0.5609375 0.0546875 0.0609375
0 0.678125 0.859375 0.103125 0.1859375
0 0.43359375 0.5109375 0.0296875 0.04453125
0 0.6109375 0.4984375 0.03125 0.046875
0 0.28828125 0.66796875 0.0703125 0.096875
0 0.55703125 0.49296875 0.0296875 0.046875
0 0.36484375 0.4625 0.0234375 0.0359375
0 0.9 0.953125 0.128125 0.0890625
0 0.33203125 0.503125 0.0359375 0.04453125
0 0.3265625 0.89609375 0.121875 0.203125
0 0.45078125 0.45703125 0.0234375 0.03046875
0 0.56796875 0.41640625 0.0171875 0.028125
0 0.43203125 0.41953125 0.0203125 0.028125
0 0.46015625 0.41953125 0.0203125 0.028125
0 0.52734375 0.39609375 0.0171875 0.03046875
0 0.5390625 0.421875 0.021875 0.028125
0 0.3953125 0.4234375 0.015625 0.025
0 0.55546875 0.39609375 0.0140625 0.01953125
0 0.43125 0.38359375 0.015625 0.021875
0 0.546875 0.3515625 0.009375 0.0140625
0 0.0953125 0.36796875 0.01875 0.01953125
0 0.41640625 0.4015625 0.0140625 0.01953125
0 0.4671875 0.403125 0.015625 0.021875
0 0.47421875 0.38203125 0.0109375 0.01953125
0 0.31171875 0.97109375 0.0953125 0.053125
0 0.52109375 0.35859375 0.0109375 0.028125
0 0.40703125 0.3609375 0.0078125 0.01640625
0 0.48515625 0.3609375 0.0109375 0.01640625
0 0.47578125 0.30859375 0.0109375 0.021875
0 0.41171875 0.40546875 0.0203125 0.01640625
0 0.503125 0.3375 0.00625 0.0140625
0 0.4515625 0.3625 0.00625 0.0140625
0 0.02578125 0.9484375 0.0515625 0.096875
0 0.50546875 0.88203125 0.1359375 0.23046875
0 0.47421875 0.35546875 0.0109375 0.01640625