0 0.1921875 0.6609375 0.078125 0.08359375
0 0.4328125 0.534375 0.034375 0.053125
0 0.9 0.9640625 0.115625 0.06640625
0 0.65234375 0.57890625 0.0453125 0.0640625
0 0.578125 0.54453125 0.0375 0.0609375
0 0.384375 0.50859375 0.03125 0.04453125
0 0.7296875 0.575 0.053125 0.078125
0 0.3609375 0.46640625 0.028125 0.0390625
0 0.45546875 0.44140625 0.0203125 0.03359375
0 0.64296875 0.48203125 0.0328125 0.04140625
0 0.4125 0.45 0.021875 0.03359375
0 0.32421875 0.496875 0.0390625 0.05546875
0 0.540625 0.434375 0.021875 0.03046875
0 0.39296875 0.421875 0.0171875 0.028125
0 0.5609375 0.40703125 0.015625 0.025
0 0.52734375 0.4015625 0.0171875 0.025
0 0.43359375 0.41796875 0.0171875 0.025
0 0.4109375 0.3984375 0.015625 0.025
0 0.559375 0.37109375 0.009375 0.01953125
0 0.46953125 0.39453125 0.0140625 0.021875
0 0.42734375 0.3890625 0.0140625 0.021875
0 0.40625 0.3625 0.00625 0.0140625
0 0.5671875 0.3875 0.0125 0.01953125
0 0.4734375 0.3109375 0.009375 0.01640625
0 0.5390625 0.36640625 0.009375 0.0109375
0 0.52265625 0.371875 0.0109375 0.01640625
0 0.4875 0.35859375 0.0125 0.01640625
0 0.47734375 0.378125 0.0140625 0.028125
0 0.50546875 0.35546875 0.0078125 0.01640625
0 0.46171875 0.3765625 0.0109375 0.01953125
0 0.45234375 0.38359375 0.0078125 0.01640625
0 0.55078125 0.35859375 0.0078125 0.01640625