1 0.19453125 0.715625 0.2703125 0.446875
1 0.284375 0.47109375 0.115625 0.14140625
1 0.45234375 0.3625 0.0234375 0.0640625
1 0.4375 0.39296875 0.021875 0.04140625
1 0.55 0.3484375 0.0125 0.03046875
0 0.58125 0.58203125 0.040625 0.075
0 0.034375 0.85 0.06875 0.14453125
0 0.3984375 0.60703125 0.046875 0.08046875
0 0.31328125 0.9 0.1046875 0.171875
0 0.6046875 0.43359375 0.01875 0.028125
0 0.92109375 0.94453125 0.1546875 0.10546875
0 0.3625 0.45703125 0.025 0.03046875
0 0.4359375 0.50390625 0.028125 0.046875
0 0.9390625 0.82890625 0.11875 0.1640625
0 0.584375 0.45 0.021875 0.03359375
0 0.446875 0.45859375 0.025 0.03359375
0 0.4578125 0.4234375 0.01875 0.025
0 0.53046875 0.39453125 0.0140625 0.021875
0 0.56484375 0.38046875 0.0109375 0.01640625
0 0.33984375 0.57109375 0.0328125 0.05859375
0 0.70546875 0.55546875 0.0453125 0.0609375
0 0.40390625 0.4515625 0.0296875 0.046875
0 0.39296875 0.425 0.0171875 0.028125
0 0.425 0.425 0.015625 0.028125
0 0.41328125 0.3984375 0.0140625 0.025
0 0.5453125 0.38359375 0.009375 0.0109375
0 0.40625 0.365625 0.00625 0.0140625
0 0.46640625 0.4015625 0.0140625 0.01953125
0 0.8671875 0.9625 0.046875 0.06953125
0 0.4734375 0.3125 0.009375 0.0140625
0 0.4234375 0.390625 0.009375 0.01953125
0 0.52265625 0.36796875 0.0109375 0.01953125
0 0.54921875 0.35703125 0.0109375 0.01953125
0 0.47265625 0.384375 0.0109375 0.01953125
0 0.52109375 0.3484375 0.0109375 0.01953125
0 0.453125 0.384375 0.0125 0.025
0 0.36953125 0.3265625 0.0140625 0.0140625
0 0.47109375 0.3609375 0.0078125 0.01640625
0 0.53984375 0.36953125 0.0109375 0.01640625
0 0.49453125 0.346875 0.0109375 0.01640625
0 0.29765625 0.69296875 0.0203125 0.0640625
0 0.4875 0.359375 0.009375 0.0140625
0 0.321875 0.5265625 0.0125 0.03046875
0 0.33828125 0.4515625 0.0109375 0.046875
0 0.609375 0.440625 0.0125 0.0140625
0 0.55 0.34140625 0.0125 0.01640625