0 0.36875 0.71953125 0.071875 0.11640625
0 0.43046875 0.53359375 0.0359375 0.05
0 0.63046875 0.53046875 0.0390625 0.0609375
0 0.35703125 0.55 0.0453125 0.05546875
0 0.60078125 0.4234375 0.0171875 0.025
0 0.39453125 0.47890625 0.0296875 0.0359375
0 0.60546875 0.6484375 0.0578125 0.09140625
0 0.46015625 0.440625 0.0203125 0.03046875
0 0.31875 0.50390625 0.040625 0.046875
0 0.5578125 0.40390625 0.015625 0.025
0 0.409375 0.40703125 0.0125 0.01953125
0 0.52421875 0.38046875 0.0140625 0.01640625
0 0.434375 0.41953125 0.015625 0.028125
0 0.478125 0.375 0.0125 0.01640625
0 0.44375 0.4 0.015625 0.028125
0 0.5671875 0.38359375 0.0125 0.01640625
0 0.44609375 0.3734375 0.0078125 0.0140625
0 0.50546875 0.35546875 0.0078125 0.01640625
0 0.40703125 0.3640625 0.0046875 0.0109375
0 0.46875 0.3625 0.009375 0.0140625
0 0.4734375 0.3109375 0.009375 0.01640625
0 0.55234375 0.3640625 0.0078125 0.0109375
0 0.54375 0.378125 0.0125 0.01640625
0 0.534375 0.353125 0.009375 0.0109375
0 0.521875 0.3484375 0.009375 0.01953125
0 0.99375 0.9390625 0.009375 0.08359375
0 0.4546875 0.3640625 0.00625 0.0109375