1 0.1953125 0.5875 0.196875 0.275
1 0.3453125 0.459375 0.046875 0.0640625
1 0.30703125 0.60859375 0.0703125 0.11640625
1 0.56484375 0.36796875 0.0203125 0.046875
1 0.46171875 0.334375 0.0171875 0.04140625
0 0.3578125 0.5359375 0.040625 0.05
0 0.19375 0.84609375 0.1125 0.146875
0 0.428125 0.5140625 0.0375 0.0609375
0 0.4375 0.4625 0.025 0.0359375
0 0.40078125 0.46953125 0.0265625 0.0390625
0 0.41484375 0.40390625 0.0171875 0.025
0 0.46171875 0.42109375 0.0171875 0.025
0 0.50390625 0.35703125 0.0109375 0.01953125
0 0.47734375 0.3765625 0.0109375 0.0140625
0 0.4390625 0.40390625 0.015625 0.025
0 0.54140625 0.3765625 0.0109375 0.01953125
0 0.34140625 0.365625 0.0109375 0.0140625
0 0.46875 0.39296875 0.015625 0.025
0 0.42578125 0.384375 0.0109375 0.01953125
0 0.55234375 0.390625 0.0140625 0.01953125
0 0.40625 0.365625 0.00625 0.0140625
0 0.478125 0.34609375 0.009375 0.01953125
0 0.44921875 0.39296875 0.0140625 0.01953125
0 0.47109375 0.359375 0.0078125 0.0140625