1 0.40078125 0.60546875 0.0578125 0.1
1 0.4328125 0.36953125 0.01875 0.0390625
0 0.65 0.565625 0.04375 0.06953125
0 0.25 0.5875 0.05625 0.06953125
0 0.32109375 0.60390625 0.0546875 0.08046875
0 0.440625 0.49453125 0.03125 0.0390625
0 0.60546875 0.43046875 0.0171875 0.028125
0 0.37578125 0.44296875 0.0234375 0.03046875
0 0.3828125 0.490625 0.03125 0.046875
0 0.41328125 0.44609375 0.0203125 0.03046875
0 0.55546875 0.396875 0.0140625 0.021875
0 0.453125 0.44140625 0.021875 0.028125
0 0.84140625 0.903125 0.1265625 0.1890625
0 0.5296875 0.4 0.015625 0.021875
0 0.46328125 0.40859375 0.0171875 0.021875
0 0.43125 0.415625 0.01875 0.025
0 0.525 0.3765625 0.0125 0.01953125
0 0.41875 0.39453125 0.015625 0.021875
0 0.4765625 0.38046875 0.0125 0.01640625
0 0.53671875 0.35703125 0.0109375 0.01953125
0 0.50546875 0.35703125 0.0078125 0.0140625
0 0.478125 0.3484375 0.015625 0.01953125
0 0.45 0.384375 0.0125 0.025
0 0.4421875 0.396875 0.015625 0.021875
0 0.44921875 0.378125 0.0109375 0.01640625
0 0.49921875 0.34140625 0.0109375 0.0109375
0 0.55 0.35390625 0.009375 0.0140625
0 0.48671875 0.3625 0.0140625 0.01953125