1 0.15078125 0.678125 0.1296875 0.16640625
1 0.62421875 0.490625 0.0703125 0.13046875
1 0.36875 0.515625 0.0375 0.05859375
0 0.1671875 0.86640625 0.134375 0.1609375
0 0.28359375 0.66796875 0.0703125 0.09140625
0 0.31171875 0.928125 0.1171875 0.1390625
0 0.55703125 0.471875 0.0265625 0.0390625
0 0.39375 0.63359375 0.0625 0.10546875
0 0.334375 0.5984375 0.046875 0.06953125
0 0.359375 0.4609375 0.028125 0.0390625
0 0.3015625 0.5234375 0.04375 0.0640625
0 0.40078125 0.46953125 0.0234375 0.03359375
0 0.53515625 0.41796875 0.0171875 0.03046875
0 0.41953125 0.565625 0.0359375 0.05859375
0 0.3921875 0.42109375 0.01875 0.03046875
0 0.34765625 0.55703125 0.0421875 0.053125
0 0.5796875 0.4359375 0.021875 0.03359375
0 0.42890625 0.52109375 0.0328125 0.053125
0 0.5421875 0.378125 0.0125 0.01640625
0 0.4296875 0.3875 0.0125 0.01953125
0 0.40625 0.3640625 0.00625 0.01640625
0 0.5765625 0.39296875 0.0125 0.01953125
0 0.415625 0.44296875 0.021875 0.04140625
0 0.440625 0.49296875 0.025 0.0359375
0 0.56875 0.38046875 0.009375 0.021875
0 0.65546875 0.4734375 0.0109375 0.0359375
0 0.44140625 0.4015625 0.0140625 0.025
0 0.4453125 0.4640625 0.025 0.03359375
0 0.47421875 0.3109375 0.0109375 0.01640625
0 0.58515625 0.4109375 0.0140625 0.021875
0 0.52265625 0.37109375 0.0109375 0.0140625
0 0.4140625 0.42890625 0.015625 0.01953125
0 0.4625 0.43203125 0.01875 0.03046875
0 0.43203125 0.415625 0.0171875 0.025
0 0.453125 0.446875 0.01875 0.03359375
0 0.4546875 0.3640625 0.015625 0.01640625
0 0.46015625 0.40703125 0.0171875 0.01953125
0 0.5609375 0.371875 0.015625 0.01640625
0 0.5921875 0.42109375 0.015625 0.01953125
0 0.42734375 0.4265625 0.0171875 0.025
0 0.3609375 0.5515625 0.01875 0.04140625
0 0.5890625 0.41640625 0.021875 0.028125