1 0.30703125 0.4734375 0.0984375 0.16953125
1 0.66875 0.49296875 0.046875 0.0859375
1 0.37890625 0.43359375 0.0234375 0.05
1 0.49140625 0.334375 0.0171875 0.03046875
0 0.66640625 0.78046875 0.0859375 0.15
0 0.31953125 0.89296875 0.1046875 0.1640625
0 0.1296875 0.9140625 0.153125 0.16640625
0 0.41875 0.5640625 0.040625 0.06640625
0 0.80546875 0.68203125 0.0734375 0.103125
0 0.35390625 0.546875 0.0421875 0.05546875
0 0.19140625 0.6609375 0.0765625 0.1
0 0.6234375 0.4640625 0.028125 0.0390625
0 0.43828125 0.4625 0.0265625 0.0359375
0 0.3859375 0.490625 0.034375 0.04140625
0 0.603125 0.428125 0.01875 0.028125
0 0.46015625 0.425 0.0171875 0.028125
0 0.4125 0.44296875 0.021875 0.03046875
0 0.40625 0.409375 0.015625 0.025
0 0.56796875 0.421875 0.0171875 0.028125
0 0.54375 0.43359375 0.025 0.04453125
0 0.46953125 0.39296875 0.0140625 0.01953125
0 0.425 0.42890625 0.015625 0.025
0 0.571875 0.39296875 0.01875 0.03046875
0 0.40625 0.3640625 0.00625 0.01640625
0 0.35 0.4875 0.0125 0.0359375
0 0.47890625 0.38046875 0.0109375 0.021875
0 0.5046875 0.35703125 0.009375 0.01953125
0 0.42890625 0.3875 0.0140625 0.01953125
0 0.52578125 0.3734375 0.0140625 0.0140625
0 0.43046875 0.4125 0.0140625 0.025
0 0.45703125 0.38046875 0.0109375 0.01640625
0 0.7 0.290625 0.021875 0.0140625
0 0.446875 0.36953125 0.009375 0.01640625
0 0.35234375 0.44140625 0.0109375 0.05
0 0.5765625 0.396875 0.009375 0.021875
0 0.371875 0.49453125 0.009375 0.021875
0 0.54296875 0.34296875 0.0109375 0.01953125
0 0.44921875 0.39140625 0.0109375 0.01640625
0 0.5515625 0.4 0.015625 0.021875
0 0.5234375 0.353125 0.009375 0.01640625
0 0.44140625 0.3765625 0.0109375 0.0140625
0 0.43828125 0.4 0.0109375 0.021875
0 0.353125 0.434375 0.009375 0.03046875
0 0.56796875 0.3859375 0.0109375 0.01640625