1 0.4015625 0.43359375 0.05625 0.10546875
1 0.68046875 0.503125 0.0515625 0.09453125
0 0.19921875 0.6484375 0.0734375 0.08046875
0 0.2875 0.6609375 0.06875 0.08359375
0 0.296875 0.9234375 0.10625 0.146875
0 0.40234375 0.59453125 0.0421875 0.06640625
0 0.2953125 0.53359375 0.040625 0.05546875
0 0.6 0.6140625 0.053125 0.0890625
0 0.671875 0.6109375 0.05625 0.08359375
0 0.54921875 0.475 0.0265625 0.04453125
0 0.4484375 0.45390625 0.025 0.046875
0 0.46171875 0.42109375 0.0171875 0.025
0 0.44453125 0.3984375 0.0140625 0.01953125
0 0.36171875 0.45859375 0.0234375 0.03359375
0 0.55390625 0.3890625 0.0140625 0.028125
0 0.52578125 0.39140625 0.0171875 0.021875
0 0.43125 0.4265625 0.009375 0.025
0 0.45 0.36640625 0.0125 0.01640625
0 0.46796875 0.365625 0.0109375 0.0140625
0 0.4703125 0.3859375 0.0125 0.01640625
0 0.57265625 0.3890625 0.0109375 0.01640625
0 0.47890625 0.371875 0.0109375 0.01640625
0 0.29140625 0.43046875 0.0109375 0.028125
0 0.565625 0.38046875 0.009375 0.01640625
0 0.371875 0.453125 0.009375 0.028125
0 0.50546875 0.35546875 0.0078125 0.01640625
0 0.703125 0.290625 0.0125 0.0140625
0 0.49375 0.346875 0.009375 0.01640625
0 0.478125 0.35 0.009375 0.01640625
0 0.40703125 0.3640625 0.0046875 0.01640625
0 0.54140625 0.3734375 0.0109375 0.0140625
0 0.47421875 0.3125 0.0078125 0.0140625
0 0.54921875 0.35703125 0.0046875 0.0140625
0 0.521875 0.3625 0.009375 0.0140625
0 0.52421875 0.3734375 0.0109375 0.0140625
0 0.553125 0.32109375 0.009375 0.00859375
0 0.53515625 0.35 0.0078125 0.0109375
0 0.7 0.290625 0.021875 0.0140625