1 0.83984375 0.64609375 0.2390625 0.353125
1 0.45234375 0.35390625 0.0171875 0.0359375
1 0.41796875 0.434375 0.0234375 0.0359375
1 0.5453125 0.34296875 0.0125 0.025
0 0.64296875 0.55546875 0.0390625 0.0609375
0 0.346875 0.796875 0.078125 0.121875
0 0.6140625 0.66640625 0.053125 0.1
0 0.58671875 0.4609375 0.0234375 0.0390625
0 0.0484375 0.91640625 0.096875 0.15546875
0 0.309375 0.60546875 0.05625 0.078125
0 0.4234375 0.54296875 0.034375 0.053125
0 0.36640625 0.5265625 0.0390625 0.046875
0 0.43828125 0.4875 0.0296875 0.04140625
0 0.39921875 0.46640625 0.0296875 0.03359375
0 0.4078125 0.40859375 0.015625 0.021875
0 0.375 0.4484375 0.021875 0.03046875
0 0.453125 0.45 0.01875 0.03359375
0 0.44609375 0.39453125 0.0140625 0.021875
0 0.4578125 0.425 0.01875 0.028125
0 0.3921875 0.42890625 0.01875 0.025
0 0.52109375 0.346875 0.0078125 0.01640625
0 0.40625 0.3640625 0.00625 0.01640625
0 0.47109375 0.39609375 0.0140625 0.01953125
0 0.50625 0.35546875 0.009375 0.01640625
0 0.45546875 0.38203125 0.0109375 0.01953125
0 0.53203125 0.34453125 0.0109375 0.01640625
0 0.703125 0.290625 0.0125 0.0140625
0 0.48671875 0.35859375 0.0109375 0.01640625
0 0.54296875 0.346875 0.0078125 0.01640625