1 0.41171875 0.421875 0.0484375 0.1109375
0 0.36484375 0.74609375 0.0703125 0.1140625
0 0.1953125 0.6609375 0.075 0.08359375
0 0.7625 0.62890625 0.0625 0.0859375
0 0.08125 0.928125 0.1625 0.1390625
0 0.32578125 0.50390625 0.0296875 0.04140625
0 0.425 0.515625 0.03125 0.046875
0 0.36484375 0.5265625 0.0359375 0.053125
0 0.90234375 0.95546875 0.1328125 0.08359375
0 0.046875 0.859375 0.09375 0.153125
0 0.37421875 0.44453125 0.0203125 0.028125
0 0.46015625 0.421875 0.0203125 0.028125
0 0.56640625 0.38046875 0.0109375 0.01640625
0 0.440625 0.4015625 0.0125 0.01953125
0 0.2921875 0.4234375 0.0125 0.0359375
0 0.54765625 0.38359375 0.0109375 0.01640625
0 0.521875 0.3515625 0.009375 0.0140625
0 0.14921875 0.57890625 0.0140625 0.03046875
0 0.4125 0.3640625 0.015625 0.01640625
0 0.47421875 0.3890625 0.0140625 0.01640625
0 0.48125 0.36796875 0.0125 0.01953125
0 0.46796875 0.4015625 0.0140625 0.01953125
0 0.47265625 0.35390625 0.0109375 0.01953125
0 0.4015625 0.4015625 0.025 0.04140625
0 0.5453125 0.353125 0.00625 0.0109375
0 0.540625 0.36640625 0.0125 0.01640625
0 0.45234375 0.390625 0.0109375 0.0140625
0 0.43828125 0.38046875 0.0078125 0.01640625
0 0.42421875 0.3734375 0.0109375 0.0140625