1 0.4171875 0.3875 0.028125 0.053125
1 0.396875 0.4140625 0.03125 0.06640625
1 0.46015625 0.34453125 0.0171875 0.0609375
0 0.2046875 0.64296875 0.075 0.08046875
0 0.4 0.64453125 0.053125 0.08359375
0 0.53125 0.40390625 0.015625 0.03046875
0 0.0375 0.8890625 0.075 0.15
0 0.3625 0.53046875 0.0375 0.05
0 0.646875 0.48359375 0.03125 0.04453125
0 0.29765625 0.6359375 0.0578125 0.078125
0 0.6015625 0.490625 0.028125 0.04140625
0 0.42265625 0.540625 0.0390625 0.05859375
0 0.29375 0.9859375 0.0875 0.021875
0 0.5875 0.4109375 0.015625 0.021875
0 0.40625 0.45390625 0.028125 0.0359375
0 0.43515625 0.49609375 0.0296875 0.04140625
0 0.3265625 0.4875 0.046875 0.08046875
0 0.57109375 0.390625 0.0140625 0.01953125
0 0.43515625 0.4109375 0.0140625 0.021875
0 0.45234375 0.434375 0.0171875 0.025
0 0.5515625 0.365625 0.009375 0.0140625
0 0.4484375 0.465625 0.021875 0.03046875
0 0.44765625 0.390625 0.0140625 0.01953125
0 0.44375 0.37109375 0.0125 0.01953125
0 0.465625 0.40859375 0.015625 0.021875
0 0.534375 0.35703125 0.009375 0.0140625
0 0.47578125 0.38203125 0.0109375 0.0140625
0 0.446875 0.44140625 0.028125 0.0390625
0 0.5421875 0.33203125 0.00625 0.0140625
0 0.45625 0.38046875 0.009375 0.01640625
0 0.41796875 0.4 0.0140625 0.021875
0 0.51171875 0.33046875 0.0046875 0.0109375
0 0.703125 0.29140625 0.0125 0.0109375
0 0.43984375 0.446875 0.0140625 0.028125
0 0.48671875 0.3375 0.0078125 0.0140625
0 0.52578125 0.371875 0.0109375 0.01640625
0 0.4703125 0.39609375 0.015625 0.01953125
0 0.521875 0.3515625 0.009375 0.0140625
0 0.56875 0.3890625 0.00625 0.01640625