1 0.88515625 0.7484375 0.2265625 0.496875
0 0.32578125 0.86640625 0.1046875 0.171875
0 0.23125 0.6140625 0.065625 0.071875
0 0.8015625 0.84453125 0.115625 0.171875
0 0.6578125 0.4890625 0.03125 0.04453125
0 0.428125 0.525 0.034375 0.05
0 0.58203125 0.559375 0.0421875 0.075
0 0.3703125 0.45390625 0.025 0.03046875
0 0.3734375 0.50390625 0.0375 0.053125
0 0.40859375 0.459375 0.0265625 0.0359375
0 0.56484375 0.409375 0.0171875 0.025
0 0.53125 0.40703125 0.015625 0.025
0 0.4484375 0.39453125 0.015625 0.021875
0 0.43359375 0.409375 0.0171875 0.025
0 0.096875 0.975 0.115625 0.04453125
0 0.475 0.38046875 0.0125 0.01640625
0 0.5265625 0.38359375 0.0125 0.021875
0 0.54140625 0.378125 0.0109375 0.01640625
0 0.45625 0.378125 0.0125 0.021875
0 0.40703125 0.3640625 0.0046875 0.01640625
0 0.4390625 0.375 0.009375 0.01640625
0 0.09375 0.95 0.121875 0.09453125
0 0.46953125 0.3609375 0.0109375 0.01640625
0 0.47578125 0.3109375 0.0109375 0.01640625
0 0.51875 0.36953125 0.00625 0.01640625
0 0.53671875 0.3609375 0.0109375 0.01640625
0 0.48125 0.365625 0.0125 0.0140625
0 0.084375 0.9859375 0.09375 0.021875
0 0.571875 0.38046875 0.01875 0.028125