1 0.325 0.496875 0.046875 0.06640625
0 0.65 0.77890625 0.08125 0.146875
0 0.26015625 0.70546875 0.0796875 0.1
0 0.1953125 0.65703125 0.071875 0.08046875
0 0.38984375 0.6609375 0.0546875 0.0890625
0 0.67265625 0.60859375 0.0546875 0.08359375
0 0.34765625 0.55390625 0.0453125 0.05859375
0 0.934375 0.8265625 0.128125 0.1640625
0 0.4234375 0.54140625 0.034375 0.05546875
0 0.6515625 0.490625 0.03125 0.04140625
0 0.38671875 0.43046875 0.0171875 0.028125
0 0.44140625 0.48359375 0.0296875 0.0390625
0 0.60078125 0.48359375 0.0234375 0.0390625
0 0.38359375 0.49609375 0.0328125 0.04140625
0 0.55859375 0.4765625 0.0296875 0.046875
0 0.5296875 0.3984375 0.01875 0.03046875
0 0.3578125 0.4640625 0.025 0.03359375
0 0.41875 0.4375 0.01875 0.03046875
0 0.45390625 0.43203125 0.0203125 0.03046875
0 0.5984375 0.43046875 0.01875 0.028125
0 0.54375 0.375 0.009375 0.01640625
0 0.4265625 0.390625 0.0125 0.01953125
0 0.40625 0.3640625 0.00625 0.01640625
0 0.58046875 0.44296875 0.0203125 0.03046875
0 0.5609375 0.415625 0.015625 0.025
0 0.440625 0.3984375 0.015625 0.01953125
0 0.5046875 0.35703125 0.009375 0.01953125
0 0.5828125 0.4125 0.01875 0.01953125
0 0.46328125 0.4109375 0.0140625 0.028125
0 0.52109375 0.34453125 0.0078125 0.01640625
0 0.4515625 0.35703125 0.0125 0.01953125
0 0.47265625 0.309375 0.0078125 0.0140625
0 0.49296875 0.33359375 0.0109375 0.01640625
0 0.45 0.3875 0.009375 0.01953125
0 0.475 0.384375 0.0125 0.01953125
0 0.5328125 0.3515625 0.009375 0.0140625
0 0.565625 0.39453125 0.009375 0.01640625
0 0.4625 0.3734375 0.0125 0.0140625
0 0.46796875 0.346875 0.0078125 0.0109375
0 0.57265625 0.39453125 0.0203125 0.01640625