1 0.70625 0.5984375 0.090625 0.15859375
1 0.41875 0.4140625 0.025 0.04453125
0 0.31484375 0.925 0.1203125 0.14453125
0 0.36328125 0.534375 0.0390625 0.053125
0 0.2453125 0.765625 0.0875 0.1140625
0 0.6328125 0.69140625 0.059375 0.121875
0 0.64375 0.48359375 0.028125 0.0390625
0 0.2 0.6359375 0.084375 0.10546875
0 0.4296875 0.51640625 0.034375 0.05
0 0.2921875 0.54609375 0.046875 0.05859375
0 0.35546875 0.4640625 0.0265625 0.0390625
0 0.40703125 0.465625 0.0234375 0.0359375
0 0.55625 0.49453125 0.03125 0.05
0 0.58515625 0.4625 0.0234375 0.0359375
0 0.60625 0.43046875 0.01875 0.028125
0 0.46015625 0.41953125 0.0171875 0.028125
0 0.390625 0.41953125 0.021875 0.028125
0 0.5640625 0.41796875 0.01875 0.025
0 0.58046875 0.40390625 0.0171875 0.01953125
0 0.7390625 0.575 0.028125 0.06640625
0 0.53203125 0.403125 0.0140625 0.021875
0 0.47421875 0.309375 0.0109375 0.01953125
0 0.74609375 0.5875 0.0140625 0.0359375
0 0.55390625 0.365625 0.0109375 0.0140625
0 0.52578125 0.38046875 0.0140625 0.01640625
0 0.40625 0.3640625 0.00625 0.01640625
0 0.4359375 0.40390625 0.0125 0.025
0 0.45 0.36796875 0.0125 0.0140625
0 0.4703125 0.396875 0.015625 0.021875
0 0.42109375 0.3890625 0.0140625 0.01640625
0 0.45 0.390625 0.015625 0.01953125
0 0.484375 0.36640625 0.0125 0.01640625
0 0.43359375 0.38359375 0.0109375 0.01640625
0 0.52109375 0.35546875 0.0078125 0.01640625
0 0.47421875 0.38203125 0.0140625 0.01953125
0 0.40625 0.40859375 0.009375 0.028125
0 0.540625 0.371875 0.0125 0.01640625
0 0.5453125 0.34296875 0.009375 0.0140625
0 0.00625 0.246875 0.0125 0.0390625