1 0.628125 0.421875 0.05625 0.11640625
1 0.4140625 0.390625 0.025 0.046875
0 0.3140625 0.5984375 0.05625 0.06953125
0 0.11015625 0.94296875 0.1453125 0.10859375
0 0.40078125 0.60546875 0.0484375 0.078125
0 0.35625 0.459375 0.025 0.0359375
0 0.740625 0.5984375 0.05625 0.075
0 0.58671875 0.5625 0.0390625 0.0640625
0 0.40390625 0.45703125 0.0234375 0.0359375
0 0.44140625 0.484375 0.0296875 0.0359375
0 0.603125 0.4859375 0.028125 0.0390625
0 0.446875 0.4484375 0.021875 0.03046875
0 0.46015625 0.42109375 0.0171875 0.025
0 0.5421875 0.425 0.01875 0.028125
0 0.5921875 0.415625 0.01875 0.025
0 0.52109375 0.35390625 0.0109375 0.0140625
0 0.4234375 0.4265625 0.01875 0.025
0 0.6375 0.45 0.0375 0.0609375
0 0.52578125 0.3875 0.0140625 0.01953125
0 0.4375 0.409375 0.015625 0.025
0 0.4734375 0.3859375 0.0125 0.021875
0 0.55859375 0.371875 0.0109375 0.01640625
0 0.553125 0.403125 0.015625 0.021875
0 0.43828125 0.3765625 0.0109375 0.01953125
0 0.575 0.39609375 0.015625 0.025
0 0.44765625 0.36640625 0.0109375 0.01640625
0 0.44765625 0.396875 0.0109375 0.01640625
0 0.4578125 0.378125 0.0125 0.01640625
0 0.40546875 0.3640625 0.0078125 0.01640625
0 0.3703125 0.3265625 0.0125 0.0140625
0 0.5546875 0.3625 0.009375 0.0140625
0 0.43046875 0.3859375 0.0078125 0.01640625
0 0.48359375 0.34140625 0.0078125 0.01640625