1 0.41328125 0.3875 0.0328125 0.08046875
0 0.10078125 0.76640625 0.1078125 0.11640625
0 0.35859375 0.7359375 0.0703125 0.09453125
0 0.36171875 0.54453125 0.0453125 0.05546875
0 0.2609375 0.56796875 0.046875 0.05859375
0 0.42265625 0.5625 0.0421875 0.05859375
0 0.5796875 0.55390625 0.034375 0.0640625
0 0.66328125 0.503125 0.0296875 0.04453125
0 0.37578125 0.44609375 0.0234375 0.03046875
0 0.559375 0.4765625 0.025 0.04140625
0 0.4015625 0.471875 0.028125 0.0390625
0 0.26875 0.6875 0.075 0.10859375
0 0.5671875 0.41640625 0.01875 0.028125
0 0.5421875 0.38359375 0.0125 0.01640625
0 0.5734375 0.39453125 0.0125 0.021875
0 0.40390625 0.415625 0.0171875 0.025
0 0.44453125 0.4484375 0.0234375 0.053125
0 0.43359375 0.38203125 0.0109375 0.01953125
0 0.440625 0.409375 0.0125 0.025
0 0.53984375 0.36796875 0.0109375 0.0140625
0 0.47421875 0.39140625 0.0109375 0.021875
0 0.45859375 0.4234375 0.0171875 0.025
0 0.4140625 0.359375 0.028125 0.025
0 0.4515625 0.3640625 0.009375 0.01640625
0 0.36640625 0.3984375 0.0078125 0.0140625
0 0.44921875 0.39140625 0.0140625 0.028125
0 0.29140625 0.43046875 0.0109375 0.028125
0 0.4640625 0.36953125 0.0125 0.01640625
0 0.465625 0.40546875 0.015625 0.021875
0 0.5234375 0.3375 0.00625 0.00859375
0 0.4734375 0.3109375 0.009375 0.021875
0 0.54375 0.34140625 0.00625 0.01640625
0 0.50546875 0.35703125 0.0078125 0.0140625
0 0.46953125 0.35 0.0078125 0.0109375
0 0.484375 0.37109375 0.009375 0.0140625
0 0.53046875 0.340625 0.0078125 0.0140625