1 0.1625 0.7359375 0.325 0.521875
1 0.4046875 0.390625 0.03125 0.0640625
1 0.43984375 0.3640625 0.0203125 0.0390625
0 0.38984375 0.65390625 0.0546875 0.08046875
0 0.4375 0.484375 0.03125 0.04140625
0 0.37421875 0.509375 0.0328125 0.046875
0 0.33359375 0.59609375 0.0328125 0.06953125
0 0.41796875 0.4390625 0.0203125 0.028125
0 0.5640625 0.38046875 0.0125 0.01640625
0 0.4359375 0.409375 0.015625 0.025
0 0.378125 0.44140625 0.01875 0.028125
0 0.46796875 0.40546875 0.0140625 0.021875
0 0.54296875 0.371875 0.0109375 0.01640625
0 0.525 0.3765625 0.0125 0.01953125
0 0.44921875 0.390625 0.0140625 0.01953125
0 0.50390625 0.35703125 0.0109375 0.01953125
0 0.53515625 0.365625 0.0078125 0.0140625
0 0.546875 0.3484375 0.009375 0.0140625
0 0.53984375 0.325 0.0078125 0.0109375
0 0.47734375 0.38203125 0.0140625 0.01953125
0 0.52421875 0.3359375 0.0078125 0.0109375
0 0.49765625 0.34296875 0.0078125 0.0140625
0 0.53359375 0.334375 0.0078125 0.0140625
0 0.45703125 0.38203125 0.0078125 0.0140625
0 0.48046875 0.365625 0.0109375 0.0140625
0 0.2890625 0.721875 0.021875 0.06640625
0 0.29765625 0.709375 0.0390625 0.09140625