1 0.21875 0.675 0.246875 0.428125
1 0.4296875 0.3734375 0.025 0.04140625
1 0.64765625 0.47109375 0.0390625 0.075
0 0.4015625 0.58203125 0.046875 0.0640625
0 0.29296875 0.95703125 0.1078125 0.08046875
0 0.3703125 0.50703125 0.03125 0.046875
0 0.44453125 0.45859375 0.0234375 0.028125
0 0.46796875 0.39453125 0.0140625 0.021875
0 0.41015625 0.45390625 0.0265625 0.03046875
0 0.4328125 0.41796875 0.015625 0.025
0 0.3765625 0.446875 0.025 0.0390625
0 0.53359375 0.346875 0.0078125 0.01640625
0 0.50390625 0.35703125 0.0109375 0.01953125
0 0.56640625 0.384375 0.0140625 0.01953125
0 0.5359375 0.36640625 0.009375 0.0109375
0 0.39375 0.425 0.015625 0.021875
0 0.44609375 0.375 0.0078125 0.0109375
0 0.46640625 0.3640625 0.0109375 0.01640625
0 0.41171875 0.40546875 0.0140625 0.021875
0 0.478125 0.3765625 0.009375 0.0140625
0 0.36953125 0.3265625 0.0109375 0.0140625
0 0.54921875 0.35703125 0.0109375 0.0140625
0 0.55625 0.3734375 0.009375 0.0140625
0 0.33203125 0.51796875 0.0203125 0.075
0 0.484375 0.3640625 0.009375 0.01640625
0 0.40625 0.365625 0.00625 0.0140625
0 0.42734375 0.3875 0.0109375 0.0140625
0 0.70234375 0.29296875 0.0109375 0.0140625
0 0.4015625 0.41953125 0.00625 0.01640625