0 0.7296875 0.696875 0.078125 0.121875
0 0.3859375 0.6609375 0.059375 0.09453125
0 0.3359375 0.575 0.05 0.0609375
0 0.365625 0.45390625 0.025 0.03046875
0 0.61015625 0.43046875 0.0234375 0.04453125
0 0.60859375 0.4890625 0.0296875 0.04453125
0 0.403125 0.4140625 0.01875 0.028125
0 0.4203125 0.434375 0.01875 0.03046875
0 0.4515625 0.44296875 0.025 0.0359375
0 0.44609375 0.39609375 0.0140625 0.025
0 0.32421875 0.5 0.0421875 0.0609375
0 0.4265625 0.3890625 0.0125 0.021875
0 0.55390625 0.3625 0.0078125 0.0140625
0 0.46796875 0.4109375 0.0171875 0.021875
0 0.47265625 0.3875 0.0140625 0.01953125
0 0.48203125 0.36953125 0.0109375 0.01640625
0 0.50546875 0.35703125 0.0078125 0.0140625
0 0.4734375 0.30859375 0.009375 0.01640625
0 0.4953125 0.34453125 0.009375 0.01640625
0 0.40625 0.3625 0.00625 0.0140625
0 0.48515625 0.334375 0.0078125 0.0140625
0 0.48203125 0.346875 0.0078125 0.0109375
0 0.53359375 0.3515625 0.0078125 0.00859375
0 0.5328125 0.3390625 0.00625 0.0109375
0 0.471875 0.35390625 0.0125 0.0140625