1 0.42421875 0.3984375 0.0390625 0.08046875
1 0.565625 0.36953125 0.021875 0.04453125
0 0.7296875 0.578125 0.046875 0.06640625
0 0.36484375 0.6859375 0.0640625 0.09453125
0 0.6203125 0.4484375 0.021875 0.03046875
0 0.34921875 0.4734375 0.0296875 0.0359375
0 0.3609375 0.53046875 0.040625 0.0609375
0 0.5765625 0.5375 0.0375 0.05859375
0 0.57734375 0.44453125 0.0234375 0.03359375
0 0.44453125 0.47109375 0.0265625 0.0359375
0 0.23828125 0.74609375 0.0890625 0.10859375
0 0.303125 0.73203125 0.0375 0.103125
0 0.4671875 0.4 0.015625 0.021875
0 0.53046875 0.3984375 0.0171875 0.025
0 0.45703125 0.45 0.0171875 0.03359375
0 0.4625 0.365625 0.0125 0.01953125
0 0.5453125 0.37109375 0.015625 0.03046875
0 0.4765625 0.38046875 0.0125 0.01640625
0 0.5953125 0.540625 0.009375 0.025
0 0.525 0.384375 0.0125 0.01953125
0 0.45 0.365625 0.009375 0.0140625
0 0.47265625 0.35703125 0.0109375 0.0140625
0 0.26640625 0.99140625 0.0953125 0.0109375
0 0.48359375 0.36953125 0.0109375 0.01640625
0 0.4078125 0.3640625 0.009375 0.01640625
0 0.4484375 0.39296875 0.0125 0.025