1 0.096875 0.7375 0.19375 0.46953125
1 0.3984375 0.3984375 0.03125 0.0640625
1 0.97890625 0.7734375 0.0390625 0.30859375
1 0.4734375 0.34453125 0.0125 0.0390625
0 0.384375 0.66796875 0.0625 0.09140625
0 0.6796875 0.5265625 0.0375 0.053125
0 0.30703125 0.95703125 0.1046875 0.08046875
0 0.29609375 0.5359375 0.0421875 0.05
0 0.19140625 0.859375 0.1171875 0.153125
0 0.62734375 0.45859375 0.0265625 0.03359375
0 0.4234375 0.528125 0.03125 0.05
0 0.44140625 0.471875 0.0296875 0.04453125
0 0.409375 0.4484375 0.025 0.03046875
0 0.35625 0.46640625 0.03125 0.04453125
0 0.52890625 0.396875 0.0140625 0.021875
0 0.37734375 0.44453125 0.0203125 0.03359375
0 0.4609375 0.425 0.01875 0.028125
0 0.43203125 0.415625 0.0171875 0.025
0 0.55625 0.37109375 0.009375 0.0140625
0 0.5453125 0.38203125 0.0125 0.01953125
0 0.42734375 0.384375 0.0140625 0.01953125
0 0.41953125 0.396875 0.0109375 0.021875
0 0.46796875 0.3984375 0.0140625 0.025
0 0.54921875 0.3515625 0.0078125 0.0140625
0 0.44296875 0.396875 0.0140625 0.028125
0 0.4640625 0.36640625 0.009375 0.01640625
0 0.40625 0.3625 0.00625 0.0140625
0 0.52109375 0.35390625 0.0078125 0.0140625
0 0.703125 0.290625 0.0125 0.0140625
0 0.53515625 0.35390625 0.0078125 0.0140625
0 0.54140625 0.34453125 0.0078125 0.0109375
0 0.44140625 0.375 0.0109375 0.01640625
0 0.4765625 0.38359375 0.009375 0.01640625
0 0.39453125 0.421875 0.0109375 0.01640625
0 0.50546875 0.35703125 0.0078125 0.0140625
0 0.48203125 0.37109375 0.0078125 0.0140625
0 0.47265625 0.35703125 0.0109375 0.0140625