1 0.1546875 0.76953125 0.309375 0.45546875
1 0.265625 0.63359375 0.090625 0.178125
0 0.93828125 0.965625 0.1109375 0.0640625
0 0.69296875 0.534375 0.0390625 0.05859375
0 0.64609375 0.55546875 0.0421875 0.0609375
0 0.6171875 0.6375 0.053125 0.0859375
0 0.428125 0.521875 0.03125 0.05
0 0.60546875 0.43046875 0.0203125 0.028125
0 0.58359375 0.45 0.0234375 0.0390625
0 0.5390625 0.42890625 0.021875 0.0359375
0 0.3765625 0.4515625 0.025 0.0359375
0 0.41953125 0.4375 0.0203125 0.03046875
0 0.45859375 0.4390625 0.0171875 0.028125
0 0.53984375 0.371875 0.0109375 0.01640625
0 0.3921875 0.4265625 0.01875 0.025
0 0.4109375 0.40390625 0.015625 0.01953125
0 0.12890625 0.70859375 0.0890625 0.071875
0 0.48046875 0.375 0.0109375 0.01640625
0 0.446875 0.3890625 0.015625 0.021875
0 0.42890625 0.384375 0.0109375 0.01953125
0 0.47421875 0.353125 0.0140625 0.01640625
0 0.4421875 0.3734375 0.015625 0.01953125
0 0.50390625 0.35703125 0.0109375 0.01953125
0 0.40703125 0.3625 0.0046875 0.0140625
0 0.46484375 0.36640625 0.0109375 0.01640625
0 0.1875 0.6359375 0.0625 0.05
0 0.50078125 0.334375 0.0078125 0.0140625