1 0.04921875 0.790625 0.0984375 0.3359375
1 0.32265625 0.46640625 0.0859375 0.1390625
1 0.603125 0.40859375 0.040625 0.08359375
1 0.38828125 0.41796875 0.0296875 0.046875
1 0.38671875 0.47890625 0.0359375 0.0640625
0 0.37421875 0.7390625 0.0765625 0.1109375
0 0.25625 0.7265625 0.084375 0.096875
0 0.66171875 0.58046875 0.0484375 0.071875
0 0.4140625 0.584375 0.046875 0.06953125
0 0.359375 0.540625 0.040625 0.053125
0 0.5875 0.45390625 0.025 0.0359375
0 0.42578125 0.421875 0.0171875 0.028125
0 0.45234375 0.434375 0.0234375 0.03046875
0 0.40703125 0.4625 0.0203125 0.0359375
0 0.43359375 0.38359375 0.0140625 0.01640625
0 0.5703125 0.3890625 0.0125 0.01640625
0 0.525 0.38359375 0.0125 0.01640625
0 0.45546875 0.4109375 0.0171875 0.021875
0 0.54375 0.37890625 0.00625 0.0140625
0 0.4734375 0.390625 0.0125 0.01953125
0 0.45625 0.37890625 0.0125 0.01953125
0 0.4421875 0.36953125 0.009375 0.01640625
0 0.50390625 0.35703125 0.0109375 0.01953125
0 0.40625 0.3640625 0.00625 0.01640625
0 0.5203125 0.3625 0.009375 0.01953125
0 0.48515625 0.340625 0.0109375 0.01953125
0 0.4484375 0.340625 0.0125 0.01953125
0 0.4796875 0.3734375 0.0125 0.01953125
0 0.54453125 0.3515625 0.0109375 0.01953125
0 0.7 0.290625 0.021875 0.0140625
0 0.534375 0.359375 0.009375 0.0140625
0 0.703125 0.290625 0.0125 0.0140625
0 0.5328125 0.3625 0.034375 0.0640625