1 0.86328125 0.6890625 0.2703125 0.41640625
1 0.40234375 0.3875 0.0359375 0.08046875
1 0.13671875 0.7015625 0.1046875 0.13046875
1 0.471875 0.3375 0.0125 0.03046875
0 0.38515625 0.690625 0.0640625 0.09140625
0 0.31484375 0.6125 0.0546875 0.075
0 0.43203125 0.50546875 0.0328125 0.04453125
0 0.45390625 0.4375 0.0203125 0.03046875
0 0.3640625 0.4609375 0.025 0.03359375
0 0.38203125 0.49140625 0.0359375 0.05
0 0.54609375 0.37890625 0.0140625 0.0140625
0 0.43046875 0.421875 0.0171875 0.028125
0 0.44453125 0.39609375 0.0140625 0.01953125
0 0.52421875 0.375 0.0109375 0.01640625
0 0.40390625 0.459375 0.0265625 0.04140625
0 0.4671875 0.40390625 0.015625 0.025
0 0.45859375 0.38046875 0.0109375 0.01640625
0 0.4515625 0.365625 0.009375 0.0140625
0 0.47578125 0.375 0.0109375 0.01640625
0 0.39921875 0.4234375 0.0203125 0.0140625
0 0.703125 0.290625 0.0125 0.0140625
0 0.48359375 0.34453125 0.0078125 0.01640625
0 0.50546875 0.35703125 0.0109375 0.01953125
0 0.46640625 0.3640625 0.0109375 0.01640625
0 0.53125 0.32890625 0.0125 0.0140625
0 0.484375 0.3640625 0.00625 0.0109375
0 0.69296875 0.29140625 0.0078125 0.0109375
0 0.4125 0.4125 0.009375 0.01953125