1 0.328125 0.46640625 0.0625 0.1109375
1 0.58515625 0.3859375 0.0328125 0.071875
1 0.459375 0.3609375 0.01875 0.04453125
0 0.3296875 0.790625 0.09375 0.146875
0 0.78125 0.81796875 0.096875 0.153125
0 0.42265625 0.54609375 0.0359375 0.053125
0 0.26171875 0.6859375 0.0765625 0.10546875
0 0.27109375 0.5625 0.0515625 0.0640625
0 0.3859375 0.49453125 0.03125 0.0390625
0 0.44609375 0.46953125 0.0265625 0.04453125
0 0.1921875 0.653125 0.0875 0.10546875
0 0.37109375 0.4515625 0.0234375 0.03046875
0 0.38828125 0.425 0.0203125 0.028125
0 0.4078125 0.45546875 0.028125 0.0390625
0 0.45703125 0.4359375 0.0171875 0.028125
0 0.58984375 0.403125 0.0234375 0.0390625
0 0.41484375 0.40390625 0.0140625 0.025
0 0.44609375 0.39296875 0.0140625 0.01953125
0 0.546875 0.39453125 0.015625 0.021875
0 0.4671875 0.40859375 0.015625 0.021875
0 0.56484375 0.38046875 0.0109375 0.01640625
0 0.47265625 0.390625 0.0140625 0.01953125
0 0.48203125 0.34453125 0.0140625 0.021875
0 0.40625 0.3640625 0.00625 0.01640625
0 0.55234375 0.36796875 0.0109375 0.0140625
0 0.48203125 0.36796875 0.0109375 0.01953125
0 0.50546875 0.35546875 0.0078125 0.01640625
0 0.5296875 0.346875 0.009375 0.0109375
0 0.3671875 0.39609375 0.009375 0.01953125
0 0.48671875 0.359375 0.0078125 0.0140625
0 0.50078125 0.334375 0.0078125 0.01953125
0 0.53984375 0.334375 0.0078125 0.0140625
0 0.459375 0.3734375 0.015625 0.01953125