1 0.4234375 0.375 0.03125 0.05
1 0.47890625 0.3359375 0.0203125 0.03359375
1 0.4609375 0.32890625 0.015625 0.03046875
0 0.3796875 0.73359375 0.071875 0.1109375
0 0.17265625 0.68359375 0.0859375 0.09453125
0 0.41171875 0.584375 0.0453125 0.0640625
0 0.8046875 0.675 0.078125 0.10546875
0 0.67265625 0.51640625 0.0421875 0.06640625
0 0.72734375 0.925 0.1390625 0.14453125
0 0.3234375 0.59453125 0.053125 0.06640625
0 0.4328125 0.4890625 0.034375 0.0390625
0 0.39921875 0.46796875 0.0296875 0.0359375
0 0.28828125 0.5515625 0.0421875 0.05859375
0 0.5875 0.4625 0.021875 0.0359375
0 0.54375 0.44140625 0.025 0.03359375
0 0.4296875 0.4140625 0.015625 0.028125
0 0.403125 0.4140625 0.015625 0.021875
0 0.37421875 0.4484375 0.0234375 0.03046875
0 0.578125 0.396875 0.0125 0.021875
0 0.4671875 0.40390625 0.015625 0.01953125
0 0.478125 0.378125 0.0125 0.01640625
0 0.465625 0.359375 0.0125 0.01953125
0 0.52109375 0.3734375 0.0109375 0.0140625
0 0.87890625 0.925 0.1546875 0.14453125
0 0.44453125 0.36953125 0.0109375 0.01640625
0 0.565625 0.38046875 0.015625 0.01640625
0 0.4859375 0.359375 0.0125 0.01953125
0 0.546875 0.3859375 0.0125 0.01640625
0 0.54609375 0.3515625 0.0078125 0.0140625
0 0.453125 0.38046875 0.0125 0.01640625
0 0.553125 0.36640625 0.009375 0.01640625
0 0.41953125 0.39609375 0.0140625 0.0140625
0 0.42109375 0.490625 0.0109375 0.025
0 0.89921875 0.9640625 0.1140625 0.06640625
0 0.45 0.39296875 0.0125 0.0140625