1 0.0984375 0.8609375 0.196875 0.271875
1 0.565625 0.36953125 0.021875 0.04453125
1 0.384375 0.446875 0.071875 0.128125
0 0.35390625 0.7515625 0.0796875 0.13046875
0 0.28984375 0.65703125 0.0703125 0.0859375
0 0.6921875 0.63359375 0.059375 0.0890625
0 0.56796875 0.5359375 0.0328125 0.05546875
0 0.43671875 0.4875 0.0265625 0.04140625
0 0.33359375 0.4890625 0.0328125 0.0390625
0 0.596875 0.4234375 0.01875 0.025
0 0.546875 0.45 0.021875 0.03359375
0 0.45390625 0.440625 0.0203125 0.03046875
0 0.05625 0.8875 0.1125 0.21953125
0 0.43515625 0.4109375 0.0140625 0.021875
0 0.46484375 0.40859375 0.0171875 0.021875
0 0.425 0.43046875 0.0125 0.028125
0 0.40390625 0.6140625 0.0515625 0.06640625
0 0.4734375 0.384375 0.0125 0.01953125
0 0.4234375 0.390625 0.0125 0.01953125
0 0.12734375 0.975 0.0609375 0.04453125
0 0.48359375 0.365625 0.0109375 0.0140625
0 0.403125 0.51796875 0.0125 0.03046875
0 0.40625 0.3640625 0.00625 0.01640625
0 0.5609375 0.39609375 0.015625 0.025
0 0.43671875 0.38046875 0.0109375 0.01640625
0 0.5625 0.4125 0.015625 0.025
0 0.52421875 0.371875 0.0109375 0.01640625
0 0.44609375 0.36953125 0.0109375 0.01640625
0 0.4578125 0.378125 0.0125 0.01640625
0 0.38046875 0.49296875 0.0390625 0.0359375
0 0.53046875 0.40859375 0.0140625 0.01640625
0 0.46953125 0.3609375 0.0109375 0.01640625
0 0.56953125 0.38203125 0.0140625 0.01953125
0 0.4078125 0.40390625 0.015625 0.01953125
0 0.359375 0.45546875 0.015625 0.021875
0 0.528125 0.39296875 0.015625 0.01953125
0 0.44375 0.371875 0.009375 0.0109375
0 0.52890625 0.403125 0.0171875 0.03359375