1 0.25625 0.640625 0.13125 0.2359375
1 0.37734375 0.46796875 0.0734375 0.1359375
1 0.4515625 0.36796875 0.025 0.05859375
1 0.57109375 0.37109375 0.0203125 0.04140625
0 0.046875 0.8609375 0.09375 0.1390625
0 0.603125 0.61953125 0.05 0.08359375
0 0.359375 0.74453125 0.075 0.121875
0 0.328125 0.4890625 0.03125 0.04453125
0 0.3984375 0.6140625 0.05 0.071875
0 0.45390625 0.434375 0.0234375 0.03046875
0 0.57890625 0.425 0.0234375 0.0390625
0 0.43671875 0.40546875 0.0171875 0.021875
0 0.41875 0.44296875 0.0125 0.03046875
0 0.47265625 0.39140625 0.0140625 0.021875
0 0.53203125 0.390625 0.0171875 0.0359375
0 0.42734375 0.51953125 0.0359375 0.06640625
0 0.44140625 0.48359375 0.0234375 0.0390625
0 0.4203125 0.39296875 0.0125 0.01953125
0 0.40625 0.3640625 0.00625 0.0109375
0 0.521875 0.37109375 0.009375 0.01953125
0 0.48203125 0.36953125 0.0109375 0.01640625
0 0.5671875 0.34453125 0.015625 0.01640625
0 0.4515625 0.3890625 0.0125 0.01640625
0 0.57109375 0.35859375 0.0171875 0.01640625