1 0.33203125 0.565625 0.0578125 0.09140625
0 0.69453125 0.54140625 0.0421875 0.05546875
0 0.228125 0.7 0.090625 0.10546875
0 0.5921875 0.465625 0.025 0.04140625
0 0.371875 0.4484375 0.028125 0.0359375
0 0.32265625 0.509375 0.0359375 0.046875
0 0.4171875 0.56953125 0.05 0.08359375
0 0.4078125 0.465625 0.028125 0.0359375
0 0.528125 0.39453125 0.015625 0.021875
0 0.5578125 0.40390625 0.015625 0.025
0 0.43203125 0.48359375 0.0296875 0.0390625
0 0.45 0.45546875 0.021875 0.03359375
0 0.56328125 0.378125 0.0109375 0.01640625
0 0.43046875 0.415625 0.0171875 0.025
0 0.546875 0.38359375 0.0125 0.01640625
0 0.4171875 0.4 0.0125 0.021875
0 0.553125 0.36640625 0.009375 0.01640625
0 0.43515625 0.38046875 0.0109375 0.01640625
0 0.40625 0.365625 0.00625 0.0140625
0 0.54140625 0.3375 0.0078125 0.0140625
0 0.46484375 0.36953125 0.0109375 0.01640625
0 0.5453125 0.3515625 0.009375 0.0140625
0 0.4609375 0.425 0.015625 0.021875
0 0.44375 0.4 0.0125 0.01640625
0 0.48671875 0.3625 0.0109375 0.01953125
0 0.52265625 0.359375 0.0109375 0.0140625
0 0.46796875 0.403125 0.0109375 0.021875
0 0.44765625 0.428125 0.0109375 0.01640625