0 0.4078125 0.63203125 0.053125 0.075
0 0.34921875 0.471875 0.0234375 0.0390625
0 0.59921875 0.47890625 0.0265625 0.046875
0 0.60078125 0.4265625 0.0203125 0.03046875
0 0.32265625 0.59140625 0.0484375 0.06640625
0 0.54296875 0.428125 0.0203125 0.03359375
0 0.37734375 0.51640625 0.0328125 0.05
0 0.24609375 0.59296875 0.0703125 0.096875
0 0.38984375 0.484375 0.0328125 0.04140625
0 0.44765625 0.45703125 0.0265625 0.046875
0 0.56171875 0.378125 0.0109375 0.01640625
0 0.41796875 0.39609375 0.0140625 0.01953125
0 0.434375 0.4390625 0.015625 0.028125
0 0.4515625 0.36640625 0.009375 0.01640625
0 0.40625 0.365625 0.00625 0.0140625
0 0.46328125 0.371875 0.0109375 0.01640625
0 0.48046875 0.371875 0.0109375 0.01640625
0 0.42890625 0.415625 0.0140625 0.025
0 0.52265625 0.34296875 0.0078125 0.0140625
0 0.540625 0.3265625 0.00625 0.00859375
0 0.00859375 0.95 0.0171875 0.0890625
0 0.36953125 0.3265625 0.0109375 0.0140625
0 0.540625 0.340625 0.00625 0.00859375
0 0.4734375 0.3125 0.00625 0.0140625
0 0.5046875 0.35546875 0.009375 0.01640625
0 0.47265625 0.35703125 0.0078125 0.0140625
0 0.00859375 0.9265625 0.0171875 0.04140625