1 0.125 0.69453125 0.25 0.428125
1 0.625 0.42890625 0.05625 0.103125
0 0.84453125 0.71796875 0.0890625 0.11953125
0 0.31328125 0.62109375 0.0546875 0.075
0 0.42265625 0.55 0.0390625 0.05546875
0 0.28046875 0.97109375 0.1078125 0.053125
0 0.59609375 0.475 0.0296875 0.0390625
0 0.37265625 0.45390625 0.0265625 0.03046875
0 0.39140625 0.47890625 0.0296875 0.0359375
0 0.41875 0.4359375 0.021875 0.028125
0 0.45 0.45859375 0.025 0.03359375
0 0.5609375 0.40859375 0.015625 0.021875
0 0.5796875 0.4015625 0.0125 0.01953125
0 0.43359375 0.4125 0.0171875 0.025
0 0.46328125 0.42109375 0.0171875 0.025
0 0.42109375 0.39296875 0.0140625 0.01953125
0 0.56484375 0.38046875 0.0109375 0.01640625
0 0.47421875 0.39453125 0.0140625 0.01640625
0 0.5484375 0.38359375 0.0125 0.01640625
0 0.4453125 0.39296875 0.0125 0.01953125
0 0.51640625 0.325 0.0078125 0.0109375
0 0.47734375 0.38203125 0.0109375 0.0140625
0 0.40703125 0.3625 0.0046875 0.0140625
0 0.44609375 0.36796875 0.0109375 0.0140625
0 0.4703125 0.3625 0.009375 0.0140625
0 0.45703125 0.38046875 0.0109375 0.01640625
0 0.55546875 0.365625 0.0109375 0.0140625
0 0.49765625 0.34609375 0.0078125 0.0140625
0 0.2375 0.54296875 0.025 0.05859375
0 0.45703125 0.3625 0.0078125 0.0140625
0 0.54140625 0.37109375 0.0078125 0.0140625
0 0.53515625 0.35703125 0.0078125 0.0140625
0 0.4859375 0.3625 0.009375 0.0140625