1 0.43046875 0.38359375 0.0359375 0.09453125
1 0.35703125 0.44296875 0.0546875 0.09140625
0 0.28984375 0.55703125 0.0546875 0.05859375
0 0.41875 0.51796875 0.0375 0.046875
0 0.57578125 0.534375 0.0359375 0.05859375
0 0.6578125 0.5640625 0.046875 0.06640625
0 0.54765625 0.384375 0.0140625 0.01953125
0 0.3828125 0.4875 0.0375 0.046875
0 0.5578125 0.471875 0.028125 0.04453125
0 0.44375 0.453125 0.028125 0.03359375
0 0.0375 0.9234375 0.075 0.146875
0 0.4203125 0.44140625 0.021875 0.03359375
0 0.40625 0.40703125 0.0125 0.025
0 0.553125 0.359375 0.009375 0.0140625
0 0.46484375 0.409375 0.0171875 0.025
0 0.540625 0.32890625 0.009375 0.01953125
0 0.4578125 0.3765625 0.0125 0.01953125
0 0.534375 0.346875 0.00625 0.0109375
0 0.40625 0.35859375 0.021875 0.021875
0 0.51796875 0.3234375 0.0109375 0.0140625
0 0.29140625 0.42890625 0.0109375 0.03046875
0 0.47265625 0.39453125 0.0140625 0.021875
0 0.61796875 0.3625 0.0109375 0.0140625
0 0.478125 0.38046875 0.0125 0.01640625
0 0.50546875 0.35703125 0.0109375 0.0140625
0 0.53046875 0.328125 0.0109375 0.01640625
0 0.5453125 0.3390625 0.00625 0.0109375
0 0.4078125 0.3640625 0.00625 0.0109375