0 0.37265625 0.7125 0.0640625 0.096875
0 0.628125 0.746875 0.075 0.15
0 0.22734375 0.62890625 0.0703125 0.08046875
0 0.41953125 0.55859375 0.0390625 0.05546875
0 0.790625 0.784375 0.1 0.14140625
0 0.8421875 0.71953125 0.0875 0.121875
0 0.43203125 0.496875 0.0296875 0.04453125
0 0.3546875 0.46796875 0.028125 0.0359375
0 0.29453125 0.540625 0.0421875 0.053125
0 0.453125 0.440625 0.021875 0.03046875
0 0.31484375 0.615625 0.0609375 0.08046875
0 0.415625 0.4375 0.01875 0.03046875
0 0.5625 0.40703125 0.015625 0.025
0 0.5359375 0.41953125 0.015625 0.028125
0 0.575 0.4375 0.01875 0.03046875
0 0.43515625 0.40859375 0.0171875 0.028125
0 0.46875 0.396875 0.0125 0.021875
0 0.45 0.3890625 0.0125 0.021875
0 0.42734375 0.3875 0.0109375 0.01953125
0 0.54375 0.3765625 0.0125 0.0140625
0 0.4796875 0.36796875 0.009375 0.0140625
0 0.40625 0.3640625 0.00625 0.01640625
0 0.36953125 0.3265625 0.0109375 0.0140625
0 0.4515625 0.3640625 0.009375 0.01640625
0 0.48046875 0.35 0.0109375 0.01640625
0 0.4609375 0.3734375 0.009375 0.0140625
0 0.54765625 0.35859375 0.0109375 0.01640625
0 0.51875 0.3734375 0.00625 0.0140625
0 0.46953125 0.359375 0.0109375 0.01953125
0 0.52578125 0.38046875 0.0109375 0.01640625
0 0.49296875 0.353125 0.0109375 0.01640625