1 0.146875 0.6390625 0.253125 0.3390625
1 0.35390625 0.434375 0.0640625 0.1140625
1 0.39140625 0.4765625 0.0359375 0.06953125
1 0.41640625 0.39609375 0.0203125 0.0359375
0 0.38125 0.6609375 0.059375 0.08359375
0 0.74140625 0.72890625 0.0765625 0.11953125
0 0.12109375 0.93203125 0.1515625 0.13046875
0 0.63828125 0.75703125 0.0828125 0.153125
0 0.91796875 0.79609375 0.1265625 0.175
0 0.67421875 0.51953125 0.0328125 0.05
0 0.35078125 0.55859375 0.0484375 0.0609375
0 0.43359375 0.50546875 0.0296875 0.04453125
0 0.453125 0.4375 0.021875 0.03046875
0 0.309375 0.521875 0.0375 0.05
0 0.590625 0.41640625 0.015625 0.028125
0 0.4203125 0.434375 0.021875 0.03046875
0 0.61171875 0.45703125 0.0296875 0.0359375
0 0.5484375 0.446875 0.025 0.03359375
0 0.57109375 0.390625 0.0109375 0.01953125
0 0.43671875 0.40546875 0.0140625 0.021875
0 0.46328125 0.40390625 0.0140625 0.01953125
0 0.45078125 0.390625 0.0171875 0.025
0 0.5484375 0.39296875 0.0125 0.025
0 0.47109375 0.384375 0.0140625 0.025
0 0.5265625 0.384375 0.0125 0.01953125
0 0.33984375 0.47890625 0.0265625 0.025
0 0.40625 0.3640625 0.00625 0.01640625
0 0.3328125 0.484375 0.0125 0.01953125
0 0.26484375 0.58046875 0.0140625 0.05546875
0 0.47265625 0.3109375 0.0109375 0.01640625
0 0.54296875 0.346875 0.0109375 0.01640625
0 0.48203125 0.36953125 0.0109375 0.01640625
0 0.5515625 0.365625 0.009375 0.0140625
0 0.540625 0.38046875 0.009375 0.01640625
0 0.29765625 0.4765625 0.0234375 0.025
0 0.26953125 0.52890625 0.0109375 0.0359375
0 0.44921875 0.36640625 0.0078125 0.01640625
0 0.265625 0.51953125 0.01875 0.0609375
0 0.24765625 0.60703125 0.0484375 0.10859375