1 0.328125 0.49453125 0.040625 0.0609375
1 0.6390625 0.4484375 0.059375 0.096875
1 0.384375 0.40546875 0.046875 0.08359375
0 0.21875 0.63203125 0.075 0.08046875
0 0.1921875 0.834375 0.10625 0.14140625
0 0.42890625 0.50703125 0.0296875 0.046875
0 0.45234375 0.44609375 0.0203125 0.025
0 0.740625 0.590625 0.053125 0.06953125
0 0.56796875 0.41953125 0.0171875 0.028125
0 0.41328125 0.440625 0.0203125 0.03046875
0 0.3625 0.68203125 0.065625 0.1140625
0 0.32109375 0.59609375 0.0546875 0.06953125
0 0.46640625 0.415625 0.0171875 0.025
0 0.32109375 0.55390625 0.0265625 0.025
0 0.45078125 0.3875 0.0140625 0.01953125
0 0.43203125 0.38203125 0.0109375 0.01953125
0 0.41875 0.396875 0.0125 0.021875
0 0.29140625 0.42890625 0.0140625 0.03046875
0 0.440625 0.3734375 0.0125 0.01953125
0 0.5390625 0.3609375 0.009375 0.01640625
0 0.46796875 0.390625 0.0140625 0.01953125
0 0.4796875 0.38203125 0.0125 0.01953125
0 0.70390625 0.290625 0.0140625 0.0140625
0 0.36953125 0.3265625 0.0109375 0.0140625
0 0.53046875 0.3359375 0.0078125 0.0109375
0 0.50546875 0.35546875 0.0078125 0.01640625
0 0.490625 0.35390625 0.009375 0.0140625
0 0.54140625 0.34140625 0.0078125 0.0109375
0 0.48203125 0.34609375 0.0078125 0.0140625