1 0.1296875 0.69296875 0.13125 0.175
1 0.4453125 0.39140625 0.021875 0.03359375
0 0.66171875 0.7640625 0.0828125 0.1390625
0 0.328125 0.8890625 0.103125 0.1609375
0 0.88671875 0.759375 0.0953125 0.13046875
0 0.328125 0.49609375 0.034375 0.04140625
0 0.4125 0.5875 0.046875 0.0640625
0 0.603125 0.4765625 0.028125 0.046875
0 0.43203125 0.4859375 0.0296875 0.0390625
0 0.59140625 0.41640625 0.0171875 0.028125
0 0.54140625 0.43203125 0.0203125 0.03046875
0 0.37890625 0.4984375 0.0328125 0.04140625
0 0.4078125 0.4375 0.025 0.03046875
0 0.56015625 0.375 0.0109375 0.01640625
0 0.478125 0.375 0.0125 0.01640625
0 0.5265625 0.3734375 0.0125 0.01953125
0 0.43203125 0.38359375 0.0109375 0.01640625
0 0.44921875 0.36796875 0.0109375 0.0140625
0 0.4109375 0.4 0.0125 0.021875
0 0.45859375 0.3734375 0.0109375 0.0140625
0 0.4046875 0.4109375 0.015625 0.021875
0 0.521875 0.3515625 0.009375 0.0140625
0 0.53515625 0.35703125 0.0046875 0.0140625
0 0.40625 0.3625 0.00625 0.0140625
0 0.546875 0.3359375 0.00625 0.0109375
0 0.540625 0.3375 0.00625 0.0140625
0 0.5 0.3390625 0.009375 0.01640625
0 0.4890625 0.328125 0.009375 0.01640625
0 0.4890625 0.35859375 0.009375 0.0109375
0 0.50546875 0.35703125 0.0078125 0.0140625
0 0.46796875 0.3515625 0.0078125 0.00859375
0 0.4515625 0.73046875 0.025 0.071875
0 0.47578125 0.35546875 0.0078125 0.0109375