1 0.178125 0.8265625 0.1375 0.203125
1 0.3921875 0.48359375 0.034375 0.05546875
1 0.4171875 0.39609375 0.01875 0.03046875
1 0.45078125 0.35390625 0.0171875 0.03046875
0 0.6328125 0.7390625 0.075 0.128125
0 0.19609375 0.65390625 0.0796875 0.0859375
0 0.346875 0.48046875 0.028125 0.0390625
0 0.55078125 0.4515625 0.0234375 0.03046875
0 0.57265625 0.42109375 0.0203125 0.03046875
0 0.3875 0.42890625 0.021875 0.025
0 0.41796875 0.44296875 0.0203125 0.03046875
0 0.44375 0.45859375 0.025 0.04453125
0 0.43984375 0.40390625 0.0140625 0.01953125
0 0.46953125 0.40546875 0.0140625 0.021875
0 0.5296875 0.3890625 0.0125 0.01640625
0 0.5234375 0.3765625 0.0125 0.01953125
0 0.4296875 0.390625 0.009375 0.01953125
0 0.45 0.3890625 0.0125 0.01640625
0 0.4578125 0.4375 0.015625 0.025
0 0.45859375 0.375 0.0109375 0.01640625
0 0.54765625 0.3484375 0.0078125 0.0140625
0 0.52265625 0.35859375 0.0109375 0.01640625
0 0.50546875 0.35546875 0.0078125 0.01640625
0 0.40625 0.3625 0.00625 0.0140625
0 0.46328125 0.35859375 0.0078125 0.0109375