1 0.44375 0.3609375 0.015625 0.03359375
0 0.3828125 0.703125 0.0625 0.09453125
0 0.72421875 0.57109375 0.0484375 0.0640625
0 0.25859375 0.721875 0.0859375 0.10546875
0 0.34921875 0.55390625 0.0453125 0.05859375
0 0.24453125 0.5890625 0.0609375 0.06640625
0 0.44609375 0.4890625 0.0265625 0.0390625
0 0.60390625 0.62109375 0.0453125 0.0859375
0 0.87265625 0.9125 0.1328125 0.16953125
0 0.54921875 0.475 0.0265625 0.0390625
0 0.5796875 0.44296875 0.021875 0.0359375
0 0.4296875 0.41796875 0.01875 0.03046875
0 0.4125 0.4484375 0.021875 0.03046875
0 0.39140625 0.428125 0.0203125 0.028125
0 0.58046875 0.396875 0.0140625 0.021875
0 0.43203125 0.38203125 0.0109375 0.01953125
0 0.47421875 0.3890625 0.0140625 0.021875
0 0.559375 0.36953125 0.009375 0.01640625
0 0.52265625 0.365625 0.0109375 0.0140625
0 0.54765625 0.35703125 0.0109375 0.0140625
0 0.40703125 0.3640625 0.0046875 0.0109375
0 0.4640625 0.36953125 0.009375 0.01640625
0 0.546875 0.38046875 0.0125 0.021875
0 0.50546875 0.35546875 0.0078125 0.01640625
0 0.53671875 0.365625 0.0078125 0.0140625
0 0.4828125 0.359375 0.0125 0.01953125
0 0.47421875 0.3109375 0.0078125 0.01640625
0 0.61328125 0.5875 0.0171875 0.0359375
0 0.940625 0.9765625 0.034375 0.04140625
0 0.4734375 0.37109375 0.009375 0.0140625
0 0.53359375 0.3484375 0.0109375 0.0140625
0 0.43203125 0.34609375 0.0078125 0.0140625