1 0.6171875 0.421875 0.053125 0.09453125
0 0.0703125 0.790625 0.121875 0.125
0 0.628125 0.72890625 0.071875 0.13046875
0 0.3890625 0.659375 0.053125 0.08046875
0 0.28125 0.5515625 0.046875 0.053125
0 0.68515625 0.6140625 0.0546875 0.078125
0 0.434375 0.49140625 0.03125 0.04453125
0 0.5578125 0.49140625 0.03125 0.05546875
0 0.38203125 0.5015625 0.0359375 0.04140625
0 0.35703125 0.465625 0.0296875 0.0359375
0 0.57890625 0.446875 0.0234375 0.0390625
0 0.43984375 0.40859375 0.0140625 0.021875
0 0.46015625 0.425 0.0171875 0.028125
0 0.534375 0.41796875 0.01875 0.025
0 0.4203125 0.425 0.01875 0.028125
0 0.5546875 0.39609375 0.015625 0.03046875
0 0.453125 0.37890625 0.0125 0.025
0 0.4125 0.40390625 0.015625 0.025
0 0.0375 0.99140625 0.075 0.0109375
0 0.484375 0.3640625 0.0125 0.01640625
0 0.62578125 0.4390625 0.0328125 0.05546875
0 0.40703125 0.3625 0.0046875 0.0140625
0 0.5234375 0.36796875 0.015625 0.01953125
0 0.528125 0.39296875 0.0125 0.01953125
0 0.54609375 0.37109375 0.0171875 0.025
0 0.58125 0.3984375 0.015625 0.01953125
0 0.51796875 0.321875 0.0109375 0.0109375
0 0.4640625 0.3625 0.015625 0.01953125
0 0.565625 0.38046875 0.01875 0.021875
0 0.478125 0.353125 0.009375 0.0109375
0 0.4671875 0.346875 0.009375 0.01640625
0 0.41171875 0.3625 0.0140625 0.0140625
0 0.5703125 0.384375 0.009375 0.0140625
0 0.5421875 0.3734375 0.009375 0.01953125
0 0.48515625 0.425 0.0046875 0.01640625
0 0.51875 0.36640625 0.00625 0.01640625