1 0.41796875 0.3765625 0.0296875 0.0640625
1 0.46328125 0.35 0.0109375 0.021875
0 0.79375 0.6765625 0.075 0.09140625
0 0.271875 0.684375 0.06875 0.09140625
0 0.32109375 0.50859375 0.0359375 0.04453125
0 0.38203125 0.6515625 0.0609375 0.096875
0 0.38203125 0.49296875 0.0328125 0.04140625
0 0.5671875 0.5109375 0.034375 0.05546875
0 0.4328125 0.50390625 0.034375 0.053125
0 0.45625 0.4375 0.021875 0.03046875
0 0.6078125 0.48046875 0.03125 0.04453125
0 0.28203125 0.9859375 0.0953125 0.021875
0 0.39140625 0.42890625 0.0171875 0.025
0 0.425 0.43359375 0.01875 0.028125
0 0.53203125 0.40703125 0.0171875 0.025
0 0.55546875 0.365625 0.0109375 0.01953125
0 0.44296875 0.4 0.0140625 0.021875
0 0.46875 0.39609375 0.0125 0.01953125
0 0.54453125 0.378125 0.0109375 0.01640625
0 0.4796875 0.375 0.0125 0.01640625
0 0.52890625 0.38359375 0.0140625 0.021875
0 0.51953125 0.378125 0.0078125 0.01640625
0 0.4625 0.371875 0.009375 0.01640625
0 0.47109375 0.3609375 0.0078125 0.0109375
0 0.45625 0.38203125 0.0125 0.01953125
0 0.415625 0.4 0.01875 0.01640625
0 0.48203125 0.359375 0.0109375 0.0140625
0 0.54296875 0.340625 0.0078125 0.0140625
0 0.50546875 0.35546875 0.0078125 0.01640625