1 0.06953125 0.74140625 0.1390625 0.4390625
1 0.3203125 0.471875 0.075 0.11640625
1 0.26796875 0.65703125 0.0984375 0.16953125
0 0.67421875 0.5109375 0.0328125 0.05546875
0 0.4203125 0.546875 0.034375 0.05546875
0 0.55625 0.46640625 0.025 0.0390625
0 0.34453125 0.5609375 0.0453125 0.0609375
0 0.4625 0.425 0.01875 0.028125
0 0.3890625 0.49296875 0.03125 0.04140625
0 0.428125 0.41796875 0.015625 0.025
0 0.446875 0.39453125 0.015625 0.021875
0 0.41796875 0.396875 0.0109375 0.021875
0 0.475 0.384375 0.0125 0.01953125
0 0.5296875 0.38203125 0.0125 0.01953125
0 0.4609375 0.3734375 0.009375 0.0140625
0 0.40703125 0.3625 0.0046875 0.0140625
0 0.09453125 0.36640625 0.0203125 0.021875
0 0.44609375 0.36953125 0.0078125 0.0109375
0 0.48125 0.3640625 0.0125 0.01640625
0 0.47421875 0.3125 0.0078125 0.0140625
0 0.54609375 0.3609375 0.0140625 0.01640625
0 0.47109375 0.35859375 0.0109375 0.01640625
0 0.51953125 0.3234375 0.0109375 0.0140625
0 0.46484375 0.3484375 0.0078125 0.0140625
0 0.50546875 0.35703125 0.0078125 0.0140625
0 0.4890625 0.3515625 0.009375 0.0140625
0 0.35390625 0.446875 0.0078125 0.028125
0 0.53671875 0.35703125 0.0390625 0.06953125
0 0.521875 0.3609375 0.009375 0.01640625