1 0.34765625 0.503125 0.0984375 0.1890625
1 0.4140625 0.384375 0.03125 0.0640625
1 0.4609375 0.328125 0.015625 0.028125
0 0.671875 0.5109375 0.034375 0.05
0 0.5953125 0.42109375 0.01875 0.03046875
0 0.4265625 0.54140625 0.034375 0.0609375
0 0.7125 0.959375 0.078125 0.075
0 0.059375 0.815625 0.11875 0.13046875
0 0.409375 0.453125 0.021875 0.03359375
0 0.53203125 0.40546875 0.0171875 0.021875
0 0.29140625 0.5234375 0.0234375 0.053125
0 0.3515625 0.77109375 0.09375 0.14140625
0 0.46796875 0.40546875 0.0140625 0.021875
0 0.44453125 0.396875 0.0140625 0.021875
0 0.4453125 0.4609375 0.025 0.03359375
0 0.4515625 0.4390625 0.021875 0.028125
0 0.53984375 0.365625 0.0109375 0.0140625
0 0.55703125 0.36796875 0.0109375 0.0140625
0 0.434375 0.384375 0.009375 0.0140625
0 0.15 0.58046875 0.015625 0.03359375
0 0.5453125 0.35 0.009375 0.01640625
0 0.29296875 0.4265625 0.0140625 0.03046875
0 0.45703125 0.378125 0.0109375 0.01640625
0 0.47421875 0.38359375 0.0140625 0.01640625
0 0.3921875 0.446875 0.00625 0.021875
0 0.52265625 0.375 0.0046875 0.0109375
0 0.4109375 0.40703125 0.01875 0.01953125
0 0.5046875 0.35546875 0.009375 0.01640625
0 0.39453125 0.48359375 0.0078125 0.0390625
0 0.484375 0.365625 0.009375 0.0140625