1 0.80703125 0.740625 0.2921875 0.5140625
0 0.21015625 0.79296875 0.1078125 0.146875
0 0.38984375 0.6375 0.0609375 0.096875
0 0.01953125 0.91796875 0.0390625 0.103125
0 0.596875 0.4234375 0.01875 0.025
0 0.43984375 0.4625 0.0265625 0.0359375
0 0.5453125 0.44609375 0.021875 0.0359375
0 0.3921875 0.4734375 0.028125 0.04140625
0 0.6578125 0.4984375 0.025 0.046875
0 0.38671875 0.42890625 0.0234375 0.03046875
0 0.409375 0.40859375 0.015625 0.021875
0 0.43046875 0.41796875 0.0171875 0.025
0 0.45625 0.42109375 0.01875 0.025
0 0.55859375 0.36796875 0.0140625 0.025
0 0.44375 0.39609375 0.0125 0.01953125
0 0.42578125 0.39140625 0.0140625 0.021875
0 0.54453125 0.3765625 0.0140625 0.025
0 0.44140625 0.375 0.0109375 0.01640625
0 0.46640625 0.403125 0.0140625 0.021875
0 0.54765625 0.35 0.0078125 0.01640625
0 0.4703125 0.38359375 0.0125 0.01640625
0 0.52109375 0.3640625 0.0109375 0.01640625
0 0.47890625 0.37109375 0.0109375 0.0140625
0 0.5046875 0.35546875 0.009375 0.01640625
0 0.40625 0.3640625 0.00625 0.01640625
0 0.4515625 0.3640625 0.009375 0.01640625
0 0.48984375 0.353125 0.0078125 0.0109375
0 0.4671875 0.365625 0.009375 0.0140625
0 0.53984375 0.35546875 0.0515625 0.06640625