1 0.35 0.5140625 0.05625 0.1109375
0 0.21171875 0.78359375 0.0953125 0.121875
0 0.37890625 0.675 0.0609375 0.0890625
0 0.42109375 0.546875 0.0390625 0.05546875
0 0.634375 0.46796875 0.025 0.0359375
0 0.5953125 0.425 0.01875 0.028125
0 0.7515625 0.615625 0.059375 0.08046875
0 0.4609375 0.4234375 0.01875 0.025
0 0.4703125 0.3984375 0.015625 0.01953125
0 0.41953125 0.4375 0.0203125 0.03046875
0 0.43828125 0.48359375 0.0265625 0.0390625
0 0.41484375 0.403125 0.0171875 0.021875
0 0.284375 0.54140625 0.05625 0.078125
0 0.3671875 0.45390625 0.021875 0.025
0 0.4390625 0.40546875 0.015625 0.021875
0 0.44765625 0.39296875 0.0078125 0.0140625
0 0.5375 0.35859375 0.0125 0.01640625
0 0.4296875 0.38359375 0.0125 0.01640625
0 0.45703125 0.378125 0.0109375 0.01640625
0 0.4703125 0.35859375 0.009375 0.01640625
0 0.61640625 0.365625 0.0109375 0.0140625
0 0.40625 0.365625 0.00625 0.0140625
0 0.48515625 0.37109375 0.0109375 0.01953125
0 0.4625 0.36640625 0.009375 0.01640625
0 0.47265625 0.3140625 0.0078125 0.01640625