1 0.1828125 0.59453125 0.21875 0.28359375
1 0.3765625 0.4625 0.071875 0.146875
1 0.73046875 0.5640625 0.0703125 0.121875
0 0.384375 0.6859375 0.0625 0.1
0 0.578125 0.57890625 0.04375 0.0640625
0 0.11015625 0.93359375 0.1421875 0.128125
0 0.65 0.48359375 0.028125 0.0390625
0 0.7296875 0.6859375 0.071875 0.1109375
0 0.46328125 0.42109375 0.0171875 0.025
0 0.41953125 0.43203125 0.0203125 0.03046875
0 0.54921875 0.45703125 0.0265625 0.0359375
0 0.6015625 0.4234375 0.015625 0.025
0 0.52890625 0.396875 0.0140625 0.021875
0 0.45078125 0.3890625 0.0140625 0.021875
0 0.425 0.3875 0.0125 0.01953125
0 0.44609375 0.45703125 0.0265625 0.03046875
0 0.5546875 0.3984375 0.015625 0.01953125
0 0.475 0.38203125 0.0125 0.0140625
0 0.47421875 0.3125 0.0109375 0.0140625
0 0.40625 0.3625 0.00625 0.0140625
0 0.459375 0.3734375 0.0125 0.01953125
0 0.09765625 0.46640625 0.0234375 0.021875
0 0.5453125 0.378125 0.009375 0.01640625
0 0.53515625 0.35546875 0.0109375 0.01640625
0 0.525 0.378125 0.0125 0.01640625
0 0.56484375 0.378125 0.0140625 0.021875
0 0.4109375 0.3609375 0.015625 0.01640625
0 0.284375 0.496875 0.01875 0.05
0 0.5828125 0.3859375 0.015625 0.01640625