1 0.60703125 0.428125 0.0296875 0.04453125
0 0.18515625 0.83359375 0.1078125 0.1390625
0 0.6640625 0.575 0.05 0.0890625
0 0.05703125 0.825 0.1140625 0.13359375
0 0.36171875 0.525 0.0390625 0.05546875
0 0.615625 0.5 0.028125 0.05
0 0.55078125 0.4734375 0.0234375 0.04140625
0 0.40625 0.45390625 0.025 0.03046875
0 0.41875 0.53203125 0.034375 0.053125
0 0.57265625 0.38203125 0.0140625 0.025
0 0.4328125 0.4859375 0.034375 0.05546875
0 0.453125 0.434375 0.021875 0.0359375
0 0.3359375 0.4875 0.028125 0.04140625
0 0.46640625 0.39140625 0.0140625 0.021875
0 0.52578125 0.39140625 0.0140625 0.021875
0 0.5234375 0.371875 0.0125 0.01640625
0 0.40625 0.3640625 0.00625 0.01640625
0 0.4421875 0.396875 0.015625 0.021875
0 0.4296875 0.384375 0.0125 0.01953125
0 0.61640625 0.446875 0.0234375 0.03359375
0 0.440625 0.375 0.0125 0.01640625
0 0.553125 0.36796875 0.009375 0.0140625
0 0.546875 0.3859375 0.0125 0.01640625
0 0.55390625 0.403125 0.0140625 0.021875
0 0.50546875 0.35703125 0.0078125 0.0140625
0 0.47578125 0.378125 0.0109375 0.01640625
0 0.54296875 0.34609375 0.0078125 0.0140625
0 0.465625 0.36953125 0.009375 0.0109375
0 0.4484375 0.36953125 0.009375 0.01640625
0 0.4578125 0.375 0.009375 0.01640625
0 0.53046875 0.34453125 0.0078125 0.0109375
0 0.553125 0.3875 0.009375 0.0140625