1 0.44765625 0.44609375 0.0265625 0.046875
1 0.39453125 0.4125 0.0265625 0.053125
1 0.4734375 0.38203125 0.01875 0.03046875
1 0.5390625 0.359375 0.0125 0.025
0 0.10546875 0.75390625 0.1109375 0.1140625
0 0.34765625 0.54140625 0.0390625 0.05
0 0.3671875 0.68359375 0.06875 0.10546875
0 0.21875 0.771875 0.096875 0.121875
0 0.3640625 0.459375 0.021875 0.0359375
0 0.746875 0.70390625 0.0875 0.13046875
0 0.5296875 0.40703125 0.015625 0.025
0 0.70390625 0.64609375 0.0421875 0.0640625
0 0.41640625 0.4359375 0.0203125 0.028125
0 0.4359375 0.409375 0.015625 0.025
0 0.41328125 0.403125 0.0109375 0.021875
0 0.46640625 0.40546875 0.0140625 0.021875
0 0.57421875 0.39296875 0.0140625 0.01953125
0 0.4515625 0.3875 0.0125 0.01953125
0 0.5828125 0.4359375 0.009375 0.021875
0 0.43515625 0.38046875 0.0109375 0.01640625
0 0.55 0.35859375 0.009375 0.01640625
0 0.45390625 0.3640625 0.0078125 0.0109375
0 0.49921875 0.340625 0.0078125 0.0140625
0 0.50390625 0.35703125 0.0109375 0.01953125
0 0.5203125 0.3515625 0.009375 0.0140625
0 0.465625 0.35390625 0.009375 0.00859375
0 0.48671875 0.3609375 0.0109375 0.01640625
0 0.47578125 0.35703125 0.0109375 0.0140625
0 0.40625 0.365625 0.00625 0.0140625