1 0.67421875 0.4734375 0.0890625 0.153125
1 0.5640625 0.36640625 0.021875 0.04453125
1 0.45234375 0.346875 0.0171875 0.03359375
0 0.184375 0.8390625 0.115625 0.13359375
0 0.390625 0.659375 0.05625 0.0859375
0 0.22890625 0.621875 0.0609375 0.071875
0 0.43046875 0.53046875 0.0328125 0.05
0 0.3546875 0.540625 0.040625 0.053125
0 0.6390625 0.5625 0.04375 0.0640625
0 0.55859375 0.471875 0.0265625 0.0390625
0 0.584375 0.4484375 0.021875 0.03046875
0 0.5375 0.40859375 0.015625 0.028125
0 0.37265625 0.446875 0.0234375 0.03359375
0 0.39765625 0.46796875 0.0265625 0.0359375
0 0.453125 0.44609375 0.025 0.03046875
0 0.4203125 0.43046875 0.01875 0.028125
0 0.56875 0.39609375 0.015625 0.01953125
0 0.41796875 0.396875 0.0140625 0.021875
0 0.46328125 0.4234375 0.0171875 0.025
0 0.475 0.38359375 0.0125 0.01640625
0 0.68828125 0.5265625 0.0453125 0.046875
0 0.4359375 0.4125 0.015625 0.025
0 0.65 0.4984375 0.0125 0.025
0 0.4078125 0.3640625 0.00625 0.0109375
0 0.54140625 0.371875 0.0109375 0.0109375
0 0.453125 0.38203125 0.0125 0.01953125
0 0.49296875 0.353125 0.0078125 0.0109375
0 0.43203125 0.38359375 0.0109375 0.01640625
0 0.52421875 0.38359375 0.0046875 0.0109375
0 0.5046875 0.35546875 0.009375 0.01640625
0 0.46484375 0.365625 0.0078125 0.0140625
0 0.56796875 0.38046875 0.0140625 0.01640625
0 0.44296875 0.39609375 0.0109375 0.01953125
0 0.0046875 0.2484375 0.009375 0.03046875