1 0.37421875 0.41953125 0.0453125 0.08359375
1 0.42734375 0.3734375 0.0265625 0.053125
0 0.096875 0.759375 0.1 0.10859375
0 0.80625 0.67109375 0.075 0.103125
0 0.3265625 0.496875 0.028125 0.04453125
0 0.3 0.63203125 0.059375 0.08046875
0 0.3 0.94609375 0.103125 0.103125
0 0.38671875 0.49609375 0.0265625 0.04140625
0 0.4140625 0.44609375 0.021875 0.03046875
0 0.625 0.45859375 0.025 0.0390625
0 0.16640625 0.87890625 0.1234375 0.15859375
0 0.6140625 0.49140625 0.028125 0.0390625
0 0.45546875 0.4375 0.0171875 0.03046875
0 0.40546875 0.59609375 0.0484375 0.06953125
0 0.4359375 0.4125 0.01875 0.01953125
0 0.46875 0.40703125 0.015625 0.025
0 0.5484375 0.359375 0.009375 0.0140625
0 0.4734375 0.3859375 0.0125 0.01640625
0 0.52109375 0.35703125 0.0078125 0.0140625
0 0.53515625 0.35390625 0.0078125 0.0140625
0 0.5046875 0.35546875 0.009375 0.01640625
0 0.54453125 0.321875 0.0046875 0.0109375
0 0.44609375 0.396875 0.0109375 0.01640625
0 0.48203125 0.3484375 0.0078125 0.0140625
0 0.45 0.38046875 0.015625 0.021875
0 0.46796875 0.3625 0.0109375 0.0140625
0 0.4828125 0.365625 0.009375 0.0140625
0 0.425 0.39140625 0.015625 0.01640625
0 0.4078125 0.365625 0.00625 0.0140625
0 0.55546875 0.3265625 0.0078125 0.0140625
0 0.459375 0.378125 0.00625 0.01640625