1 0.34453125 0.45703125 0.0453125 0.08046875
1 0.309375 0.51640625 0.040625 0.0609375
0 0.06953125 0.78203125 0.1203125 0.125
0 0.771875 0.78359375 0.096875 0.15
0 0.41328125 0.590625 0.0453125 0.0640625
0 0.66015625 0.4984375 0.0328125 0.046875
0 0.35625 0.5515625 0.040625 0.05859375
0 0.6171875 0.525 0.0375 0.05546875
0 0.39296875 0.4859375 0.0265625 0.0390625
0 0.4453125 0.4859375 0.028125 0.0390625
0 0.5625 0.4125 0.01875 0.03046875
0 0.5765625 0.39453125 0.015625 0.021875
0 0.38203125 0.434375 0.0265625 0.03046875
0 0.4203125 0.44296875 0.021875 0.03046875
0 0.403125 0.409375 0.01875 0.03046875
0 0.45390625 0.44296875 0.0203125 0.03046875
0 0.4265625 0.3875 0.0125 0.01953125
0 0.5390625 0.371875 0.009375 0.01640625
0 0.4421875 0.3734375 0.009375 0.0140625
0 0.53359375 0.34296875 0.0078125 0.0140625
0 0.471875 0.3875 0.0125 0.01953125
0 0.46484375 0.40546875 0.0171875 0.021875
0 0.44765625 0.39140625 0.0140625 0.021875
0 0.40625 0.365625 0.00625 0.0140625
0 0.54765625 0.35 0.0078125 0.0109375
0 0.55234375 0.3640625 0.0078125 0.0109375
0 0.5046875 0.35703125 0.009375 0.01953125
0 0.4765625 0.3515625 0.009375 0.0140625
0 0.48203125 0.36953125 0.0109375 0.01640625
0 0.4671875 0.3640625 0.0125 0.01640625
0 0.4546875 0.34609375 0.0125 0.0140625
0 0.3921875 0.43359375 0.009375 0.028125
0 0.48984375 0.35546875 0.0078125 0.0109375
0 0.46015625 0.3890625 0.0078125 0.01640625
0 0.53359375 0.35859375 0.0078125 0.01640625