1 0.30546875 0.4875 0.1015625 0.175
1 0.3828125 0.4109375 0.05 0.08359375
1 0.440625 0.3609375 0.01875 0.0390625
1 0.54375 0.3359375 0.0125 0.021875
0 0.2828125 0.978125 0.10625 0.0390625
0 0.23203125 0.76953125 0.1015625 0.121875
0 0.39609375 0.6359375 0.0578125 0.0890625
0 0.17109375 0.6859375 0.0765625 0.0890625
0 0.43359375 0.51953125 0.0328125 0.05
0 0.6765625 0.88203125 0.10625 0.2140625
0 0.6765625 0.515625 0.034375 0.046875
0 0.33828125 0.5734375 0.0484375 0.0640625
0 0.61796875 0.509375 0.0359375 0.053125
0 0.4109375 0.446875 0.021875 0.03359375
0 0.44609375 0.44296875 0.0203125 0.0359375
0 0.7890625 0.8265625 0.10625 0.175
0 0.46640625 0.415625 0.0171875 0.025
0 0.43828125 0.40546875 0.0171875 0.021875
0 0.57734375 0.440625 0.0203125 0.03046875
0 0.46875 0.390625 0.0125 0.01953125
0 0.52890625 0.38046875 0.0140625 0.01640625
0 0.35 0.5 0.015625 0.0390625
0 0.55625 0.4 0.015625 0.021875
0 0.5796875 0.396875 0.015625 0.021875
0 0.42109375 0.39453125 0.0109375 0.01640625
0 0.590625 0.41953125 0.015625 0.021875
0 0.4828125 0.36640625 0.009375 0.0109375
0 0.46328125 0.36953125 0.0109375 0.01640625
0 0.3890625 0.46953125 0.0125 0.01640625
0 0.47109375 0.35859375 0.0109375 0.01640625
0 0.7 0.2890625 0.021875 0.01640625
0 0.58515625 0.4015625 0.0078125 0.0140625
0 0.50078125 0.334375 0.0078125 0.0140625
0 0.5609375 0.37890625 0.009375 0.0140625
0 0.59609375 0.4234375 0.0046875 0.0140625
0 0.44375 0.37109375 0.0125 0.01953125
0 0.49296875 0.34453125 0.0109375 0.01640625
0 0.42890625 0.3890625 0.0109375 0.01640625
0 0.5515625 0.3625 0.009375 0.0140625
0 0.53046875 0.334375 0.0109375 0.01953125
0 0.52265625 0.35859375 0.0109375 0.021875
0 0.2828125 0.53203125 0.046875 0.08046875
0 0.4734375 0.3109375 0.009375 0.01640625
0 0.5875 0.41640625 0.009375 0.021875
0 0.66484375 0.834375 0.0828125 0.11953125
0 0.0046875 0.246875 0.009375 0.03359375
0 0.42421875 0.39140625 0.0171875 0.021875