1 0.27734375 0.50859375 0.1078125 0.16640625
1 0.39375 0.4015625 0.040625 0.08046875
1 0.425 0.37890625 0.01875 0.03046875
0 0.24765625 0.73359375 0.0796875 0.1
0 0.1359375 0.7265625 0.084375 0.103125
0 0.3375 0.57109375 0.046875 0.0640625
0 0.42265625 0.55390625 0.0390625 0.05859375
0 0.715625 0.5640625 0.046875 0.0609375
0 0.75859375 0.78359375 0.0453125 0.11640625
0 0.56328125 0.50703125 0.0328125 0.046875
0 0.446875 0.471875 0.028125 0.0390625
0 0.3984375 0.46953125 0.028125 0.03359375
0 0.4546875 0.4359375 0.01875 0.028125
0 0.56484375 0.421875 0.0203125 0.028125
0 0.5328125 0.40859375 0.015625 0.021875
0 0.5421875 0.3765625 0.009375 0.0140625
0 0.45234375 0.38046875 0.0109375 0.01640625
0 0.471875 0.38359375 0.015625 0.028125
0 0.5859375 0.4109375 0.015625 0.01640625
0 0.41875 0.4390625 0.01875 0.028125
0 0.50390625 0.35703125 0.0109375 0.01953125
0 0.55859375 0.37109375 0.0109375 0.0140625
0 0.440625 0.40703125 0.009375 0.01953125
0 0.32578125 0.4625 0.0109375 0.03046875
0 0.540625 0.434375 0.01875 0.03046875
0 0.48828125 0.3609375 0.0109375 0.021875
0 0.471875 0.359375 0.009375 0.0140625
0 0.575 0.39453125 0.015625 0.021875
0 0.534375 0.340625 0.00625 0.00859375
0 0.46328125 0.35390625 0.0078125 0.0140625
0 0.49375 0.3515625 0.00625 0.0140625
0 0.54296875 0.34609375 0.0078125 0.00859375
0 0.45546875 0.3625 0.0109375 0.0140625
0 0.39140625 0.43046875 0.0203125 0.021875
0 0.58046875 0.4015625 0.0078125 0.0140625