1 0.29375 0.49140625 0.109375 0.1609375
1 0.6046875 0.4125 0.034375 0.06953125
1 0.42578125 0.41796875 0.0234375 0.04140625
1 0.6703125 0.4875 0.06875 0.103125
1 0.3953125 0.396875 0.04375 0.078125
1 0.54453125 0.3390625 0.0109375 0.028125
0 0.18046875 0.8390625 0.1203125 0.15
0 0.85 0.71953125 0.096875 0.13359375
0 0.42578125 0.5359375 0.0328125 0.05
0 0.66953125 0.8 0.0984375 0.2
0 0.63359375 0.546875 0.0453125 0.071875
0 0.390625 0.4734375 0.028125 0.0359375
0 0.44296875 0.46640625 0.0234375 0.03359375
0 0.46171875 0.4125 0.0171875 0.025
0 0.328125 0.5890625 0.046875 0.06640625
0 0.55625 0.36953125 0.009375 0.0109375
0 0.25703125 0.9875 0.0171875 0.01953125
0 0.47421875 0.3890625 0.0140625 0.01640625
0 0.39453125 0.4265625 0.0203125 0.01953125
0 0.65078125 0.4484375 0.0328125 0.025
0 0.5046875 0.35859375 0.009375 0.01640625
0 0.44375 0.38203125 0.0125 0.01953125
0 0.5390625 0.359375 0.009375 0.0140625
0 0.46328125 0.36640625 0.0109375 0.01640625
0 0.428125 0.46640625 0.00625 0.021875
0 0.65 0.47890625 0.028125 0.06953125
0 0.53203125 0.34296875 0.0078125 0.0140625
0 0.51953125 0.35859375 0.0078125 0.0109375
0 0.4796875 0.3734375 0.009375 0.0140625