1 0.04140625 0.79609375 0.0828125 0.33046875
0 0.328125 0.84453125 0.09375 0.15
0 0.18125 0.8515625 0.125 0.146875
0 0.74609375 0.609375 0.0578125 0.08046875
0 0.24296875 0.5984375 0.0609375 0.06953125
0 0.4359375 0.51953125 0.03125 0.05
0 0.61875 0.44609375 0.021875 0.03046875
0 0.371875 0.51796875 0.0375 0.04140625
0 0.55234375 0.44453125 0.0203125 0.03359375
0 0.4515625 0.44609375 0.025 0.0359375
0 0.6125 0.509375 0.034375 0.053125
0 0.4046875 0.45703125 0.025 0.03046875
0 0.38984375 0.43359375 0.0234375 0.028125
0 0.434375 0.409375 0.015625 0.025
0 0.53359375 0.40390625 0.0171875 0.025
0 0.465625 0.403125 0.015625 0.021875
0 0.43828125 0.3734375 0.0109375 0.01953125
0 0.70859375 0.3359375 0.0078125 0.0109375
0 0.55625 0.403125 0.0125 0.021875
0 0.40703125 0.3625 0.0046875 0.0140625
0 0.5265625 0.371875 0.0125 0.01640625
0 0.55625 0.38046875 0.0125 0.01640625
0 0.40234375 0.4125 0.0140625 0.01953125
0 0.5515625 0.3609375 0.009375 0.01640625
0 0.50546875 0.35703125 0.0078125 0.0140625
0 0.4625 0.36953125 0.009375 0.01640625
0 0.6078125 0.496875 0.025 0.028125
0 0.4703125 0.359375 0.009375 0.0140625
0 0.45234375 0.365625 0.0109375 0.0140625
0 0.45546875 0.38203125 0.0140625 0.01953125
0 0.56640625 0.33046875 0.0109375 0.01640625
0 0.48359375 0.3625 0.0109375 0.0140625