0 0.10625 0.74296875 0.109375 0.10859375
0 0.30078125 0.9625 0.1046875 0.06953125
0 0.62890625 0.70546875 0.0671875 0.11640625
0 0.4140625 0.58203125 0.04375 0.06953125
0 0.83359375 0.69609375 0.0984375 0.14140625
0 0.68125 0.6234375 0.05625 0.09140625
0 0.6046875 0.421875 0.025 0.04453125
0 0.3296875 0.50546875 0.034375 0.04453125
0 0.39375 0.41953125 0.015625 0.028125
0 0.5640625 0.4984375 0.034375 0.053125
0 0.371875 0.51640625 0.04375 0.0609375
0 0.45078125 0.453125 0.0234375 0.03359375
0 0.540625 0.434375 0.01875 0.03046875
0 0.56640625 0.41953125 0.0203125 0.028125
0 0.46640625 0.4125 0.0171875 0.025
0 0.4328125 0.4140625 0.01875 0.028125
0 0.42109375 0.39296875 0.0140625 0.01953125
0 0.4765625 0.384375 0.0125 0.01953125
0 0.525 0.39453125 0.015625 0.021875
0 0.44921875 0.39296875 0.0171875 0.025
0 0.40625 0.365625 0.00625 0.0140625
0 0.459375 0.3765625 0.0125 0.0140625
0 0.559375 0.40390625 0.0125 0.01953125
0 0.5703125 0.384375 0.015625 0.01953125
0 0.5421875 0.3734375 0.0125 0.0140625
0 0.44140625 0.371875 0.0078125 0.01640625
0 0.5234375 0.36640625 0.009375 0.0109375
0 0.434375 0.38046875 0.0125 0.01640625
0 0.484375 0.3625 0.009375 0.0140625
0 0.43828125 0.446875 0.0109375 0.028125
0 0.5546875 0.365625 0.009375 0.0140625
0 0.5296875 0.33203125 0.0125 0.0140625