1 0.1859375 0.60546875 0.175 0.2390625
1 0.3703125 0.4375 0.03125 0.053125
0 0.35703125 0.61953125 0.0515625 0.08359375
0 0.3828125 0.49140625 0.03125 0.04453125
0 0.57734375 0.559375 0.0390625 0.0640625
0 0.57265625 0.428125 0.0203125 0.028125
0 0.634375 0.4640625 0.021875 0.03359375
0 0.67265625 0.615625 0.0515625 0.08046875
0 0.42265625 0.42890625 0.0203125 0.03046875
0 0.171875 0.853125 0.128125 0.16640625
0 0.41484375 0.3984375 0.0140625 0.025
0 0.5328125 0.415625 0.015625 0.03046875
0 0.475 0.384375 0.0125 0.01953125
0 0.5515625 0.45703125 0.025 0.0359375
0 0.2921875 0.42890625 0.0125 0.03046875
0 0.553125 0.390625 0.0125 0.01953125
0 0.5265625 0.384375 0.015625 0.01953125
0 0.6671875 0.59296875 0.0375 0.0359375
0 0.40625 0.3625 0.00625 0.0140625
0 0.50546875 0.35546875 0.0078125 0.01640625
0 0.5578125 0.36796875 0.0125 0.01953125
0 0.4625 0.371875 0.009375 0.01640625
0 0.54140625 0.3734375 0.0109375 0.0140625
0 0.36640625 0.39140625 0.0109375 0.01640625
0 0.4875 0.35546875 0.0125 0.01640625
0 0.61796875 0.3625 0.0109375 0.0140625
0 0.5234375 0.38359375 0.009375 0.01640625