1 0.390625 0.47890625 0.046875 0.06953125
1 0.56875 0.415625 0.021875 0.04140625
0 0.11484375 0.76796875 0.1203125 0.11953125
0 0.27890625 0.93046875 0.1078125 0.13359375
0 0.6390625 0.475 0.028125 0.0390625
0 0.32734375 0.503125 0.0359375 0.04453125
0 0.4609375 0.42109375 0.01875 0.025
0 0.390625 0.4265625 0.01875 0.025
0 0.4265625 0.41796875 0.01875 0.025
0 0.346875 0.47109375 0.03125 0.0359375
0 0.42421875 0.39140625 0.0140625 0.01640625
0 0.58671875 0.40703125 0.0140625 0.01953125
0 0.53046875 0.3875 0.0140625 0.01953125
0 0.478125 0.38203125 0.0125 0.01953125
0 0.45859375 0.375 0.0109375 0.01640625
0 0.44765625 0.36953125 0.0109375 0.01640625
0 0.48515625 0.3640625 0.0109375 0.01640625
0 0.40625 0.3625 0.00625 0.0140625
0 0.52265625 0.3640625 0.0109375 0.01640625
0 0.5421875 0.371875 0.009375 0.01640625
0 0.4640625 0.353125 0.00625 0.0109375
0 0.471875 0.35703125 0.009375 0.0140625
0 0.553125 0.3625 0.009375 0.0140625
0 0.48359375 0.32890625 0.0078125 0.0140625
0 0.5046875 0.35703125 0.009375 0.01953125
0 0.49375 0.346875 0.009375 0.01640625
0 0.54765625 0.33046875 0.0078125 0.0109375
0 0.41171875 0.4765625 0.0078125 0.03046875
0 0.5234375 0.3359375 0.00625 0.0109375