1 0.1859375 0.59453125 0.1875 0.28359375
1 0.3234375 0.5375 0.125 0.21953125
1 0.3015625 0.9125 0.11875 0.16953125
1 0.40625 0.39296875 0.03125 0.05859375
1 0.45234375 0.365625 0.0296875 0.0640625
0 0.41953125 0.565625 0.0421875 0.0640625
0 0.70859375 0.721875 0.0703125 0.121875
0 0.60546875 0.421875 0.0203125 0.0390625
0 0.16796875 0.865625 0.1265625 0.16953125
0 0.42578125 0.421875 0.0203125 0.028125
0 0.4625 0.41953125 0.01875 0.021875
0 0.39140625 0.44609375 0.0265625 0.03046875
0 0.44453125 0.4 0.0140625 0.021875
0 0.54375 0.371875 0.0125 0.01640625
0 0.4671875 0.4 0.0125 0.01640625
0 0.5046875 0.35546875 0.009375 0.01640625
0 0.52265625 0.346875 0.0109375 0.0109375
0 0.478125 0.378125 0.0125 0.01640625
0 0.54296875 0.346875 0.0109375 0.01640625
0 0.47109375 0.3609375 0.0078125 0.01640625
0 0.48203125 0.36796875 0.0109375 0.0140625
0 0.5390625 0.3609375 0.00625 0.0109375
0 0.384375 0.475 0.009375 0.028125