1 0.24609375 0.65859375 0.2171875 0.3609375
1 0.3234375 0.8984375 0.134375 0.196875
1 0.45390625 0.365625 0.0234375 0.046875
0 0.7109375 0.559375 0.046875 0.0640625
0 0.38125 0.6609375 0.059375 0.0890625
0 0.640625 0.55 0.04375 0.071875
0 0.39453125 0.4734375 0.0296875 0.0359375
0 0.57578125 0.39609375 0.0140625 0.025
0 0.34765625 0.465625 0.0234375 0.04140625
0 0.39453125 0.4234375 0.0171875 0.025
0 0.41171875 0.44140625 0.0203125 0.028125
0 0.45546875 0.4359375 0.0203125 0.028125
0 0.47265625 0.38359375 0.0140625 0.021875
0 0.31796875 0.70546875 0.0265625 0.0609375
0 0.41640625 0.396875 0.0078125 0.021875
0 0.52265625 0.36796875 0.0109375 0.01953125
0 0.4484375 0.3890625 0.0125 0.021875
0 0.459375 0.41640625 0.015625 0.021875
0 0.4421875 0.384375 0.025 0.03046875
0 0.5328125 0.35 0.009375 0.01640625
0 0.50390625 0.35546875 0.0078125 0.01640625
0 0.30859375 0.9484375 0.0953125 0.096875
0 0.540625 0.37890625 0.0125 0.01953125
0 0.40625 0.365625 0.00625 0.0140625
0 0.553125 0.34453125 0.0125 0.01640625
0 0.4703125 0.359375 0.009375 0.0140625
0 0.703125 0.290625 0.0125 0.0140625
0 0.521875 0.3515625 0.009375 0.0140625
0 0.55859375 0.371875 0.0109375 0.01640625
0 0.5546875 0.3734375 0.00625 0.0140625
0 0.32890625 0.646875 0.0109375 0.04453125
0 0.19296875 0.690625 0.0890625 0.103125