1 0.12109375 0.7875 0.2421875 0.41953125
1 0.4203125 0.38046875 0.03125 0.05
0 0.35546875 0.7265625 0.0734375 0.103125
0 0.8421875 0.721875 0.090625 0.121875
0 0.6015625 0.41953125 0.025 0.05
0 0.28046875 0.55703125 0.0484375 0.05859375
0 0.428125 0.5109375 0.03125 0.0390625
0 0.334375 0.565625 0.04375 0.05859375
0 0.390625 0.48359375 0.03125 0.0390625
0 0.4203125 0.4359375 0.015625 0.028125
0 0.39921875 0.41796875 0.0171875 0.025
0 0.46171875 0.409375 0.0171875 0.025
0 0.440625 0.378125 0.009375 0.01640625
0 0.3546875 0.471875 0.028125 0.04453125
0 0.3796875 0.44296875 0.01875 0.03046875
0 0.5328125 0.34296875 0.00625 0.0140625
0 0.47265625 0.3875 0.0109375 0.01953125
0 0.55234375 0.36953125 0.0109375 0.01640625
0 0.50390625 0.35703125 0.0109375 0.01953125
0 0.46171875 0.36953125 0.0109375 0.01640625
0 0.36953125 0.3265625 0.0109375 0.0140625
0 0.36875 0.48203125 0.0125 0.0359375
0 0.48046875 0.36953125 0.0109375 0.01640625
0 0.5328125 0.346875 0.009375 0.028125
0 0.70234375 0.29296875 0.0109375 0.0140625
0 0.3875 0.43046875 0.00625 0.01640625
0 0.41875 0.396875 0.0125 0.01640625