1 0.378125 0.440625 0.028125 0.04140625
0 0.2265625 0.778125 0.09375 0.11640625
0 0.3921875 0.66640625 0.059375 0.0890625
0 0.5921875 0.6265625 0.053125 0.096875
0 0.3453125 0.484375 0.034375 0.046875
0 0.38515625 0.49609375 0.0359375 0.046875
0 0.4359375 0.50546875 0.028125 0.0390625
0 0.56171875 0.41640625 0.0203125 0.028125
0 0.578125 0.4 0.015625 0.021875
0 0.4484375 0.46640625 0.021875 0.03359375
0 0.64296875 0.47109375 0.0328125 0.046875
0 0.42265625 0.43046875 0.0203125 0.028125
0 0.6046875 0.4375 0.021875 0.03046875
0 0.46875 0.396875 0.0125 0.021875
0 0.4578125 0.43046875 0.01875 0.03359375
0 0.5484375 0.38046875 0.015625 0.028125
0 0.4109375 0.40859375 0.015625 0.021875
0 0.5921875 0.465625 0.021875 0.0359375
0 0.45546875 0.38359375 0.0109375 0.01640625
0 0.47890625 0.3734375 0.0109375 0.01953125
0 0.40625 0.3640625 0.00625 0.01640625
0 0.440625 0.4015625 0.015625 0.025
0 0.63515625 0.44296875 0.0203125 0.025
0 0.43203125 0.3859375 0.0109375 0.01640625
0 0.2078125 0.36640625 0.009375 0.01640625
0 0.52578125 0.375 0.0109375 0.01640625
0 0.76875 0.34140625 0.00625 0.0109375
0 0.5578125 0.371875 0.009375 0.021875
0 0.559375 0.375 0.009375 0.01640625
0 0.44765625 0.371875 0.0109375 0.0109375