0 0.1390625 0.7234375 0.096875 0.103125
0 0.2953125 0.65 0.065625 0.09453125
0 0.37265625 0.728125 0.0734375 0.10546875
0 0.31484375 0.50859375 0.0359375 0.05
0 0.4234375 0.54453125 0.0375 0.05546875
0 0.6390625 0.4765625 0.028125 0.04140625
0 0.6046875 0.49140625 0.03125 0.04453125
0 0.39765625 0.46796875 0.0296875 0.0359375
0 0.4546875 0.4390625 0.01875 0.028125
0 0.403125 0.41796875 0.01875 0.025
0 0.53515625 0.43359375 0.0203125 0.028125
0 0.43046875 0.41953125 0.0171875 0.028125
0 0.59296875 0.41953125 0.0203125 0.021875
0 0.428125 0.3859375 0.0125 0.01640625
0 0.56015625 0.375 0.0109375 0.01640625
0 0.57578125 0.39453125 0.0140625 0.021875
0 0.09140625 0.99453125 0.0515625 0.00546875
0 0.44140625 0.403125 0.0140625 0.021875
0 0.47109375 0.39609375 0.0140625 0.01953125
0 0.48046875 0.365625 0.0109375 0.01953125
0 0.40703125 0.3640625 0.0046875 0.0109375
0 0.55 0.32890625 0.009375 0.0140625
0 0.45078125 0.3875 0.0140625 0.01953125
0 0.4765625 0.38203125 0.009375 0.0140625
0 0.45703125 0.3765625 0.0078125 0.0140625
0 0.5390625 0.365625 0.009375 0.0140625
0 0.5203125 0.3640625 0.009375 0.01640625
0 0.58828125 0.415625 0.0109375 0.025