0 0.2515625 0.58359375 0.05625 0.06640625
0 0.809375 0.68203125 0.078125 0.10859375
0 0.4078125 0.61796875 0.046875 0.075
0 0.06171875 0.9484375 0.1234375 0.096875
0 0.38203125 0.4375 0.0234375 0.03046875
0 0.4265625 0.4234375 0.021875 0.03046875
0 0.62421875 0.45703125 0.0265625 0.04140625
0 0.53984375 0.4515625 0.0203125 0.0359375
0 0.60390625 0.484375 0.0296875 0.046875
0 0.284375 0.9859375 0.08125 0.021875
0 0.353125 0.475 0.028125 0.03359375
0 0.44453125 0.39296875 0.0140625 0.01953125
0 0.55546875 0.3890625 0.0140625 0.028125
0 0.46328125 0.4109375 0.0171875 0.028125
0 0.4140625 0.396875 0.0125 0.01640625
0 0.55546875 0.36796875 0.0140625 0.0140625
0 0.4640625 0.36640625 0.009375 0.01640625
0 0.08984375 0.3234375 0.0109375 0.0140625
0 0.47578125 0.3140625 0.0140625 0.01640625
0 0.40703125 0.3625 0.0046875 0.0140625
0 0.47890625 0.378125 0.0109375 0.01640625
0 0.4703125 0.39453125 0.0125 0.01640625
0 0.5171875 0.325 0.0125 0.01640625
0 0.47734375 0.353125 0.0078125 0.0109375
0 0.521875 0.35546875 0.009375 0.01640625
0 0.50546875 0.35703125 0.0078125 0.0140625
0 0.534375 0.353125 0.009375 0.01640625
0 0.49296875 0.353125 0.0109375 0.01640625
0 0.703125 0.2890625 0.0125 0.0109375
0 0.484375 0.365625 0.009375 0.0140625
0 0.36328125 0.471875 0.0109375 0.028125
0 0.00703125 0.9390625 0.0140625 0.0390625