1 0.40859375 0.4 0.0203125 0.03359375
0 0.325 0.88203125 0.1 0.15859375
0 0.940625 0.85390625 0.115625 0.16953125
0 0.440625 0.4984375 0.034375 0.046875
0 0.62265625 0.67890625 0.0578125 0.103125
0 0.62109375 0.453125 0.0234375 0.03359375
0 0.04296875 0.871875 0.0859375 0.14453125
0 0.37265625 0.5125 0.0296875 0.046875
0 0.3375 0.490625 0.03125 0.04140625
0 0.425 0.42890625 0.01875 0.025
0 0.4390625 0.4015625 0.015625 0.025
0 0.46015625 0.41796875 0.0171875 0.025
0 0.52890625 0.3859375 0.0140625 0.01640625
0 0.45625 0.38046875 0.0125 0.01640625
0 0.50390625 0.35703125 0.0109375 0.01953125
0 0.47734375 0.3390625 0.0140625 0.021875
0 0.55234375 0.35859375 0.0078125 0.01640625
0 0.4921875 0.346875 0.015625 0.028125
0 0.54609375 0.3625 0.0109375 0.01953125
0 0.4671875 0.3625 0.0125 0.025
0 0.47421875 0.309375 0.0109375 0.01953125
0 0.45546875 0.3625 0.0109375 0.0140625
0 0.48203125 0.36640625 0.0109375 0.01640625
0 0.46953125 0.39453125 0.0140625 0.021875
0 0.40703125 0.365625 0.0046875 0.0140625
0 0.52265625 0.375 0.0078125 0.01640625
0 0.53828125 0.35390625 0.0078125 0.0140625
0 0.475 0.38359375 0.009375 0.01640625
0 0.4890625 0.353125 0.009375 0.01640625