1 0.39921875 0.59296875 0.0546875 0.096875
1 0.43125 0.365625 0.025 0.053125
0 0.68046875 0.5234375 0.0359375 0.053125
0 0.4390625 0.46796875 0.028125 0.0359375
0 0.6078125 0.43046875 0.01875 0.03359375
0 0.278125 0.68359375 0.071875 0.1109375
0 0.33984375 0.58359375 0.0515625 0.06640625
0 0.28125 0.559375 0.053125 0.05859375
0 0.5515625 0.465625 0.025 0.0359375
0 0.34140625 0.478125 0.0296875 0.0390625
0 0.3796875 0.49609375 0.03125 0.04140625
0 0.43359375 0.4140625 0.0171875 0.028125
0 0.459375 0.4265625 0.01875 0.03046875
0 0.534375 0.359375 0.009375 0.0140625
0 0.36484375 0.4375 0.0234375 0.04140625
0 0.46796875 0.4015625 0.0140625 0.01953125
0 0.47578125 0.3875 0.0109375 0.01953125
0 0.50546875 0.35546875 0.0078125 0.01640625
0 0.40234375 0.4125 0.0171875 0.03046875
0 0.48359375 0.36640625 0.0109375 0.01640625
0 0.459375 0.37890625 0.00625 0.01953125
0 0.553125 0.359375 0.0125 0.025
0 0.38203125 0.378125 0.0140625 0.021875
0 0.55859375 0.36640625 0.0046875 0.0109375
0 0.703125 0.290625 0.0125 0.0140625
0 0.553125 0.36640625 0.00625 0.0109375