1 0.30234375 0.484375 0.1015625 0.15859375
0 0.340625 0.87109375 0.1 0.15859375
0 0.17890625 0.83359375 0.1046875 0.1390625
0 0.225 0.628125 0.06875 0.078125
0 0.39140625 0.65546875 0.0546875 0.08359375
0 0.3 0.63046875 0.0625 0.078125
0 0.66796875 0.509375 0.0359375 0.046875
0 0.4 0.55859375 0.040625 0.0609375
0 0.54140625 0.4359375 0.0203125 0.03359375
0 0.38203125 0.5015625 0.0328125 0.04140625
0 0.60546875 0.49609375 0.0296875 0.04140625
0 0.7125 0.925 0.1125 0.14453125
0 0.43125 0.52109375 0.034375 0.053125
0 0.37109375 0.45 0.0265625 0.03359375
0 0.40390625 0.4640625 0.0296875 0.03359375
0 0.459375 0.415625 0.01875 0.025
0 0.44453125 0.475 0.0296875 0.04453125
0 0.54140625 0.3765625 0.0140625 0.01953125
0 0.4234375 0.434375 0.021875 0.03046875
0 0.52421875 0.38359375 0.0140625 0.01640625
0 0.52265625 0.365625 0.0109375 0.0140625
0 0.40625 0.3640625 0.00625 0.01640625
0 0.77734375 0.965625 0.0390625 0.0640625
0 0.35625 0.453125 0.009375 0.028125
0 0.43046875 0.3859375 0.0109375 0.021875
0 0.47265625 0.3875 0.0140625 0.01953125
0 0.55390625 0.34453125 0.0140625 0.01640625
0 0.421875 0.39453125 0.0125 0.021875
0 0.4453125 0.39609375 0.015625 0.01953125
0 0.43828125 0.4109375 0.0171875 0.028125
0 0.5546875 0.3640625 0.0125 0.021875