1 0.3828125 0.49140625 0.0375 0.05546875
0 0.96796875 0.87890625 0.0609375 0.146875
0 0.20234375 0.65546875 0.0765625 0.08359375
0 0.3015625 0.6484375 0.065625 0.08046875
0 0.403125 0.61640625 0.059375 0.0890625
0 0.33671875 0.49453125 0.0328125 0.0390625
0 0.6984375 0.8984375 0.1125 0.196875
0 0.64765625 0.4890625 0.0328125 0.04453125
0 0.440625 0.496875 0.028125 0.04453125
0 0.5765625 0.5484375 0.034375 0.05859375
0 0.7375 0.596875 0.053125 0.071875
0 0.37578125 0.446875 0.0203125 0.028125
0 0.59140625 0.4625 0.0265625 0.0359375
0 0.40390625 0.4125 0.0171875 0.025
0 0.40625 0.45546875 0.021875 0.03359375
0 0.553125 0.49140625 0.028125 0.04453125
0 0.42890625 0.384375 0.0109375 0.01953125
0 0.45234375 0.4515625 0.0203125 0.03046875
0 0.43125 0.41953125 0.015625 0.028125
0 0.596875 0.42109375 0.01875 0.025
0 0.571875 0.428125 0.01875 0.028125
0 0.40625 0.365625 0.00625 0.0140625
0 0.5296875 0.3984375 0.015625 0.01953125
0 0.46640625 0.409375 0.0171875 0.025
0 0.45859375 0.42890625 0.0171875 0.025
0 0.5609375 0.35703125 0.015625 0.01953125
0 0.55234375 0.39296875 0.0109375 0.025
0 0.52109375 0.34609375 0.0078125 0.0140625
0 0.44296875 0.39453125 0.0140625 0.021875
0 0.74453125 0.60859375 0.0390625 0.05
0 0.5046875 0.35703125 0.009375 0.01953125
0 0.475 0.3875 0.0125 0.025
0 0.703125 0.29140625 0.0125 0.0109375
0 0.54296875 0.3484375 0.0078125 0.0140625
0 0.4515625 0.365625 0.009375 0.0140625
0 0.4421875 0.37109375 0.009375 0.0140625
0 0.453125 0.384375 0.0125 0.01953125
0 0.5375 0.36953125 0.0125 0.01640625
0 0.56484375 0.37890625 0.0109375 0.01953125
0 0.52734375 0.38046875 0.0140625 0.01640625
0 0.4609375 0.371875 0.009375 0.01640625
0 0.5765625 0.39609375 0.0125 0.01953125
0 0.54609375 0.421875 0.0234375 0.03359375
0 0.54765625 0.453125 0.0265625 0.03359375