1 0.203125 0.578125 0.196875 0.278125
1 0.3859375 0.4734375 0.0375 0.06953125
0 0.1296875 0.921875 0.15625 0.15
0 0.5984375 0.60390625 0.05 0.09140625
0 0.4046875 0.584375 0.05 0.06953125
0 0.5390625 0.4375 0.01875 0.03046875
0 0.571875 0.3875 0.0125 0.01953125
0 0.35078125 0.46796875 0.0296875 0.0359375
0 0.4453125 0.45546875 0.021875 0.03359375
0 0.3359375 0.57109375 0.05 0.0640625
0 0.40703125 0.4515625 0.0171875 0.03046875
0 0.4609375 0.4125 0.01875 0.025
0 0.47421875 0.3859375 0.0109375 0.01640625
0 0.39375 0.4265625 0.01875 0.025
0 0.41875 0.396875 0.0125 0.021875
0 0.86171875 0.91640625 0.0453125 0.13359375
0 0.4390625 0.403125 0.015625 0.021875
0 0.54140625 0.36640625 0.0109375 0.01640625
0 0.48671875 0.3640625 0.0109375 0.01640625
0 0.43828125 0.36796875 0.0109375 0.01953125
0 0.46171875 0.375 0.0109375 0.01640625
0 0.54375 0.35546875 0.009375 0.01640625
0 0.4328125 0.3875 0.015625 0.01953125
0 0.40703125 0.3625 0.0046875 0.0140625
0 0.45703125 0.359375 0.0078125 0.0140625
0 0.44765625 0.3875 0.0109375 0.01953125
0 0.5046875 0.35703125 0.009375 0.0140625
0 0.53125 0.33046875 0.009375 0.0109375
0 0.475 0.3515625 0.009375 0.01953125
0 0.38515625 0.39609375 0.0109375 0.0140625
0 0.5171875 0.328125 0.009375 0.01640625
0 0.46953125 0.3625 0.0109375 0.0140625