1 0.4140625 0.38046875 0.03125 0.06640625
1 0.31328125 0.46953125 0.0765625 0.15546875
1 0.425 0.4109375 0.025 0.05
1 0.375 0.421875 0.053125 0.1
1 0.540625 0.33046875 0.009375 0.01640625
0 0.23515625 0.73203125 0.0828125 0.10859375
0 0.4 0.590625 0.046875 0.0640625
0 0.74375 0.6 0.059375 0.078125
0 0.64140625 0.5765625 0.0453125 0.06953125
0 0.24375 0.5890625 0.053125 0.06640625
0 0.39921875 0.471875 0.0265625 0.0390625
0 0.040625 0.90546875 0.08125 0.15546875
0 0.43984375 0.4875 0.0265625 0.04140625
0 0.57265625 0.390625 0.0109375 0.01953125
0 0.45234375 0.4390625 0.0171875 0.028125
0 0.5609375 0.375 0.0125 0.01640625
0 0.46328125 0.41796875 0.0171875 0.025
0 0.52421875 0.37109375 0.0109375 0.0140625
0 0.4578125 0.37890625 0.0125 0.01953125
0 0.4421875 0.40703125 0.009375 0.01953125
0 0.54453125 0.3484375 0.0078125 0.00859375
0 0.3 0.4359375 0.046875 0.06640625
0 0.3265625 0.40546875 0.028125 0.03359375
0 0.47578125 0.384375 0.0140625 0.025
0 0.484375 0.3640625 0.0125 0.01640625
0 0.4078125 0.40859375 0.0125 0.01640625
0 0.44765625 0.36640625 0.0078125 0.01640625
0 0.50546875 0.35703125 0.0078125 0.0140625
0 0.29921875 0.50390625 0.0453125 0.06953125
0 0.51015625 0.33359375 0.0046875 0.0109375
0 0.434375 0.38046875 0.009375 0.0109375
0 0.43515625 0.384375 0.0109375 0.01953125
0 0.36953125 0.3265625 0.0109375 0.0140625
0 0.703125 0.290625 0.0125 0.0140625
0 0.35078125 0.45859375 0.0078125 0.021875
0 0.36328125 0.4 0.0265625 0.04453125
0 0.5328125 0.34453125 0.00625 0.0109375