1 0.25703125 0.5609375 0.0703125 0.10546875
0 0.42578125 0.54453125 0.0390625 0.05546875
0 0.3078125 0.9265625 0.11875 0.14140625
0 0.27890625 0.678125 0.0765625 0.1
0 0.3578125 0.5375 0.034375 0.053125
0 0.67578125 0.63359375 0.0546875 0.0890625
0 0.7453125 0.59609375 0.059375 0.08046875
0 0.36953125 0.45546875 0.0265625 0.03359375
0 0.4484375 0.4640625 0.025 0.03359375
0 0.6109375 0.4390625 0.025 0.03359375
0 0.4125 0.4515625 0.025 0.0359375
0 0.57578125 0.44453125 0.0203125 0.03359375
0 0.39140625 0.4265625 0.0171875 0.025
0 0.4640625 0.41796875 0.01875 0.025
0 0.43203125 0.41640625 0.0171875 0.028125
0 0.5359375 0.425 0.01875 0.028125
0 0.44921875 0.3890625 0.0140625 0.021875
0 0.575 0.40703125 0.015625 0.025
0 0.4296875 0.38359375 0.0125 0.01640625
0 0.475 0.390625 0.0125 0.01953125
0 0.5578125 0.3734375 0.009375 0.0140625
0 0.40625 0.3625 0.00625 0.0140625
0 0.5328125 0.403125 0.0125 0.01640625
0 0.453125 0.3640625 0.009375 0.01640625
0 0.54140625 0.3765625 0.0109375 0.0140625
0 0.49375 0.346875 0.009375 0.0109375
0 0.571875 0.40390625 0.009375 0.01953125
0 0.553125 0.3625 0.009375 0.0140625
0 0.521875 0.34296875 0.009375 0.0140625
0 0.46875 0.3640625 0.009375 0.01640625
0 0.4671875 0.3484375 0.009375 0.0140625
0 0.50390625 0.35703125 0.0109375 0.01953125
0 0.484375 0.34296875 0.009375 0.0140625
0 0.48515625 0.365625 0.0078125 0.0140625
0 0.7015625 0.290625 0.009375 0.0140625
0 0.540625 0.33359375 0.009375 0.01640625
0 0.4765625 0.371875 0.009375 0.0109375
0 0.534375 0.353125 0.009375 0.01640625