1 0.3609375 0.47890625 0.0875 0.175
1 0.41171875 0.44296875 0.0234375 0.05859375
1 0.45 0.3765625 0.021875 0.04140625
1 0.54140625 0.33203125 0.0078125 0.01953125
1 0.46640625 0.3515625 0.0171875 0.046875
0 0.5796875 0.5390625 0.0375 0.0609375
0 0.41875 0.54296875 0.0375 0.053125
0 0.58125 0.40546875 0.015625 0.021875
0 0.46171875 0.41953125 0.0171875 0.028125
0 0.41171875 0.4015625 0.0140625 0.025
0 0.4296875 0.384375 0.0125 0.01953125
0 0.54375 0.378125 0.0125 0.01640625
0 0.5546875 0.36953125 0.009375 0.01640625
0 0.534375 0.35703125 0.009375 0.01953125
0 0.465625 0.396875 0.015625 0.021875
0 0.521875 0.35 0.00625 0.0109375
0 0.40625 0.3640625 0.00625 0.01640625
0 0.50546875 0.35546875 0.0078125 0.01640625
0 0.4765625 0.3875 0.0125 0.01953125
0 0.29140625 0.43046875 0.0109375 0.028125
0 0.4734375 0.309375 0.009375 0.01953125
0 0.4875 0.365625 0.009375 0.01953125
0 0.44765625 0.384375 0.0171875 0.025
0 0.48203125 0.3765625 0.0078125 0.0140625
0 0.4671875 0.36796875 0.0125 0.0140625
0 0.5484375 0.3390625 0.00625 0.0109375
0 0.48359375 0.37109375 0.0078125 0.0140625