1 0.38203125 0.4625 0.0703125 0.15859375
0 0.3765625 0.6609375 0.05625 0.08359375
0 0.74453125 0.5875 0.0546875 0.06953125
0 0.24140625 0.60703125 0.0546875 0.0640625
0 0.28046875 0.6765625 0.0671875 0.096875
0 0.6390625 0.478125 0.028125 0.0390625
0 0.4484375 0.4625 0.025 0.0359375
0 0.55859375 0.503125 0.0328125 0.05
0 0.609375 0.4984375 0.034375 0.046875
0 0.3359375 0.4875 0.03125 0.04140625
0 0.42890625 0.41796875 0.0171875 0.025
0 0.46796875 0.40703125 0.0140625 0.01953125
0 0.36796875 0.4984375 0.0390625 0.08046875
0 0.3671875 0.440625 0.034375 0.05859375
0 0.4265625 0.390625 0.0125 0.01953125
0 0.47734375 0.37890625 0.0140625 0.01953125
0 0.45859375 0.425 0.0171875 0.028125
0 0.55859375 0.37109375 0.0078125 0.0140625
0 0.14921875 0.58046875 0.0140625 0.028125
0 0.40625 0.3640625 0.00625 0.0109375
0 0.44296875 0.4015625 0.0140625 0.01953125
0 0.540625 0.365625 0.009375 0.0140625
0 0.43671875 0.3765625 0.0140625 0.01953125
0 0.4453125 0.36640625 0.009375 0.01640625
0 0.34765625 0.48359375 0.0109375 0.0390625
0 0.5234375 0.34609375 0.00625 0.0140625
0 0.38046875 0.4 0.0296875 0.03359375
0 0.38359375 0.39140625 0.0171875 0.01640625
0 0.54296875 0.34453125 0.0078125 0.0109375
0 0.38671875 0.4109375 0.0421875 0.05546875
0 0.4671875 0.3609375 0.009375 0.01640625
0 0.39921875 0.39609375 0.0171875 0.025