1 0.09140625 0.759375 0.1640625 0.225
1 0.57421875 0.3765625 0.0265625 0.053125
1 0.6140625 0.4234375 0.05625 0.09140625
0 0.59453125 0.59453125 0.0453125 0.071875
0 0.3625 0.765625 0.075 0.125
0 0.4265625 0.5484375 0.040625 0.05859375
0 0.32421875 0.50703125 0.0328125 0.04140625
0 0.23828125 0.5859375 0.0609375 0.078125
0 0.365625 0.45546875 0.025 0.03359375
0 0.4390625 0.4734375 0.028125 0.0359375
0 0.32265625 0.58203125 0.0484375 0.0640625
0 0.53828125 0.4265625 0.0203125 0.03046875
0 0.453125 0.43359375 0.021875 0.028125
0 0.38671875 0.43359375 0.0203125 0.028125
0 0.4203125 0.4375 0.021875 0.03046875
0 0.62421875 0.44609375 0.0296875 0.046875
0 0.4171875 0.4 0.015625 0.021875
0 0.4390625 0.375 0.0125 0.021875
0 0.40625 0.3625 0.00625 0.0140625
0 0.4421875 0.4 0.0125 0.021875
0 0.3828125 0.50859375 0.034375 0.04453125
0 0.45625 0.37890625 0.0125 0.01953125
0 0.47109375 0.39453125 0.0140625 0.021875
0 0.628125 0.4140625 0.03125 0.04453125
0 0.54140625 0.36796875 0.0109375 0.01953125
0 0.5265625 0.38046875 0.0125 0.01640625
0 0.4296875 0.41640625 0.015625 0.021875
0 0.55234375 0.3640625 0.0078125 0.01640625
0 0.55859375 0.36953125 0.0078125 0.01640625
0 0.51875 0.35546875 0.009375 0.01640625
0 0.50390625 0.35546875 0.0078125 0.01640625
0 0.59296875 0.44296875 0.0203125 0.04140625
0 0.625 0.403125 0.021875 0.021875
0 0.57421875 0.39296875 0.0140625 0.01953125
0 0.478125 0.3859375 0.009375 0.01640625