0 0.684375 0.53046875 0.04375 0.05
0 0.415625 0.57890625 0.05 0.08046875
0 0.303125 0.9765625 0.1 0.04140625
0 0.32890625 0.5859375 0.0515625 0.071875
0 0.17109375 0.89296875 0.1203125 0.1640625
0 0.3078125 0.525 0.040625 0.05
0 0.38828125 0.43046875 0.0203125 0.028125
0 0.440625 0.45390625 0.021875 0.03046875
0 0.35625 0.46796875 0.028125 0.0359375
0 0.37265625 0.509375 0.0328125 0.046875
0 0.42578125 0.4234375 0.0203125 0.025
0 0.5546875 0.36796875 0.009375 0.0140625
0 0.45390625 0.43203125 0.0203125 0.03046875
0 0.53984375 0.36640625 0.0109375 0.01640625
0 0.46953125 0.4015625 0.0140625 0.01953125
0 0.4203125 0.39453125 0.015625 0.021875
0 0.43671875 0.403125 0.0140625 0.021875
0 0.47890625 0.375 0.0140625 0.021875
0 0.45078125 0.384375 0.0140625 0.01953125
0 0.44921875 0.36796875 0.0109375 0.0140625
0 0.4875 0.3609375 0.009375 0.0109375
0 0.46015625 0.375 0.0109375 0.01640625
0 0.5328125 0.35546875 0.009375 0.01640625
0 0.40703125 0.365625 0.0046875 0.0140625
0 0.3671875 0.4765625 0.0125 0.01953125
0 0.50546875 0.35703125 0.0078125 0.0140625