1 0.40546875 0.3984375 0.0734375 0.0859375
0 0.2046875 0.8375 0.109375 0.153125
0 0.4328125 0.52890625 0.03125 0.053125
0 0.3375 0.4875 0.034375 0.0359375
0 0.7 0.6515625 0.065625 0.096875
0 0.35234375 0.5515625 0.0453125 0.05859375
0 0.6078125 0.43046875 0.021875 0.028125
0 0.390625 0.4875 0.03125 0.04140625
0 0.04765625 0.85703125 0.0953125 0.14140625
0 0.7109375 0.56640625 0.046875 0.06640625
0 0.4421875 0.46796875 0.025 0.0359375
0 0.528125 0.384375 0.015625 0.025
0 0.4625 0.4140625 0.015625 0.021875
0 0.55234375 0.39453125 0.0140625 0.021875
0 0.47265625 0.384375 0.0140625 0.01953125
0 0.58046875 0.403125 0.0140625 0.021875
0 0.45390625 0.38046875 0.0140625 0.021875
0 0.259375 0.56796875 0.021875 0.03046875
0 0.48515625 0.3625 0.0109375 0.0140625
0 0.4453125 0.39453125 0.009375 0.021875
0 0.54140625 0.37109375 0.0109375 0.0140625
0 0.55390625 0.36640625 0.0140625 0.01640625
0 0.47578125 0.346875 0.0140625 0.028125
0 0.46640625 0.3625 0.0078125 0.01953125
0 0.43046875 0.346875 0.0140625 0.01640625
0 0.48828125 0.3390625 0.0109375 0.01640625
0 0.52265625 0.3609375 0.0109375 0.01640625
0 0.49140625 0.35546875 0.0078125 0.0109375
0 0.259375 0.54609375 0.015625 0.03046875