0 0.74921875 0.6 0.0578125 0.078125
0 0.9546875 0.8765625 0.0875 0.16953125
0 0.31171875 0.515625 0.0359375 0.046875
0 0.3671875 0.759375 0.078125 0.11953125
0 0.6015625 0.603125 0.046875 0.078125
0 0.2953125 0.64140625 0.0625 0.08359375
0 0.628125 0.446875 0.034375 0.06640625
0 0.37578125 0.51953125 0.0328125 0.04453125
0 0.43984375 0.48359375 0.0265625 0.0390625
0 0.396875 0.41640625 0.01875 0.028125
0 0.5359375 0.4125 0.015625 0.025
0 0.5765625 0.4390625 0.021875 0.03359375
0 0.4109375 0.58359375 0.040625 0.06640625
0 0.421875 0.43359375 0.01875 0.028125
0 0.46484375 0.4015625 0.0140625 0.01953125
0 0.52890625 0.3875 0.0140625 0.01953125
0 0.453125 0.453125 0.021875 0.03359375
0 0.45234375 0.428125 0.0171875 0.021875
0 0.47578125 0.3859375 0.0140625 0.021875
0 0.43203125 0.4 0.0140625 0.021875
0 0.58828125 0.4109375 0.0171875 0.021875
0 0.57265625 0.39296875 0.0140625 0.01953125
0 0.42734375 0.39140625 0.0140625 0.021875
0 0.40625 0.3640625 0.00625 0.01640625
0 0.5046875 0.35546875 0.009375 0.01640625
0 0.53671875 0.365625 0.0109375 0.01953125
0 0.4390625 0.37890625 0.0125 0.0140625
0 0.453125 0.3640625 0.009375 0.01640625
0 0.584375 0.409375 0.009375 0.01953125
0 0.59375 0.415625 0.00625 0.0140625
0 0.48984375 0.35703125 0.0078125 0.01953125
0 0.56953125 0.39140625 0.0078125 0.01640625
0 0.99296875 0.52109375 0.0109375 0.06953125