1 0.40078125 0.396875 0.0390625 0.06640625
1 0.59375 0.428125 0.04375 0.1
1 0.43125 0.378125 0.015625 0.028125
1 0.4609375 0.328125 0.015625 0.028125
0 0.09921875 0.9484375 0.1515625 0.096875
0 0.8109375 0.84453125 0.1125 0.18359375
0 0.29375 0.94140625 0.115625 0.1109375
0 0.2625 0.57109375 0.05 0.05859375
0 0.140625 0.69453125 0.109375 0.128125
0 0.29453125 0.6640625 0.0703125 0.1
0 0.40625 0.62109375 0.05 0.075
0 0.365625 0.70703125 0.06875 0.103125
0 0.33125 0.5859375 0.05625 0.06640625
0 0.38515625 0.503125 0.0359375 0.04453125
0 0.35 0.82890625 0.084375 0.1359375
0 0.56484375 0.4109375 0.0171875 0.028125
0 0.43671875 0.40546875 0.0171875 0.028125
0 0.5359375 0.421875 0.01875 0.028125
0 0.390625 0.43046875 0.025 0.028125
0 0.409375 0.46796875 0.025 0.0359375
0 0.41796875 0.5609375 0.0453125 0.078125
0 0.41171875 0.44453125 0.0171875 0.01640625
0 0.45859375 0.42890625 0.0171875 0.03046875
0 0.52890625 0.39453125 0.0171875 0.021875
0 0.55078125 0.3875 0.0140625 0.025
0 0.44140625 0.49140625 0.0265625 0.0390625
0 0.540625 0.3734375 0.009375 0.0140625
0 0.46640625 0.4109375 0.0171875 0.028125
0 0.44453125 0.4625 0.0265625 0.0359375
0 0.43125 0.51640625 0.03125 0.05546875
0 0.4578125 0.38359375 0.0125 0.021875
0 0.55234375 0.3625 0.0109375 0.0140625
0 0.5203125 0.35859375 0.00625 0.021875
0 0.45234375 0.453125 0.0203125 0.03359375
0 0.47734375 0.38046875 0.0109375 0.01640625
0 0.4921875 0.34453125 0.009375 0.021875
0 0.50546875 0.35703125 0.0078125 0.0140625
0 0.48359375 0.3640625 0.0140625 0.021875
0 0.4640625 0.35546875 0.00625 0.0109375
0 0.47109375 0.35859375 0.0109375 0.01640625
0 0.45 0.3640625 0.009375 0.01640625
0 0.4296875 0.5375 0.028125 0.046875
0 0.3875 0.421875 0.0125 0.01640625