0 0.88515625 0.77890625 0.1078125 0.14140625
0 0.215625 0.790625 0.10625 0.14140625
0 0.15390625 0.7109375 0.0953125 0.1
0 0.57578125 0.55 0.0390625 0.0609375
0 0.69296875 0.5390625 0.0390625 0.05546875
0 0.4203125 0.590625 0.04375 0.0640625
0 0.6203125 0.5234375 0.034375 0.046875
0 0.32421875 0.50546875 0.0359375 0.04453125
0 0.428125 0.5265625 0.034375 0.046875
0 0.7140625 0.9484375 0.1 0.096875
0 0.63359375 0.459375 0.0265625 0.04140625
0 0.3953125 0.4875 0.028125 0.04140625
0 0.34609375 0.55390625 0.0359375 0.05859375
0 0.38359375 0.4375 0.0203125 0.03046875
0 0.41015625 0.4484375 0.0234375 0.03046875
0 0.54609375 0.45703125 0.0234375 0.0359375
0 0.36015625 0.45546875 0.0265625 0.0390625
0 0.57734375 0.44296875 0.0203125 0.03046875
0 0.44765625 0.4625 0.0234375 0.0359375
0 0.603125 0.434375 0.021875 0.03046875
0 0.5359375 0.40859375 0.015625 0.021875
0 0.58984375 0.41640625 0.0109375 0.021875
0 0.4546875 0.428125 0.01875 0.028125
0 0.40625 0.365625 0.00625 0.0140625
0 0.55859375 0.403125 0.0171875 0.021875
0 0.465625 0.40859375 0.015625 0.021875
0 0.4375 0.378125 0.0125 0.01640625
0 0.43828125 0.409375 0.0171875 0.025
0 0.29140625 0.43203125 0.0109375 0.03046875
0 0.56796875 0.38359375 0.0109375 0.01640625
0 0.4515625 0.39140625 0.0125 0.01640625
0 0.4734375 0.3859375 0.015625 0.028125
0 0.553125 0.328125 0.009375 0.01640625
0 0.53828125 0.365625 0.0109375 0.01953125
0 0.45703125 0.371875 0.0109375 0.01640625
0 0.4203125 0.3515625 0.0125 0.0140625
0 0.478125 0.34453125 0.00625 0.01640625
0 0.521875 0.365625 0.0125 0.01953125
0 0.440625 0.39609375 0.0125 0.0140625