1 0.36328125 0.440625 0.0515625 0.0859375
1 0.4609375 0.34609375 0.01875 0.06953125
0 0.378125 0.665625 0.059375 0.09140625
0 0.44375 0.4859375 0.028125 0.0390625
0 0.67421875 0.5890625 0.0515625 0.078125
0 0.59453125 0.6109375 0.0515625 0.0890625
0 0.3921875 0.48046875 0.028125 0.0390625
0 0.26015625 0.5765625 0.0640625 0.08046875
0 0.46953125 0.39609375 0.0140625 0.025
0 0.1453125 0.90390625 0.14375 0.1859375
0 0.53125 0.39296875 0.0125 0.01953125
0 0.39921875 0.41953125 0.0171875 0.021875
0 0.4390625 0.40703125 0.015625 0.025
0 0.5671875 0.3875 0.0125 0.01953125
0 0.12578125 0.8359375 0.0609375 0.0609375
0 0.47734375 0.371875 0.0109375 0.01640625
0 0.4421875 0.37109375 0.009375 0.0140625
0 0.40625 0.3625 0.00625 0.0140625
0 0.52109375 0.3640625 0.0078125 0.0109375
0 0.4390625 0.39296875 0.00625 0.0140625
0 0.540625 0.334375 0.00625 0.0140625
0 0.38984375 0.28046875 0.0078125 0.01640625
0 0.3875 0.41796875 0.00625 0.025
0 0.4875 0.35859375 0.009375 0.01640625
0 0.54375 0.353125 0.00625 0.0109375
0 0.47890625 0.346875 0.0109375 0.01640625
0 0.5296875 0.3375 0.00625 0.0140625
0 0.50546875 0.35703125 0.0078125 0.0140625
0 0.4484375 0.36796875 0.00625 0.0140625