0 0.240625 0.7375 0.090625 0.10859375
0 0.78984375 0.80859375 0.1078125 0.16640625
0 0.6734375 0.5140625 0.034375 0.05
0 0.35 0.565625 0.040625 0.05859375
0 0.2859375 0.53046875 0.046875 0.05546875
0 0.4078125 0.5859375 0.04375 0.06640625
0 0.1484375 0.721875 0.096875 0.11640625
0 0.61953125 0.4484375 0.0234375 0.03046875
0 0.57734375 0.4359375 0.0203125 0.028125
0 0.765625 0.61796875 0.065625 0.096875
0 0.39375 0.48203125 0.03125 0.04140625
0 0.44453125 0.484375 0.0265625 0.04140625
0 0.54609375 0.4359375 0.0234375 0.0390625
0 0.46015625 0.43046875 0.0171875 0.028125
0 0.409375 0.40703125 0.015625 0.025
0 0.375 0.49296875 0.015625 0.03046875
0 0.42578125 0.43046875 0.0203125 0.028125
0 0.3953125 0.428125 0.009375 0.028125
0 0.55390625 0.3890625 0.0078125 0.01640625
0 0.46796875 0.3984375 0.0171875 0.025
0 0.55 0.35546875 0.009375 0.01640625
0 0.40703125 0.365625 0.0046875 0.0140625
0 0.4578125 0.37109375 0.0125 0.01953125
0 0.546875 0.3890625 0.00625 0.01640625
0 0.52265625 0.3734375 0.0109375 0.01953125
0 0.52578125 0.38046875 0.0078125 0.01640625
0 0.4359375 0.40703125 0.01875 0.025
0 0.47578125 0.38359375 0.0140625 0.01640625
0 0.53359375 0.40390625 0.0171875 0.025
0 0.75625 0.60390625 0.04375 0.06953125
0 0.55078125 0.3875 0.0140625 0.025
0 0.43359375 0.3890625 0.0140625 0.01640625
0 0.42109375 0.3859375 0.0109375 0.01640625
0 0.446875 0.39453125 0.0125 0.01640625