1 0.28125 0.49140625 0.115625 0.2
1 0.3890625 0.40703125 0.0375 0.0640625
1 0.3859375 0.475 0.0375 0.071875
1 0.578125 0.3765625 0.03125 0.0640625
0 0.34375 0.79453125 0.0875 0.128125
0 0.41640625 0.575 0.0453125 0.0609375
0 0.1984375 0.6640625 0.071875 0.08359375
0 0.5421875 0.42109375 0.01875 0.03046875
0 0.6015625 0.521875 0.034375 0.05546875
0 0.4578125 0.4359375 0.01875 0.028125
0 0.41015625 0.453125 0.0203125 0.03359375
0 0.43046875 0.421875 0.0171875 0.028125
0 0.47734375 0.384375 0.0140625 0.01953125
0 0.45 0.38359375 0.0125 0.01640625
0 0.4390625 0.375 0.009375 0.01640625
0 0.525 0.38046875 0.0125 0.01640625
0 0.38203125 0.4265625 0.0203125 0.025
0 0.46328125 0.37109375 0.0109375 0.0140625
0 0.09140625 0.36640625 0.0171875 0.021875
0 0.53984375 0.36953125 0.0109375 0.021875
0 0.459375 0.35859375 0.009375 0.0109375
0 0.48515625 0.365625 0.0109375 0.0140625
0 0.40703125 0.3625 0.0046875 0.0140625
0 0.559375 0.38046875 0.00625 0.01640625
0 0.47421875 0.35703125 0.0078125 0.0140625