1 0.715625 0.88203125 0.159375 0.23046875
1 0.45546875 0.35703125 0.0140625 0.03046875
1 0.58828125 0.39140625 0.0328125 0.06640625
0 0.86171875 0.74140625 0.1046875 0.14453125
0 0.41640625 0.546875 0.0390625 0.05546875
0 0.32578125 0.503125 0.0359375 0.04453125
0 0.28984375 0.921875 0.1359375 0.15
0 0.6625 0.59140625 0.05 0.071875
0 0.5609375 0.4125 0.015625 0.025
0 0.54296875 0.4625 0.0234375 0.0359375
0 0.4109375 0.459375 0.025 0.0359375
0 0.3765625 0.44453125 0.021875 0.028125
0 0.45546875 0.440625 0.0203125 0.03046875
0 0.7109375 0.553125 0.053125 0.071875
0 0.4015625 0.41640625 0.015625 0.021875
0 0.3421875 0.56953125 0.05 0.0609375
0 0.61953125 0.50703125 0.0328125 0.046875
0 0.43515625 0.40859375 0.0140625 0.021875
0 0.5328125 0.40546875 0.015625 0.021875
0 0.63671875 0.48359375 0.0265625 0.0390625
0 0.5546875 0.36640625 0.009375 0.01640625
0 0.5921875 0.4109375 0.021875 0.028125
0 0.4359375 0.3765625 0.0125 0.01953125
0 0.40625 0.3640625 0.00625 0.01640625
0 0.446875 0.3890625 0.0125 0.01640625
0 0.66796875 0.60546875 0.0390625 0.0390625
0 0.471875 0.384375 0.0125 0.01953125
0 0.29140625 0.43359375 0.0109375 0.03359375
0 0.52890625 0.33359375 0.0109375 0.0109375
0 0.54140625 0.340625 0.0078125 0.0140625
0 0.5265625 0.38046875 0.0125 0.01640625
0 0.47265625 0.309375 0.0078125 0.0140625
0 0.7046875 0.290625 0.015625 0.0140625
0 0.45859375 0.3734375 0.0109375 0.0140625
0 0.36953125 0.3265625 0.0109375 0.0140625
0 0.534375 0.35390625 0.00625 0.0140625
0 0.49140625 0.35390625 0.0078125 0.0140625
0 0.6125 0.490625 0.021875 0.025
0 0.70859375 0.2859375 0.0390625 0.028125
0 0.52109375 0.3484375 0.0078125 0.0140625
0 0.5921875 0.37890625 0.021875 0.025
0 0.484375 0.3390625 0.00625 0.0109375