1 0.584375 0.42890625 0.05 0.103125
0 0.89921875 0.821875 0.1265625 0.15546875
0 0.43515625 0.50703125 0.0328125 0.046875
0 0.39609375 0.6375 0.0515625 0.06953125
0 0.16875 0.8859375 0.13125 0.16640625
0 0.365625 0.50703125 0.040625 0.046875
0 0.63671875 0.471875 0.0265625 0.0390625
0 0.41015625 0.45 0.0265625 0.03359375
0 0.353125 0.475 0.03125 0.0390625
0 0.5484375 0.459375 0.021875 0.0359375
0 0.45859375 0.43203125 0.0203125 0.03046875
0 0.43125 0.38203125 0.0125 0.01953125
0 0.4390625 0.40390625 0.015625 0.025
0 0.465625 0.40390625 0.015625 0.025
0 0.3984375 0.41640625 0.021875 0.0390625
0 0.48125 0.37109375 0.0125 0.0140625
0 0.559375 0.36640625 0.0125 0.021875
0 0.528125 0.3875 0.015625 0.01953125
0 0.41328125 0.396875 0.0171875 0.028125
0 0.5453125 0.38359375 0.0125 0.01640625
0 0.46015625 0.375 0.0140625 0.01640625
0 0.40703125 0.3625 0.0046875 0.0140625
0 0.36875 0.3234375 0.0125 0.0140625
0 0.14921875 0.58359375 0.0171875 0.03359375
0 0.47421875 0.309375 0.0109375 0.01953125
0 0.54921875 0.35703125 0.0078125 0.01953125
0 0.48828125 0.35546875 0.0109375 0.01640625
0 0.69921875 0.290625 0.0203125 0.0140625
0 0.703125 0.2890625 0.0125 0.0109375
0 0.5234375 0.36953125 0.0125 0.028125
0 0.53671875 0.3609375 0.0109375 0.01640625
0 0.5421875 0.3625 0.05 0.08046875
0 0.0046875 0.2484375 0.009375 0.03046875