1 0.70625 0.4984375 0.109375 0.203125
1 0.35390625 0.44296875 0.0453125 0.0859375
1 0.41875 0.409375 0.040625 0.09140625
1 0.61953125 0.43046875 0.0421875 0.078125
1 0.45390625 0.375 0.0203125 0.0390625
0 0.18984375 0.84453125 0.1234375 0.15546875
0 0.39296875 0.6234375 0.0515625 0.075
0 0.44296875 0.49296875 0.0265625 0.04140625
0 0.2921875 0.95390625 0.109375 0.0859375
0 0.55546875 0.4609375 0.0265625 0.0390625
0 0.58046875 0.403125 0.0140625 0.021875
0 0.3515625 0.5375 0.040625 0.06953125
0 0.25625 0.59453125 0.065625 0.08359375
0 0.29296875 0.53359375 0.0421875 0.05546875
0 0.46328125 0.42109375 0.0171875 0.025
0 0.521875 0.378125 0.0125 0.021875
0 0.54765625 0.38203125 0.0140625 0.01953125
0 0.47265625 0.39609375 0.0140625 0.025
0 0.55 0.35703125 0.009375 0.0140625
0 0.44453125 0.40390625 0.0109375 0.025
0 0.49921875 0.3390625 0.0078125 0.01640625
0 0.48671875 0.3625 0.0109375 0.01953125
0 0.5375 0.3640625 0.009375 0.01640625
0 0.5171875 0.3234375 0.009375 0.0140625
0 0.40546875 0.3640625 0.0078125 0.01640625
0 0.4796875 0.38203125 0.009375 0.0140625
0 0.25625 0.56953125 0.040625 0.03359375
0 0.465625 0.3640625 0.009375 0.01640625
0 0.440625 0.3734375 0.00625 0.01953125