1 0.371875 0.421875 0.05625 0.09453125
1 0.553125 0.35546875 0.0125 0.03359375
0 0.2921875 0.66796875 0.071875 0.09140625
0 0.6265625 0.52890625 0.034375 0.053125
0 0.04453125 0.85703125 0.0890625 0.14140625
0 0.39375 0.64296875 0.05 0.08046875
0 0.56796875 0.421875 0.0171875 0.028125
0 0.4359375 0.503125 0.03125 0.04453125
0 0.365625 0.521875 0.0375 0.05
0 0.5328125 0.4234375 0.01875 0.025
0 0.39296875 0.4765625 0.0234375 0.0359375
0 0.4234375 0.43359375 0.01875 0.028125
0 0.44921875 0.45546875 0.0203125 0.03359375
0 0.54375 0.38046875 0.0125 0.01640625
0 0.46015625 0.41953125 0.0171875 0.021875
0 0.43125 0.38359375 0.0125 0.01640625
0 0.44140625 0.3984375 0.0140625 0.01953125
0 0.4671875 0.40390625 0.0125 0.025
0 0.40625 0.3640625 0.00625 0.01640625
0 0.44296875 0.371875 0.0109375 0.01640625
0 0.5234375 0.38203125 0.015625 0.025
0 0.54140625 0.32890625 0.0078125 0.0140625
0 0.52109375 0.3625 0.0109375 0.0140625
0 0.475 0.384375 0.009375 0.01953125
0 0.53046875 0.33046875 0.0078125 0.0109375
0 0.53515625 0.3640625 0.0078125 0.0109375
0 0.4546875 0.346875 0.015625 0.01640625
0 0.46015625 0.378125 0.0078125 0.01640625
0 0.45546875 0.38046875 0.0140625 0.021875
0 0.55390625 0.3625 0.0109375 0.01953125