1 0.8546875 0.6625 0.25625 0.36953125
0 0.390625 0.69140625 0.0625 0.09453125
0 0.4203125 0.53359375 0.0375 0.0609375
0 0.29140625 0.534375 0.0421875 0.053125
0 0.72265625 0.70859375 0.0765625 0.1109375
0 0.3796875 0.4390625 0.021875 0.03359375
0 0.603125 0.65546875 0.053125 0.1
0 0.3171875 0.590625 0.05625 0.075
0 0.421875 0.4375 0.025 0.03046875
0 0.6125 0.44140625 0.01875 0.028125
0 0.4515625 0.4390625 0.021875 0.03359375
0 0.66015625 0.503125 0.0328125 0.04453125
0 0.5671875 0.4265625 0.015625 0.025
0 0.53125 0.40546875 0.015625 0.028125
0 0.425 0.3875 0.015625 0.01953125
0 0.440625 0.4 0.015625 0.021875
0 0.559375 0.371875 0.009375 0.01640625
0 0.4765625 0.38203125 0.0125 0.01953125
0 0.575 0.39453125 0.0125 0.01640625
0 0.54609375 0.325 0.0078125 0.0109375
0 0.459375 0.35859375 0.009375 0.0109375
0 0.40625 0.3625 0.00625 0.0140625
0 0.55078125 0.35859375 0.0109375 0.01640625
0 0.4609375 0.3734375 0.009375 0.01953125
0 0.5046875 0.35703125 0.009375 0.01953125
0 0.45390625 0.384375 0.0109375 0.01953125
0 0.57421875 0.3875 0.0140625 0.025
0 0.53203125 0.35 0.0078125 0.01640625
0 0.92734375 0.67109375 0.1078125 0.125
0 0.44140625 0.3734375 0.0109375 0.01953125
0 0.48203125 0.3640625 0.0109375 0.01640625
0 0.521875 0.371875 0.0125 0.01640625
0 0.99296875 0.52109375 0.0109375 0.06953125