1 0.646875 0.515625 0.1 0.20859375
0 0.42890625 0.496875 0.0328125 0.04453125
0 0.5796875 0.4015625 0.015625 0.025
0 0.715625 0.5609375 0.04375 0.06640625
0 0.36875 0.4515625 0.028125 0.0359375
0 0.534375 0.4109375 0.01875 0.028125
0 0.3703125 0.5109375 0.0375 0.05
0 0.41953125 0.4359375 0.0203125 0.028125
0 0.45078125 0.4390625 0.0203125 0.028125
0 0.39765625 0.42109375 0.0203125 0.025
0 0.334375 0.8140625 0.1 0.16640625
0 0.55390625 0.3640625 0.0109375 0.021875
0 0.43671875 0.40703125 0.0171875 0.025
0 0.46171875 0.4125 0.0171875 0.025
0 0.4171875 0.4 0.0125 0.021875
0 0.43671875 0.37890625 0.0109375 0.01953125
0 0.4890625 0.35703125 0.009375 0.0140625
0 0.47734375 0.3765625 0.0109375 0.0140625
0 0.53984375 0.36953125 0.0109375 0.01640625
0 0.46796875 0.39140625 0.0140625 0.01640625
0 0.40625 0.365625 0.00625 0.0140625
0 0.50546875 0.35703125 0.0078125 0.0140625
0 0.5203125 0.359375 0.009375 0.0140625
0 0.54609375 0.34609375 0.0078125 0.0140625
0 0.36953125 0.325 0.0109375 0.01640625
0 0.46328125 0.36953125 0.0109375 0.01640625
0 0.44765625 0.36796875 0.0078125 0.0140625
0 0.4078125 0.40859375 0.009375 0.01640625