1 0.57890625 0.38046875 0.0296875 0.0609375
1 0.41484375 0.390625 0.0296875 0.053125
1 0.47265625 0.34609375 0.0171875 0.04140625
0 0.303125 0.925 0.109375 0.14453125
0 0.18671875 0.7 0.0921875 0.1109375
0 0.09375 0.92109375 0.165625 0.153125
0 0.60078125 0.584375 0.0453125 0.075
0 0.6671875 0.50703125 0.0375 0.046875
0 0.33125 0.4984375 0.03125 0.046875
0 0.44375 0.45859375 0.025 0.03359375
0 0.4640625 0.4125 0.015625 0.025
0 0.38828125 0.4859375 0.0328125 0.04453125
0 0.38515625 0.434375 0.0234375 0.0359375
0 0.48046875 0.36953125 0.0140625 0.021875
0 0.434375 0.409375 0.015625 0.025
0 0.52890625 0.40390625 0.0171875 0.025
0 0.5828125 0.39140625 0.01875 0.0390625
0 0.4578125 0.37890625 0.0125 0.01953125
0 0.53671875 0.34140625 0.0078125 0.01640625
0 0.43203125 0.384375 0.0078125 0.01953125
0 0.38515625 0.4640625 0.0203125 0.021875
0 0.4609375 0.353125 0.009375 0.01640625
0 0.53515625 0.36640625 0.0109375 0.01640625
0 0.42421875 0.37890625 0.0234375 0.03046875
0 0.55703125 0.37109375 0.0140625 0.0140625
0 0.40703125 0.3640625 0.0078125 0.01640625
0 0.525 0.346875 0.00625 0.01640625
0 0.5 0.34609375 0.00625 0.0140625
0 0.41171875 0.3609375 0.0171875 0.01640625
0 0.4546875 0.3640625 0.009375 0.01640625
0 0.503125 0.359375 0.009375 0.0140625