1 0.1421875 0.78203125 0.284375 0.43046875
1 0.41953125 0.41953125 0.0328125 0.0609375
1 0.44921875 0.3734375 0.0265625 0.053125
0 0.59609375 0.5984375 0.0484375 0.075
0 0.265625 0.978125 0.103125 0.0390625
0 0.3671875 0.51640625 0.040625 0.04453125
0 0.57109375 0.4265625 0.0203125 0.03046875
0 0.31015625 0.50859375 0.0359375 0.05546875
0 0.60234375 0.428125 0.0203125 0.028125
0 0.37421875 0.446875 0.0203125 0.028125
0 0.39296875 0.47109375 0.0265625 0.0359375
0 0.4453125 0.46953125 0.025 0.03359375
0 0.46796875 0.396875 0.0140625 0.021875
0 0.56015625 0.375 0.0109375 0.01640625
0 0.44921875 0.44296875 0.0203125 0.03046875
0 0.521875 0.35390625 0.009375 0.0140625
0 0.4390625 0.403125 0.0125 0.021875
0 0.40234375 0.409375 0.0078125 0.025
0 0.4265625 0.3859375 0.0125 0.01640625
0 0.50390625 0.35703125 0.0109375 0.01953125
0 0.47734375 0.38046875 0.0109375 0.01640625
0 0.46640625 0.36640625 0.0109375 0.01640625
0 0.55234375 0.3625 0.0078125 0.0140625
0 0.43359375 0.41953125 0.0078125 0.021875
0 0.40703125 0.365625 0.0046875 0.0140625
0 0.40703125 0.40703125 0.0171875 0.03046875
0 0.53125 0.34296875 0.00625 0.0140625
0 0.703125 0.290625 0.0125 0.0140625
0 0.53515625 0.3609375 0.0109375 0.01640625
0 0.2109375 0.87890625 0.028125 0.075