1 0.0296875 0.81796875 0.059375 0.303125
0 0.35703125 0.75859375 0.0765625 0.11640625
0 0.234375 0.75390625 0.09375 0.11953125
0 0.8578125 0.734375 0.090625 0.11953125
0 0.76640625 0.771875 0.0984375 0.14453125
0 0.4140625 0.57109375 0.040625 0.053125
0 0.24609375 0.6015625 0.0546875 0.06953125
0 0.36171875 0.54140625 0.0390625 0.05546875
0 0.5890625 0.4640625 0.025 0.0390625
0 0.45 0.45859375 0.025 0.03359375
0 0.34609375 0.4875 0.0328125 0.04140625
0 0.396875 0.4734375 0.028125 0.0359375
0 0.57109375 0.396875 0.0140625 0.021875
0 0.3703125 0.45703125 0.025 0.03046875
0 0.41484375 0.4390625 0.0203125 0.03359375
0 0.534375 0.4109375 0.01875 0.028125
0 0.46328125 0.4140625 0.0171875 0.028125
0 0.421875 0.39140625 0.015625 0.021875
0 0.4734375 0.384375 0.0125 0.01953125
0 0.434375 0.41796875 0.015625 0.025
0 0.40625 0.3640625 0.00625 0.01640625
0 0.44296875 0.3734375 0.0078125 0.0140625
0 0.525 0.39296875 0.015625 0.01953125
0 0.4734375 0.3109375 0.00625 0.0109375
0 0.52109375 0.3640625 0.0109375 0.0109375
0 0.45234375 0.38359375 0.0140625 0.021875
0 0.4390625 0.4 0.015625 0.021875
0 0.521875 0.34140625 0.00625 0.0109375
0 0.7 0.290625 0.021875 0.0140625
0 0.50390625 0.35703125 0.0109375 0.01953125
0 0.02890625 0.9015625 0.0578125 0.13046875
0 0.54375 0.3484375 0.009375 0.0140625
0 0.55625 0.37109375 0.009375 0.0140625
0 0.48359375 0.365625 0.0109375 0.0140625
0 0.54453125 0.325 0.0078125 0.0109375
0 0.53984375 0.37109375 0.0109375 0.0140625
0 0.46953125 0.3609375 0.0109375 0.01640625
0 0.35703125 0.475 0.0140625 0.028125