0 0.24453125 0.72890625 0.0953125 0.11953125
0 0.7890625 0.65 0.071875 0.1
0 0.40703125 0.60703125 0.0515625 0.06953125
0 0.13984375 0.7 0.0984375 0.1109375
0 0.65234375 0.54453125 0.0453125 0.0609375
0 0.58984375 0.4484375 0.0234375 0.0359375
0 0.35625 0.5359375 0.040625 0.05546875
0 0.34765625 0.48046875 0.0296875 0.0390625
0 0.375 0.44140625 0.021875 0.028125
0 0.453125 0.440625 0.021875 0.03046875
0 0.4359375 0.4734375 0.025 0.03046875
0 0.40546875 0.45703125 0.0234375 0.04140625
0 0.559375 0.37109375 0.009375 0.0140625
0 0.42421875 0.43046875 0.0203125 0.028125
0 0.43671875 0.40703125 0.0171875 0.025
0 0.53671875 0.3625 0.0109375 0.0140625
0 0.42109375 0.396875 0.0140625 0.021875
0 0.46328125 0.3984375 0.0171875 0.03046875
0 0.52109375 0.346875 0.0078125 0.0109375
0 0.43203125 0.390625 0.0140625 0.01953125
0 0.4734375 0.3140625 0.009375 0.01640625
0 0.475 0.3875 0.0125 0.025
0 0.14921875 0.58359375 0.0171875 0.03359375
0 0.6296875 0.5015625 0.0125 0.01953125
0 0.50546875 0.35703125 0.0078125 0.0140625
0 0.54765625 0.346875 0.0078125 0.0109375
0 0.4625 0.3765625 0.0125 0.0140625
0 0.40703125 0.3625 0.0046875 0.0140625