1 0.37109375 0.41796875 0.0515625 0.103125
1 0.73359375 0.553125 0.1140625 0.1890625
1 0.47890625 0.3625 0.0109375 0.025
1 0.44609375 0.3625 0.0109375 0.025
0 0.30859375 0.53046875 0.0390625 0.05
0 0.29921875 0.64609375 0.0640625 0.0859375
0 0.946875 0.86953125 0.103125 0.171875
0 0.70703125 0.9484375 0.1078125 0.096875
0 0.36328125 0.7390625 0.0734375 0.121875
0 0.39765625 0.478125 0.0296875 0.0390625
0 0.43359375 0.49609375 0.0265625 0.04140625
0 0.46484375 0.4125 0.0171875 0.025
0 0.6140625 0.49296875 0.03125 0.05859375
0 0.5609375 0.4125 0.015625 0.025
0 0.55703125 0.47890625 0.0265625 0.0359375
0 0.5953125 0.42109375 0.01875 0.025
0 0.4390625 0.40546875 0.015625 0.021875
0 0.42734375 0.42890625 0.0171875 0.025
0 0.57890625 0.40390625 0.0171875 0.01953125
0 0.54296875 0.371875 0.0109375 0.01640625
0 0.5265625 0.3734375 0.0125 0.01953125
0 0.4546875 0.38046875 0.0125 0.01640625
0 0.29140625 0.42890625 0.0109375 0.03046875
0 0.50390625 0.35703125 0.0109375 0.01953125
0 0.5421875 0.34296875 0.00625 0.0140625
0 0.484375 0.346875 0.01875 0.028125
0 0.48046875 0.340625 0.0109375 0.0140625
0 0.36953125 0.3265625 0.0109375 0.0140625
0 0.4578125 0.3609375 0.009375 0.01640625
0 0.703125 0.29296875 0.0125 0.0140625
0 0.52109375 0.353125 0.0078125 0.01640625
0 0.471875 0.38359375 0.0125 0.01640625
0 0.40625 0.3640625 0.00625 0.01640625
0 0.6171875 0.3640625 0.009375 0.01640625
0 0.6109375 0.4765625 0.021875 0.025