1 0.4125 0.3984375 0.01875 0.03046875
0 0.625 0.709375 0.065625 0.1140625
0 0.43125 0.534375 0.0375 0.053125
0 0.6203125 0.51640625 0.034375 0.05
0 0.3765625 0.5125 0.034375 0.046875
0 0.41875 0.43359375 0.025 0.0390625
0 0.3375 0.5 0.034375 0.04453125
0 0.26328125 0.70546875 0.0828125 0.1
0 0.371875 0.45 0.028125 0.04453125
0 0.5859375 0.4515625 0.025 0.0359375
0 0.546875 0.4625 0.021875 0.0359375
0 0.44453125 0.4515625 0.0109375 0.0359375
0 0.446875 0.39453125 0.015625 0.021875
0 0.58203125 0.4 0.0140625 0.021875
0 0.5703125 0.421875 0.01875 0.028125
0 0.52265625 0.359375 0.0109375 0.01953125
0 0.46953125 0.396875 0.0140625 0.021875
0 0.44296875 0.36953125 0.0109375 0.01640625
0 0.54609375 0.38046875 0.0140625 0.021875
0 0.44453125 0.44140625 0.0109375 0.01640625
0 0.44609375 0.45859375 0.0078125 0.021875
0 0.40625 0.3640625 0.00625 0.01640625
0 0.53515625 0.40390625 0.0171875 0.025
0 0.453125 0.378125 0.0125 0.01640625
0 0.46328125 0.359375 0.0109375 0.0140625
0 0.36875 0.434375 0.0125 0.01953125
0 0.4859375 0.34296875 0.015625 0.01953125
0 0.55625 0.36640625 0.00625 0.01640625
0 0.4640625 0.36640625 0.009375 0.01640625
0 0.47890625 0.38046875 0.0109375 0.01640625
0 0.47421875 0.309375 0.0078125 0.01953125
0 0.54140625 0.340625 0.0078125 0.0140625
0 0.5 0.34140625 0.009375 0.01640625
0 0.48671875 0.3625 0.0109375 0.01953125
0 0.38125 0.45546875 0.009375 0.021875
0 0.48359375 0.36640625 0.0140625 0.021875