0 0.37578125 0.71640625 0.0734375 0.10546875
0 0.33828125 0.490625 0.0328125 0.04140625
0 0.2734375 0.678125 0.08125 0.1
0 0.68984375 0.8734375 0.0953125 0.18046875
0 0.596875 0.425 0.01875 0.028125
0 0.74140625 0.60703125 0.0609375 0.075
0 0.44765625 0.4765625 0.0265625 0.0359375
0 0.1984375 0.665625 0.0875 0.0859375
0 0.415625 0.44453125 0.021875 0.03359375
0 0.65234375 0.5765625 0.0453125 0.06953125
0 0.4671875 0.40859375 0.015625 0.021875
0 0.409375 0.40859375 0.015625 0.021875
0 0.55234375 0.39453125 0.0140625 0.021875
0 0.5359375 0.35546875 0.009375 0.01640625
0 0.47890625 0.3734375 0.0109375 0.01953125
0 0.44765625 0.39296875 0.0140625 0.01953125
0 0.55078125 0.35703125 0.0078125 0.0140625
0 0.52265625 0.34609375 0.0078125 0.0140625
0 0.4421875 0.371875 0.0125 0.01640625
0 0.4640625 0.371875 0.0125 0.01640625
0 0.559375 0.371875 0.009375 0.01640625
0 0.48984375 0.334375 0.0078125 0.01953125
0 0.50390625 0.35703125 0.0109375 0.01953125
0 0.40625 0.3625 0.00625 0.0140625
0 0.5 0.3359375 0.00625 0.01640625
0 0.47734375 0.35390625 0.0109375 0.0140625
0 0.4890625 0.35703125 0.009375 0.0140625
0 0.51640625 0.325 0.0078125 0.01640625
0 0.44453125 0.37109375 0.0078125 0.0140625
0 0.5296875 0.32890625 0.009375 0.0140625
0 0.46640625 0.353125 0.0078125 0.0109375
0 0.53828125 0.34140625 0.0078125 0.0109375
0 0.55390625 0.3265625 0.0078125 0.0140625