1 0.2140625 0.69453125 0.2625 0.45546875
1 0.09453125 0.73359375 0.1890625 0.45
0 0.43125 0.534375 0.034375 0.053125
0 0.6671875 0.509375 0.03125 0.046875
0 0.3625 0.4609375 0.025 0.03359375
0 0.396875 0.41953125 0.01875 0.028125
0 0.4578125 0.43203125 0.01875 0.03046875
0 0.53984375 0.3765625 0.0140625 0.01953125
0 0.425 0.390625 0.0125 0.01953125
0 0.43046875 0.41640625 0.0171875 0.028125
0 0.40625 0.3640625 0.00625 0.01640625
0 0.44296875 0.396875 0.0140625 0.021875
0 0.47265625 0.309375 0.0078125 0.0140625
0 0.46875 0.403125 0.0125 0.021875
0 0.54140625 0.346875 0.0078125 0.0109375
0 0.5046875 0.35703125 0.009375 0.01953125
0 0.47578125 0.3890625 0.0140625 0.01640625
0 0.4625 0.37109375 0.009375 0.0140625
0 0.4390625 0.378125 0.0125 0.01640625
0 0.4984375 0.3375 0.009375 0.0140625
0 0.453125 0.3859375 0.0125 0.01640625
0 0.54296875 0.36796875 0.0109375 0.0140625
0 0.703125 0.29140625 0.0125 0.0109375
0 0.36953125 0.3265625 0.0109375 0.0140625
0 0.48203125 0.371875 0.0109375 0.01640625
0 0.5515625 0.3234375 0.00625 0.00859375
0 0.32734375 0.5015625 0.0078125 0.01953125
0 0.4515625 0.3640625 0.009375 0.01640625
0 0.47734375 0.3515625 0.0078125 0.0140625
0 0.3375 0.54453125 0.015625 0.0390625
0 0.54921875 0.3625 0.0078125 0.0140625
0 0.5203125 0.3515625 0.009375 0.0140625