0 0.36640625 0.725 0.0703125 0.10546875
0 0.14765625 0.92890625 0.1421875 0.1359375
0 0.6546875 0.4984375 0.0375 0.046875
0 0.73671875 0.71796875 0.0796875 0.125
0 0.35078125 0.553125 0.0421875 0.05546875
0 0.371875 0.4515625 0.021875 0.03046875
0 0.396875 0.471875 0.028125 0.0390625
0 0.771875 0.625 0.075 0.11640625
0 0.29453125 0.53203125 0.0453125 0.0640625
0 0.54921875 0.39296875 0.0109375 0.01953125
0 0.60078125 0.4765625 0.0265625 0.053125
0 0.45859375 0.421875 0.0171875 0.028125
0 0.42265625 0.54453125 0.0390625 0.0609375
0 0.42890625 0.3859375 0.0140625 0.01640625
0 0.440625 0.4 0.015625 0.021875
0 0.5046875 0.35703125 0.009375 0.01953125
0 0.46796875 0.403125 0.0140625 0.021875
0 0.4765625 0.38046875 0.0125 0.01640625
0 0.53515625 0.35703125 0.0078125 0.0140625
0 0.36875 0.3265625 0.009375 0.0140625
0 0.40625 0.3640625 0.00625 0.01640625
0 0.45703125 0.378125 0.0109375 0.01640625
0 0.471875 0.35859375 0.009375 0.01640625
0 0.453125 0.36640625 0.009375 0.01640625
0 0.4828125 0.34453125 0.009375 0.01640625
0 0.540625 0.33203125 0.00625 0.0140625
0 0.53203125 0.3484375 0.0078125 0.0140625
0 0.51796875 0.32890625 0.0109375 0.0140625
0 0.44453125 0.3734375 0.0109375 0.0140625
0 0.4734375 0.3109375 0.00625 0.0109375
0 0.53359375 0.35390625 0.0109375 0.01953125
0 0.484375 0.36640625 0.009375 0.01640625
0 0.30703125 0.5234375 0.0203125 0.046875