1 0.44296875 0.38046875 0.0265625 0.0609375
0 0.2125 0.77890625 0.1 0.11953125
0 0.85234375 0.74453125 0.0921875 0.128125
0 0.3078125 0.90546875 0.109375 0.171875
0 0.6859375 0.525 0.040625 0.0609375
0 0.23828125 0.59453125 0.0578125 0.06640625
0 0.3640625 0.45546875 0.025 0.03359375
0 0.41328125 0.44609375 0.0203125 0.03046875
0 0.42578125 0.5625 0.0421875 0.05859375
0 0.38046875 0.5 0.0328125 0.04453125
0 0.578125 0.515625 0.034375 0.053125
0 0.60234375 0.42890625 0.0203125 0.025
0 0.45 0.4375 0.021875 0.03046875
0 0.42109375 0.39296875 0.0140625 0.01953125
0 0.465625 0.40546875 0.015625 0.021875
0 0.54296875 0.434375 0.0203125 0.0359375
0 0.5953125 0.47109375 0.025 0.0359375
0 0.52734375 0.3859375 0.0140625 0.021875
0 0.53671875 0.4125 0.0171875 0.025
0 0.575 0.3984375 0.015625 0.01953125
0 0.5484375 0.3484375 0.009375 0.0140625
0 0.475 0.38046875 0.0125 0.01640625
0 0.52265625 0.35390625 0.0109375 0.0140625
0 0.50390625 0.35859375 0.0109375 0.01640625
0 0.06171875 0.99140625 0.0921875 0.0109375
0 0.53203125 0.41640625 0.0078125 0.01640625
0 0.40625 0.365625 0.00625 0.0140625
0 0.48359375 0.36640625 0.0109375 0.01640625
0 0.5671875 0.384375 0.0125 0.0140625
0 0.56015625 0.3734375 0.0109375 0.01953125
0 0.4625 0.37109375 0.0125 0.01953125
0 0.36640625 0.39453125 0.0109375 0.01640625
0 0.48828125 0.35546875 0.0109375 0.01640625
0 0.5765625 0.5 0.025 0.021875
0 0.57109375 0.3890625 0.0109375 0.01640625
0 0.54375 0.38046875 0.0125 0.01640625