1 0.4203125 0.5265625 0.04375 0.096875
1 0.278125 0.53359375 0.071875 0.11640625
0 0.2515625 0.740625 0.084375 0.103125
0 0.58828125 0.58046875 0.0453125 0.071875
0 0.30390625 0.909375 0.1140625 0.175
0 0.38671875 0.434375 0.0171875 0.03046875
0 0.71328125 0.57109375 0.0515625 0.06953125
0 0.4171875 0.434375 0.021875 0.03046875
0 0.6296875 0.471875 0.028125 0.0390625
0 0.61875 0.44609375 0.025 0.0359375
0 0.5421875 0.3765625 0.0125 0.01953125
0 0.46171875 0.41640625 0.0171875 0.021875
0 0.42578125 0.3859375 0.0109375 0.021875
0 0.45234375 0.384375 0.0140625 0.01953125
0 0.4109375 0.40390625 0.0125 0.01953125
0 0.521875 0.34453125 0.009375 0.01640625
0 0.440625 0.46953125 0.034375 0.0609375
0 0.40625 0.3640625 0.00625 0.0109375
0 0.484375 0.36796875 0.009375 0.0140625
0 0.4515625 0.3609375 0.009375 0.01640625
0 0.446875 0.36796875 0.009375 0.0140625
0 0.48125 0.346875 0.0125 0.01640625
0 0.50546875 0.35703125 0.0078125 0.0140625
0 0.71953125 0.5859375 0.0359375 0.0390625
0 0.36953125 0.3265625 0.0109375 0.0140625
0 0.465625 0.4 0.015625 0.021875
0 0.46875 0.3734375 0.015625 0.01953125
0 0.44609375 0.45 0.0171875 0.021875
0 0.47109375 0.3890625 0.0140625 0.01640625
0 0.703125 0.29140625 0.0125 0.0109375
0 0.41640625 0.3984375 0.0078125 0.0140625
0 0.4734375 0.35546875 0.009375 0.0109375
0 0.62265625 0.453125 0.0171875 0.021875