1 0.41796875 0.390625 0.0171875 0.03046875
0 0.4109375 0.58046875 0.046875 0.06640625
0 0.73515625 0.93359375 0.1234375 0.128125
0 0.290625 0.9234375 0.11875 0.146875
0 0.340625 0.5625 0.05 0.06953125
0 0.60390625 0.49453125 0.0359375 0.0609375
0 0.33046875 0.5 0.0328125 0.04453125
0 0.67734375 0.515625 0.0453125 0.075
0 0.528125 0.39296875 0.015625 0.025
0 0.384375 0.4375 0.021875 0.03046875
0 0.453125 0.44296875 0.021875 0.03046875
0 0.40859375 0.45703125 0.0234375 0.0359375
0 0.59140625 0.41640625 0.0171875 0.021875
0 0.5546875 0.40390625 0.015625 0.025
0 0.46640625 0.40703125 0.0171875 0.025
0 0.565625 0.3765625 0.0125 0.01953125
0 0.44453125 0.396875 0.0140625 0.021875
0 0.40625 0.3640625 0.00625 0.01640625
0 0.5484375 0.35703125 0.009375 0.0140625
0 0.43984375 0.375 0.0109375 0.01640625
0 0.46328125 0.36953125 0.0109375 0.01640625
0 0.50546875 0.35546875 0.0078125 0.01640625
0 0.53125 0.34609375 0.009375 0.01953125
0 0.44921875 0.365625 0.0109375 0.0140625
0 0.48359375 0.36953125 0.0109375 0.01640625
0 0.55859375 0.3859375 0.0140625 0.01640625
0 0.4515625 0.38359375 0.0125 0.01640625
0 0.521875 0.35546875 0.009375 0.01640625
0 0.6984375 0.290625 0.01875 0.0140625
0 0.69296875 0.290625 0.0078125 0.0140625
0 0.4765625 0.38359375 0.0125 0.01640625