1 0.2953125 0.56953125 0.153125 0.3
1 0.41796875 0.37890625 0.0265625 0.053125
1 0.44765625 0.35703125 0.0171875 0.0359375
0 0.1109375 0.7515625 0.1 0.10859375
0 0.58125 0.4015625 0.015625 0.025
0 0.45078125 0.4484375 0.0234375 0.03046875
0 0.41328125 0.56640625 0.0390625 0.0609375
0 0.34375 0.80546875 0.090625 0.15
0 0.396875 0.46796875 0.021875 0.0359375
0 0.3984375 0.41796875 0.015625 0.025
0 0.5328125 0.396875 0.015625 0.021875
0 0.43203125 0.41796875 0.0140625 0.025
0 0.55234375 0.3890625 0.0140625 0.021875
0 0.47265625 0.39140625 0.0109375 0.021875
0 0.4453125 0.39453125 0.0125 0.021875
0 0.37890625 0.528125 0.0140625 0.0390625
0 0.328125 0.553125 0.028125 0.028125
0 0.553125 0.3640625 0.009375 0.01640625
0 0.3734375 0.496875 0.009375 0.021875
0 0.50546875 0.35546875 0.0078125 0.01640625
0 0.48125 0.371875 0.0125 0.01640625
0 0.54140625 0.371875 0.0109375 0.01640625
0 0.45703125 0.38046875 0.0109375 0.01640625
0 0.53828125 0.328125 0.0078125 0.0109375
0 0.446875 0.37109375 0.009375 0.0140625
0 0.521875 0.359375 0.009375 0.0140625
0 0.5234375 0.34140625 0.00625 0.0109375
0 0.375 0.53046875 0.0125 0.0390625
0 0.5 0.340625 0.00625 0.0140625
0 0.3765625 0.51796875 0.015625 0.0640625
0 0.53359375 0.340625 0.0078125 0.00859375
0 0.46640625 0.365625 0.0109375 0.01953125
0 0.415625 0.396875 0.01875 0.021875