0 0.209375 0.646875 0.075 0.078125
0 0.83671875 0.709375 0.0859375 0.11953125
0 0.14140625 0.9140625 0.1453125 0.16640625
0 0.328125 0.91953125 0.109375 0.15546875
0 0.33828125 0.5765625 0.0515625 0.0640625
0 0.571875 0.51796875 0.028125 0.046875
0 0.428125 0.5265625 0.034375 0.046875
0 0.3046875 0.53359375 0.04375 0.05
0 0.6375 0.6984375 0.071875 0.14140625
0 0.34375 0.49609375 0.028125 0.04140625
0 0.6125 0.4390625 0.021875 0.03359375
0 0.69296875 0.528125 0.0484375 0.078125
0 0.578125 0.440625 0.021875 0.0359375
0 0.38671875 0.43046875 0.0203125 0.028125
0 0.53515625 0.4109375 0.0171875 0.028125
0 0.41484375 0.403125 0.0140625 0.021875
0 0.45859375 0.4359375 0.0203125 0.028125
0 0.4359375 0.45546875 0.025 0.03359375
0 0.64296875 0.5640625 0.0453125 0.06640625
0 0.41171875 0.440625 0.0234375 0.0359375
0 0.46953125 0.3984375 0.0140625 0.01953125
0 0.43984375 0.403125 0.0140625 0.021875
0 0.55546875 0.4 0.0140625 0.01640625
0 0.4515625 0.3875 0.0125 0.01953125
0 0.40625 0.3640625 0.00625 0.01640625
0 0.546875 0.3875 0.0125 0.01953125
0 0.52109375 0.3640625 0.0109375 0.01640625
0 0.4765625 0.3765625 0.0125 0.01953125
0 0.4875 0.35703125 0.009375 0.0140625
0 0.56484375 0.378125 0.0140625 0.01640625
0 0.4421875 0.371875 0.009375 0.01640625
0 0.49375 0.34140625 0.009375 0.01640625
0 0.5453125 0.3390625 0.009375 0.01640625
0 0.46640625 0.34453125 0.0109375 0.01640625
0 0.5046875 0.875 0.134375 0.24453125
0 0.46328125 0.36640625 0.0109375 0.01640625
0 0.45234375 0.365625 0.0109375 0.0140625
0 0.54375 0.3625 0.009375 0.0140625
0 0.52109375 0.34609375 0.0078125 0.0140625
0 0.53203125 0.34453125 0.0078125 0.01640625
0 0.69921875 0.540625 0.0359375 0.053125