1 0.13828125 0.77109375 0.2765625 0.453125
0 0.6234375 0.69296875 0.065625 0.10859375
0 0.36875 0.690625 0.06875 0.103125
0 0.43359375 0.528125 0.0328125 0.05
0 0.3734375 0.44453125 0.021875 0.028125
0 0.67265625 0.50703125 0.0359375 0.046875
0 0.640625 0.53046875 0.0375 0.05546875
0 0.35 0.546875 0.04375 0.05546875
0 0.56640625 0.521875 0.0328125 0.05
0 0.3203125 0.50703125 0.034375 0.046875
0 0.41875 0.44140625 0.025 0.03359375
0 0.58359375 0.3984375 0.0203125 0.0359375
0 0.45625 0.4265625 0.01875 0.025
0 0.54140625 0.4375 0.0203125 0.03046875
0 0.46640625 0.396875 0.0140625 0.021875
0 0.4390625 0.40859375 0.01875 0.028125
0 0.43984375 0.375 0.0109375 0.01640625
0 0.40625 0.3640625 0.00625 0.01640625
0 0.55546875 0.396875 0.0140625 0.021875
0 0.57109375 0.390625 0.0078125 0.01953125
0 0.525 0.3890625 0.0125 0.01640625
0 0.5546875 0.35546875 0.009375 0.0109375
0 0.55625 0.37109375 0.0125 0.01953125
0 0.4796875 0.371875 0.0125 0.01640625
0 0.275 0.6390625 0.01875 0.04453125
0 0.4734375 0.3125 0.009375 0.0140625
0 0.546875 0.35 0.009375 0.01640625
0 0.46328125 0.36796875 0.0109375 0.0140625
0 0.23203125 0.8109375 0.0828125 0.171875
0 0.5234375 0.37109375 0.0125 0.01953125
0 0.559375 0.3734375 0.009375 0.0140625
0 0.5046875 0.35703125 0.009375 0.0140625
0 0.521875 0.35703125 0.009375 0.0140625
0 0.53671875 0.359375 0.0109375 0.0140625
0 0.453125 0.365625 0.009375 0.0140625
0 0.490625 0.35546875 0.009375 0.0109375
0 0.265625 0.6234375 0.034375 0.075